# iteration | simulation time (ps) | potential_energy (kT) | kinetic_energy (kT) | ns per day
         0      1.0 -4450.219 3245.766 590.999
         1      2.0 -4567.851 3241.095 589.086
         2      3.0 -4722.429 3227.498 589.624
         3      4.0 -4680.686 3268.837 590.006
         4      5.0 -4975.977 3193.671 589.884
         5      6.0 -4959.265 3262.505 590.102
         6      7.0 -4925.656 3270.796 590.231
         7      8.0 -5063.263 3259.291 590.174
         8      9.0 -5153.438 3240.734 590.027
         9     10.0 -5232.026 3180.580 590.114
        10     11.0 -5361.314 3299.375 590.192
        11     12.0 -5219.994 3151.305 590.274
        12     13.0 -5229.325 3183.611 590.193
        13     14.0 -5418.418 3285.190 590.239
        14     15.0 -5433.618 3215.175 590.294
        15     16.0 -5421.707 3203.312 590.377
        16     17.0 -5354.195 3319.375 590.311
        17     18.0 -5435.350 3258.422 590.368
        18     19.0 -5453.838 3245.679 590.421
        19     20.0 -5421.050 3106.895 590.470
        20     21.0 -5468.944 3363.011 590.428
        21     22.0 -5505.303 3257.654 590.486
        22     23.0 -5501.533 3112.735 590.521
        23     24.0 -5610.392 3189.677 590.563
        24     25.0 -5641.272 3088.289 590.506
        25     26.0 -5656.176 3161.354 590.539
        26     27.0 -5662.429 3190.111 590.563
        27     28.0 -5623.882 3267.855 590.599
        28     29.0 -5685.006 3218.223 590.566
        29     30.0 -5624.736 3272.322 590.600
        30     31.0 -5657.715 3317.365 590.631
        31     32.0 -5647.561 3138.884 590.645
        32     33.0 -5700.310 3280.310 590.612
        33     34.0 -5744.066 3142.593 590.643
        34     35.0 -5746.972 3410.929 590.660
        35     36.0 -5668.609 3320.016 590.690
        36     37.0 -5842.313 3177.362 590.668
        37     38.0 -5753.711 3220.055 585.294
        38     39.0 -5717.874 3203.579 585.438
        39     40.0 -5830.640 3255.513 585.586
        40     41.0 -5653.358 3184.692 585.714
        41     42.0 -5764.938 3179.784 585.815
        42     43.0 -5925.505 3287.147 585.941
        43     44.0 -5790.944 3144.357 586.054
        44     45.0 -5886.570 3185.837 586.170
        45     46.0 -5789.281 3138.440 586.243
        46     47.0 -5793.157 3154.272 586.324
        47     48.0 -5820.816 3074.056 586.420
        48     49.0 -5889.636 3209.738 586.510
        49     50.0 -5730.034 3204.892 586.553
        50     51.0 -5848.904 3097.513 586.642
        51     52.0 -5912.162 3139.754 586.738
        52     53.0 -5778.797 3164.240 586.818
        53     54.0 -5869.453 3250.452 586.892
        54     55.0 -5908.522 3212.751 586.981
        55     56.0 -5900.347 3157.188 587.059
        56     57.0 -5897.334 3239.704 587.124
        57     58.0 -6011.207 3256.931 587.154
        58     59.0 -5852.792 3203.440 587.202
        59     60.0 -5917.642 3170.196 587.246
        60     61.0 -5838.638 3241.681 587.304
        61     62.0 -5977.009 3196.145 587.345
        62     63.0 -5975.020 3213.284 587.395
        63     64.0 -5831.187 3224.103 587.449
        64     65.0 -5879.234 3184.161 587.500
        65     66.0 -5876.766 3199.663 587.523
        66     67.0 -5885.599 3269.941 587.561
        67     68.0 -5897.974 3209.148 587.606
        68     69.0 -5911.481 3207.005 587.654
        69     70.0 -5968.397 3176.689 587.688
        70     71.0 -5950.158 3212.981 587.731
        71     72.0 -6033.909 3267.064 587.775
        72     73.0 -5914.830 3213.405 587.806
        73     74.0 -5972.595 3320.339 587.827
        74     75.0 -5986.283 3313.494 587.857
        75     76.0 -5828.303 3237.761 587.886
        76     77.0 -5959.964 3309.191 587.912
        77     78.0 -5992.770 3342.553 587.930
        78     79.0 -6075.940 3328.012 587.960
        79     80.0 -5943.112 3284.307 587.991
        80     81.0 -5946.370 3274.596 588.020
        81     82.0 -6069.850 3269.964 585.442
        82     83.0 -6014.063 3249.642 585.509
        83     84.0 -6014.775 3351.155 585.581
        84     85.0 -5964.534 3286.838 585.642
        85     86.0 -6102.543 3248.317 585.683
        86     87.0 -6012.170 3263.069 585.740
        87     88.0 -6057.289 3271.494 585.801
        88     89.0 -5971.087 3235.712 585.854
        89     90.0 -6075.700 3250.159 585.886
        90     91.0 -6015.516 3303.534 585.947
        91     92.0 -6031.327 3229.656 586.010
        92     93.0 -5972.799 3162.311 586.065
        93     94.0 -6053.186 3262.070 586.101
        94     95.0 -5999.653 3185.034 586.153
        95     96.0 -6055.571 3164.075 586.207
        96     97.0 -6096.279 3234.277 586.257
        97     98.0 -5942.916 3222.759 586.295
        98     99.0 -5986.413 3234.810 586.341
        99    100.0 -6107.849 3213.019 586.391
