# iteration | simulation time (ps) | potential_energy (kT) | kinetic_energy (kT) | ns per day
         0      1.0 -4501.494 3252.773 584.898
         1      2.0 -4866.807 3122.694 590.184
         2      3.0 -5119.814 3301.921 592.721
         3      4.0 -5250.496 3214.659 594.063
         4      5.0 -5173.361 3231.716 594.550
         5      6.0 -5268.582 3066.682 595.171
         6      7.0 -5313.085 3277.553 595.668
         7      8.0 -5260.159 3266.202 595.834
         8      9.0 -5267.081 3284.495 595.892
         9     10.0 -5269.529 3263.284 596.145
        10     11.0 -5340.719 3210.960 596.335
        11     12.0 -5406.453 3246.552 596.481
        12     13.0 -5391.764 3299.329 596.468
        13     14.0 -5465.454 3235.237 596.584
        14     15.0 -5518.083 3309.687 596.681
        15     16.0 -5597.278 3217.161 596.779
        16     17.0 -5465.867 3142.056 596.753
        17     18.0 -5511.676 3107.334 596.776
        18     19.0 -5549.655 3101.767 596.821
        19     20.0 -5456.471 3184.470 596.862
        20     21.0 -5443.472 3140.855 596.850
        21     22.0 -5550.465 3246.457 596.888
        22     23.0 -5575.385 3282.576 596.901
        23     24.0 -5599.156 3231.063 596.959
        24     25.0 -5538.962 3194.277 596.921
        25     26.0 -5539.021 3128.481 596.955
        26     27.0 -5663.970 3190.457 596.985
        27     28.0 -5595.459 3325.204 597.019
        28     29.0 -5543.309 3191.369 596.982
        29     30.0 -5548.119 3146.356 597.029
        30     31.0 -5490.272 3241.843 597.071
        31     32.0 -5632.150 3256.095 597.106
        32     33.0 -5501.150 3148.623 597.085
        33     34.0 -5564.514 3230.214 597.116
        34     35.0 -5748.396 3283.098 597.145
        35     36.0 -5676.804 3248.566 597.180
        36     37.0 -5571.035 3260.758 597.163
        37     38.0 -5726.156 3299.528 591.546
        38     39.0 -5616.465 3225.420 591.689
        39     40.0 -5523.407 3312.156 591.833
        40     41.0 -5636.305 3096.829 591.955
        41     42.0 -5632.578 3194.361 592.045
        42     43.0 -5692.026 3191.291 592.137
        43     44.0 -5632.181 3179.171 592.226
        44     45.0 -5748.774 3216.140 592.287
        45     46.0 -5677.369 3229.714 592.356
        46     47.0 -5646.770 3205.328 592.459
        47     48.0 -5780.184 3292.879 592.559
        48     49.0 -5700.582 3235.867 592.659
        49     50.0 -5743.165 3122.484 592.768
        50     51.0 -5730.683 3288.953 592.880
        51     52.0 -5721.307 3230.581 592.984
        52     53.0 -5738.322 3110.202 593.093
        53     54.0 -5636.456 3234.573 593.169
        54     55.0 -5756.445 3210.622 593.265
        55     56.0 -5673.025 3153.197 593.372
        56     57.0 -5738.378 3272.451 593.467
        57     58.0 -5768.888 3261.891 593.537
        58     59.0 -5723.205 3319.585 593.629
        59     60.0 -5718.215 3173.109 593.701
        60     61.0 -5734.458 3299.294 593.771
        61     62.0 -5706.905 3300.020 593.828
        62     63.0 -5683.427 3196.708 593.896
        63     64.0 -5742.935 3165.296 593.954
        64     65.0 -5700.133 3279.931 594.003
        65     66.0 -5733.928 3224.122 594.033
        66     67.0 -5789.206 3179.858 594.082
        67     68.0 -5747.920 3133.444 594.125
        68     69.0 -5626.261 3323.133 594.164
        69     70.0 -5731.609 3278.240 594.192
        70     71.0 -5734.620 3276.788 594.230
        71     72.0 -5733.085 3197.295 594.272
        72     73.0 -5742.190 3204.096 594.312
        73     74.0 -5712.239 3142.346 594.337
        74     75.0 -5619.283 3145.971 594.373
        75     76.0 -5728.616 3180.729 594.418
        76     77.0 -5719.423 3160.502 594.461
        77     78.0 -5678.555 3229.190 594.491
        78     79.0 -5678.769 3173.682 594.527
        79     80.0 -5773.531 3150.116 594.567
        80     81.0 -5649.557 3176.634 594.601
        81     82.0 -5660.827 3321.748 592.026
        82     83.0 -5775.806 3173.107 592.076
        83     84.0 -5766.899 3208.504 592.133
        84     85.0 -5802.882 3117.543 592.173
        85     86.0 -5711.092 3296.220 592.195
        86     87.0 -5788.912 3213.927 592.227
        87     88.0 -5811.148 3185.349 592.272
        88     89.0 -5821.462 3204.260 592.311
        89     90.0 -5768.715 3250.813 592.343
        90     91.0 -5845.390 3299.672 592.398
        91     92.0 -5785.645 3176.606 592.458
        92     93.0 -5846.046 3073.246 592.515
        93     94.0 -5866.054 3182.066 592.557
        94     95.0 -5861.254 3237.324 592.609
        95     96.0 -5847.554 3234.531 592.663
        96     97.0 -5866.257 3337.752 592.717
        97     98.0 -5903.536 3150.032 592.752
        98     99.0 -5802.388 3250.106 592.809
        99    100.0 -5842.713 3142.297 592.867
