# iteration | simulation time (ps) | potential_energy (kT) | kinetic_energy (kT) | ns per day
         0      1.0 -4309.251 3284.189 547.712
         1      2.0 -4581.090 3157.010 558.791
         2      3.0 -4656.521 3148.079 568.814
         3      4.0 -4665.186 3205.819 574.338
         4      5.0 -4963.810 3198.231 577.678
         5      6.0 -4858.170 3176.338 579.927
         6      7.0 -4903.254 3317.388 581.394
         7      8.0 -5029.169 3250.279 582.491
         8      9.0 -4963.054 3276.602 583.439
         9     10.0 -5117.877 3313.634 584.229
        10     11.0 -5129.400 3259.113 584.756
        11     12.0 -5203.174 3243.972 585.320
        12     13.0 -5154.264 3138.857 585.779
        13     14.0 -5177.176 3280.888 586.196
        14     15.0 -5174.772 3225.723 586.477
        15     16.0 -5096.148 3195.384 586.813
        16     17.0 -5212.367 3224.765 587.092
        17     18.0 -5184.667 3215.963 587.333
        18     19.0 -5256.757 3232.285 587.478
        19     20.0 -5206.354 3219.777 587.702
        20     21.0 -5227.984 3183.884 587.896
        21     22.0 -5237.164 3297.077 588.076
        22     23.0 -5208.108 3133.696 588.185
        23     24.0 -5179.774 3223.961 588.346
        24     25.0 -5275.102 3258.003 588.483
        25     26.0 -5317.583 3153.383 588.606
        26     27.0 -5323.403 3229.773 588.638
        27     28.0 -5375.374 3271.478 588.739
        28     29.0 -5374.231 3239.547 588.832
        29     30.0 -5291.053 3299.376 588.919
        30     31.0 -5238.682 3219.555 582.318
        31     32.0 -5433.869 3215.102 582.569
        32     33.0 -5380.250 3209.351 582.812
        33     34.0 -5280.115 3111.622 583.046
        34     35.0 -5361.974 3167.171 583.215
        35     36.0 -5469.798 3260.444 583.385
        36     37.0 -5457.117 3268.830 583.534
        37     38.0 -5367.048 3203.951 583.685
        38     39.0 -5504.741 3262.284 583.787
        39     40.0 -5305.267 3166.796 583.926
        40     41.0 -5310.833 3162.044 584.071
        41     42.0 -5479.768 3214.098 584.217
        42     43.0 -5414.381 3111.524 584.319
        43     44.0 -5435.301 3220.511 584.449
        44     45.0 -5380.712 3165.691 584.582
        45     46.0 -5344.840 3136.980 584.706
        46     47.0 -5492.025 3218.207 584.787
        47     48.0 -5482.354 3299.429 584.920
        48     49.0 -5444.762 3173.437 585.048
        49     50.0 -5390.370 3187.193 585.177
        50     51.0 -5461.779 3129.042 585.264
        51     52.0 -5549.480 3266.851 585.377
        52     53.0 -5600.111 3109.890 585.479
        53     54.0 -5590.833 3132.774 585.583
        54     55.0 -5521.351 3326.693 585.655
        55     56.0 -5534.673 3182.520 585.746
        56     57.0 -5493.395 3138.087 585.835
        57     58.0 -5589.232 3171.870 585.927
        58     59.0 -5471.446 3195.845 585.987
        59     60.0 -5421.822 3269.915 586.068
        60     61.0 -5449.565 3246.024 586.148
        61     62.0 -5518.249 3216.679 586.231
        62     63.0 -5538.829 3170.128 586.284
        63     64.0 -5569.245 3261.930 586.358
        64     65.0 -5584.062 3173.874 586.421
        65     66.0 -5591.823 3206.470 586.481
        66     67.0 -5509.378 3237.199 586.519
        67     68.0 -5510.338 3238.323 586.580
        68     69.0 -5644.806 3217.259 586.635
        69     70.0 -5446.808 3197.081 586.700
        70     71.0 -5511.126 3201.702 586.737
        71     72.0 -5585.884 3198.496 586.788
        72     73.0 -5585.212 3175.526 586.834
        73     74.0 -5627.874 3260.501 586.882
        74     75.0 -5540.823 3298.042 584.111
        75     76.0 -5544.264 3164.275 584.200
        76     77.0 -5540.020 3302.825 584.276
        77     78.0 -5502.973 3363.962 584.356
        78     79.0 -5466.869 3248.088 584.408
        79     80.0 -5655.352 3286.147 584.482
        80     81.0 -5536.362 3098.360 584.549
        81     82.0 -5485.945 3331.781 584.625
        82     83.0 -5438.849 3051.927 584.669
        83     84.0 -5486.797 3232.136 584.744
        84     85.0 -5504.036 3259.088 584.812
        85     86.0 -5568.004 3285.182 584.886
        86     87.0 -5597.843 3244.223 584.934
        87     88.0 -5626.641 3208.322 585.005
        88     89.0 -5533.742 3171.174 585.070
        89     90.0 -5629.475 3213.767 585.134
        90     91.0 -5542.604 3202.938 585.176
        91     92.0 -5557.658 3298.101 585.238
        92     93.0 -5499.090 3152.000 585.297
        93     94.0 -5590.979 3147.585 585.358
        94     95.0 -5673.023 3196.320 585.398
        95     96.0 -5448.102 3182.736 585.455
        96     97.0 -5590.212 3194.618 585.514
        97     98.0 -5633.272 3214.529 585.574
        98     99.0 -5605.786 3269.519 585.608
        99    100.0 -5616.284 3215.723 585.665
