# iteration | simulation time (ps) | potential_energy (kT) | kinetic_energy (kT) | ns per day
         0      1.0 -4388.063 3216.112 594.313
         1      2.0 -4597.807 3225.648 592.904
         2      3.0 -4897.231 3371.261 592.437
         3      4.0 -4867.493 3102.868 591.870
         4      5.0 -4994.370 3179.438 591.848
         5      6.0 -5006.429 3290.162 591.890
         6      7.0 -4953.378 3272.850 591.893
         7      8.0 -5004.108 3151.343 591.523
         8      9.0 -5071.838 3209.920 591.518
         9     10.0 -5126.377 3298.967 591.531
        10     11.0 -5086.557 3188.890 591.502
        11     12.0 -5130.578 3243.562 591.370
        12     13.0 -5219.264 3188.302 591.385
        13     14.0 -5197.675 3206.671 591.413
        14     15.0 -5159.069 3234.242 591.394
        15     16.0 -5131.628 3130.121 578.564
        16     17.0 -5243.216 3254.718 579.300
        17     18.0 -5177.546 3373.963 579.999
        18     19.0 -5191.873 3158.307 580.615
        19     20.0 -5264.697 3231.607 581.026
        20     21.0 -5256.676 3212.422 581.463
        21     22.0 -5244.007 3108.400 581.884
        22     23.0 -5323.180 3187.555 582.245
        23     24.0 -5157.741 3186.154 582.523
        24     25.0 -5211.942 3198.341 582.817
        25     26.0 -5283.092 3181.234 583.111
        26     27.0 -5252.588 3212.119 583.414
        27     28.0 -5366.446 3128.182 583.631
        28     29.0 -5234.126 3253.358 583.890
        29     30.0 -5327.235 3241.544 584.144
        30     31.0 -5304.416 3264.645 584.373
        31     32.0 -5322.361 3233.000 584.538
        32     33.0 -5259.945 3189.340 584.745
        33     34.0 -5396.067 3195.068 584.950
        34     35.0 -5244.295 3222.057 585.134
        35     36.0 -5385.390 3241.913 585.256
        36     37.0 -5322.843 3295.814 585.420
        37     38.0 -5291.713 3275.296 585.573
        38     39.0 -5239.520 3196.850 585.699
        39     40.0 -5311.902 3304.031 585.793
        40     41.0 -5361.365 3251.755 585.928
        41     42.0 -5398.953 3187.996 586.068
        42     43.0 -5372.701 3265.120 586.198
        43     44.0 -5423.019 3221.406 586.282
        44     45.0 -5300.452 3260.022 586.391
        45     46.0 -5424.469 3226.166 586.498
        46     47.0 -5277.653 3237.323 586.613
        47     48.0 -5340.763 3166.781 586.680
        48     49.0 -5443.976 3167.601 586.774
        49     50.0 -5414.160 3380.625 586.869
        50     51.0 -5452.801 3229.062 586.958
        51     52.0 -5420.062 3256.903 586.999
        52     53.0 -5371.825 3231.531 587.075
        53     54.0 -5397.643 3199.840 587.149
        54     55.0 -5363.045 3138.217 587.211
        55     56.0 -5311.443 3265.789 587.245
        56     57.0 -5488.720 3233.015 587.307
        57     58.0 -5349.528 3354.711 587.377
        58     59.0 -5470.054 3196.944 587.434
        59     60.0 -5482.725 3247.001 587.461
        60     61.0 -5444.834 3177.923 584.090
        61     62.0 -5611.974 3292.885 584.209
        62     63.0 -5398.374 3266.515 584.322
        63     64.0 -5461.569 3365.314 584.435
        64     65.0 -5442.750 3199.451 584.527
        65     66.0 -5393.066 3185.437 584.635
        66     67.0 -5431.118 3333.820 584.739
        67     68.0 -5494.170 3142.989 584.822
        68     69.0 -5449.220 3285.732 584.892
        69     70.0 -5384.724 3222.812 584.977
        70     71.0 -5386.644 3182.576 585.054
        71     72.0 -5492.629 3241.972 585.130
        72     73.0 -5352.034 3204.252 585.193
        73     74.0 -5487.699 3254.103 585.280
        74     75.0 -5490.807 3178.393 585.363
        75     76.0 -5444.928 3165.091 585.449
        76     77.0 -5563.309 3159.438 585.518
        77     78.0 -5570.583 3195.381 585.595
        78     79.0 -5498.956 3223.905 585.668
        79     80.0 -5601.433 3176.406 585.742
        80     81.0 -5537.194 3242.754 585.799
        81     82.0 -5542.355 3254.478 585.868
        82     83.0 -5397.840 3281.160 585.937
        83     84.0 -5372.598 3216.864 586.007
        84     85.0 -5626.848 3186.005 586.062
        85     86.0 -5536.078 3189.927 586.128
        86     87.0 -5502.651 3288.858 586.193
        87     88.0 -5362.989 3202.423 586.256
        88     89.0 -5493.144 3312.042 586.297
        89     90.0 -5529.053 3269.476 586.355
        90     91.0 -5537.733 3141.921 586.411
        91     92.0 -5620.380 3216.393 586.471
        92     93.0 -5514.376 3211.327 586.514
        93     94.0 -5595.063 3192.738 586.566
        94     95.0 -5546.348 3270.383 586.614
        95     96.0 -5618.728 3139.517 586.665
        96     97.0 -5463.996 3224.432 586.699
        97     98.0 -5468.767 3183.255 586.746
        98     99.0 -5521.511 3291.635 586.795
        99    100.0 -5606.889 3206.172 586.840
