# iteration | simulation time (ps) | potential_energy (kT) | kinetic_energy (kT) | ns per day
         0      1.0 -4163.102 3207.569 547.380
         1      2.0 -4561.219 3204.084 563.566
         2      3.0 -4859.417 3310.477 572.177
         3      4.0 -4820.275 3176.695 576.907
         4      5.0 -4987.276 3133.283 579.748
         5      6.0 -5120.813 3184.775 581.737
         6      7.0 -5204.889 3221.190 582.979
         7      8.0 -5124.607 3161.017 583.895
         8      9.0 -5303.394 3309.859 584.729
         9     10.0 -5221.661 3197.646 585.421
        10     11.0 -5349.748 3110.067 585.829
        11     12.0 -5373.711 3243.677 586.302
        12     13.0 -5435.598 3237.096 586.699
        13     14.0 -5575.951 3167.880 587.039
        14     15.0 -5443.798 3265.266 587.261
        15     16.0 -5521.244 3281.322 587.524
        16     17.0 -5519.148 3276.346 587.753
        17     18.0 -5488.476 3305.354 587.968
        18     19.0 -5437.628 3264.818 588.111
        19     20.0 -5588.515 3194.704 588.298
        20     21.0 -5612.473 3154.072 588.455
        21     22.0 -5501.381 3308.101 588.587
        22     23.0 -5582.833 3226.129 588.675
        23     24.0 -5667.844 3181.336 588.806
        24     25.0 -5620.759 3157.656 588.924
        25     26.0 -5650.725 3269.682 589.037
        26     27.0 -5630.259 3178.647 589.093
        27     28.0 -5668.156 3258.590 589.189
        28     29.0 -5640.373 3302.499 589.281
        29     30.0 -5676.153 3178.116 589.363
        30     31.0 -5610.450 3259.893 582.756
        31     32.0 -5631.993 3293.990 582.990
        32     33.0 -5652.970 3193.129 583.248
        33     34.0 -5769.162 3171.103 583.494
        34     35.0 -5712.478 3158.733 583.677
        35     36.0 -5729.321 3152.507 583.890
        36     37.0 -5681.091 3146.930 584.074
        37     38.0 -5658.169 3233.676 584.230
        38     39.0 -5720.037 3194.219 584.349
        39     40.0 -5765.032 3157.691 584.509
        40     41.0 -5884.311 3207.751 584.653
        41     42.0 -5661.552 3098.784 584.817
        42     43.0 -5803.877 3240.656 584.945
        43     44.0 -5617.892 3234.897 585.100
        44     45.0 -5805.631 3177.852 585.237
        45     46.0 -5836.900 3140.245 585.378
        46     47.0 -5680.151 3229.541 585.475
        47     48.0 -5737.421 3230.593 585.611
        48     49.0 -5689.349 3133.661 585.734
        49     50.0 -5659.769 3247.206 585.854
        50     51.0 -5762.435 3083.292 585.934
        51     52.0 -5766.081 3217.723 586.039
        52     53.0 -5801.498 3243.815 586.138
        53     54.0 -5795.126 3175.244 586.239
        54     55.0 -5697.717 3243.202 586.302
        55     56.0 -5828.841 3183.606 586.394
        56     57.0 -5778.781 3126.476 586.480
        57     58.0 -5898.036 3207.548 586.574
        58     59.0 -5808.054 3219.129 586.635
        59     60.0 -5842.298 3133.184 586.721
        60     61.0 -5671.618 3243.180 586.798
        61     62.0 -5870.661 3183.508 586.876
        62     63.0 -5817.881 3234.077 586.922
        63     64.0 -5811.595 3224.816 586.996
        64     65.0 -5860.690 3304.978 587.064
        65     66.0 -5819.152 3241.384 587.132
        66     67.0 -5769.692 3283.751 587.175
        67     68.0 -5768.628 3231.185 587.241
        68     69.0 -5753.070 3160.035 587.301
        69     70.0 -5891.622 3235.116 587.365
        70     71.0 -5898.752 3358.735 587.403
        71     72.0 -5842.083 3233.921 587.459
        72     73.0 -5862.346 3280.155 587.513
        73     74.0 -5863.366 3196.472 587.570
        74     75.0 -5690.664 3225.214 584.798
        75     76.0 -5799.371 3155.933 584.882
        76     77.0 -5959.963 3184.314 584.958
        77     78.0 -5759.086 3191.877 585.030
        78     79.0 -5759.442 3250.171 585.080
        79     80.0 -5782.518 3142.815 585.154
        80     81.0 -5838.628 3209.005 585.214
        81     82.0 -5881.257 3229.465 585.280
        82     83.0 -5821.350 3176.762 585.331
        83     84.0 -5945.763 3266.518 585.404
        84     85.0 -5828.759 3247.835 585.475
        85     86.0 -5774.160 3229.306 585.546
        86     87.0 -5853.339 3239.249 585.592
        87     88.0 -5830.998 3244.484 585.660
        88     89.0 -5818.321 3252.714 585.725
        89     90.0 -5727.585 3238.679 585.790
        90     91.0 -5774.612 3171.202 585.831
        91     92.0 -5707.686 3106.436 585.893
        92     93.0 -5829.648 3314.292 585.953
        93     94.0 -5808.799 3236.558 586.012
        94     95.0 -5768.149 3299.545 586.049
        95     96.0 -5777.424 3192.918 586.105
        96     97.0 -5757.124 3183.403 586.159
        97     98.0 -5766.397 3216.850 586.210
        98     99.0 -5887.918 3286.071 586.243
        99    100.0 -5739.989 3191.806 586.292
