# iteration | simulation time (ps) | potential_energy (kT) | kinetic_energy (kT) | ns per day
         0      1.0 -4434.183 3081.708 550.308
         1      2.0 -4854.206 3222.363 569.273
         2      3.0 -5006.347 3244.351 578.439
         3      4.0 -5035.681 3189.993 583.102
         4      5.0 -5072.180 3210.540 539.819
         5      6.0 -5175.946 3235.759 548.251
         6      7.0 -5140.767 3253.864 554.764
         7      8.0 -5200.922 3226.030 559.583
         8      9.0 -5285.470 3257.031 563.257
         9     10.0 -5253.026 3226.811 566.409
        10     11.0 -5260.920 3334.888 568.984
        11     12.0 -5371.172 3250.463 571.136
        12     13.0 -5405.396 3120.332 572.887
        13     14.0 -5338.725 3295.391 574.525
        14     15.0 -5383.383 3258.628 575.953
        15     16.0 -5332.249 3336.193 577.273
        16     17.0 -5262.129 3256.869 578.339
        17     18.0 -5434.186 3296.814 579.372
        18     19.0 -5348.836 3115.571 580.266
        19     20.0 -5483.255 3138.954 581.068
        20     21.0 -5462.923 3185.931 581.740
        21     22.0 -5368.458 3310.538 582.425
        22     23.0 -5394.421 3162.567 583.059
        23     24.0 -5438.321 3129.904 583.634
        24     25.0 -5454.496 3232.156 584.109
        25     26.0 -5406.803 3215.799 584.611
        26     27.0 -5517.331 3218.256 585.086
        27     28.0 -5381.999 3129.475 585.541
        28     29.0 -5515.161 3232.893 585.900
        29     30.0 -5542.630 3237.299 586.279
        30     31.0 -5596.521 3302.315 586.619
        31     32.0 -5534.696 3139.878 586.939
        32     33.0 -5566.021 3234.984 587.204
        33     34.0 -5603.515 3330.400 587.496
        34     35.0 -5581.069 3213.503 587.755
        35     36.0 -5518.923 3242.845 588.029
        36     37.0 -5787.913 3199.160 588.257
        37     38.0 -5490.480 3234.434 588.519
        38     39.0 -5632.751 3202.974 588.759
        39     40.0 -5646.321 3188.414 588.976
        40     41.0 -5690.293 3163.616 589.162
        41     42.0 -5592.931 3251.735 589.340
        42     43.0 -5692.788 3225.519 589.525
        43     44.0 -5632.665 3256.953 589.711
        44     45.0 -5787.628 3246.181 589.860
        45     46.0 -5631.837 3184.782 590.027
        46     47.0 -5668.824 3129.206 590.185
        47     48.0 -5634.676 3325.390 590.345
        48     49.0 -5605.200 3158.830 586.116
        49     50.0 -5619.288 3202.964 586.324
        50     51.0 -5738.256 3208.324 586.528
        51     52.0 -5745.689 3305.357 586.741
        52     53.0 -5644.704 3210.601 586.917
        53     54.0 -5712.176 3214.810 587.119
        54     55.0 -5704.406 3176.540 587.313
        55     56.0 -5686.710 3177.870 587.493
        56     57.0 -5556.080 3209.769 587.615
        57     58.0 -5729.294 3204.887 587.749
        58     59.0 -5590.101 3177.065 587.888
        59     60.0 -5795.606 3198.226 588.006
        60     61.0 -5708.412 3283.660 588.084
        61     62.0 -5703.606 3125.540 588.169
        62     63.0 -5655.120 3202.187 588.273
        63     64.0 -5593.699 3164.298 588.429
        64     65.0 -5674.459 3200.952 588.548
        65     66.0 -5667.360 3198.555 588.655
        66     67.0 -5637.556 3206.568 588.780
        67     68.0 -5831.895 3227.394 588.915
        68     69.0 -5738.832 3204.580 589.017
        69     70.0 -5710.762 3302.134 589.137
        70     71.0 -5779.569 3232.582 589.258
        71     72.0 -5642.616 3167.330 589.380
        72     73.0 -5640.473 3285.004 589.474
        73     74.0 -5748.614 3248.299 589.602
        74     75.0 -5719.856 3153.505 589.731
        75     76.0 -5601.087 3155.988 589.856
        76     77.0 -5813.005 3232.483 589.952
        77     78.0 -5728.345 3306.577 590.070
        78     79.0 -5715.188 3211.028 590.180
        79     80.0 -5661.301 3173.914 590.288
        80     81.0 -5675.494 3222.427 590.372
        81     82.0 -5685.901 3270.841 590.478
        82     83.0 -5744.400 3306.186 590.582
        83     84.0 -5631.135 3133.371 590.677
        84     85.0 -5727.446 3155.631 590.750
        85     86.0 -5703.449 3234.613 590.847
        86     87.0 -5710.120 3239.027 590.942
        87     88.0 -5659.935 3211.924 591.027
        88     89.0 -5761.158 3143.956 591.096
        89     90.0 -5676.599 3212.482 591.183
        90     91.0 -5809.320 3159.650 591.271
        91     92.0 -5778.959 3304.884 591.356
        92     93.0 -5736.570 3300.294 591.421
        93     94.0 -5833.643 3274.413 589.257
        94     95.0 -5668.125 3211.049 589.337
        95     96.0 -5738.434 3183.868 589.409
        96     97.0 -5704.199 3205.441 589.482
        97     98.0 -5852.186 3171.255 589.534
        98     99.0 -5793.762 3248.850 589.594
        99    100.0 -5769.694 3174.138 589.653
