# iteration | simulation time (ps) | potential_energy (kT) | kinetic_energy (kT) | ns per day
         0      1.0 -4035.941 3175.575 588.119
         1      2.0 -4462.036 3196.882 586.017
         2      3.0 -4610.553 3278.311 585.645
         3      4.0 -4831.505 3182.730 585.123
         4      5.0 -4718.890 3207.662 585.156
         5      6.0 -4798.130 3262.954 585.256
         6      7.0 -4872.982 3289.165 585.202
         7      8.0 -4978.698 3250.482 584.840
         8      9.0 -4925.544 3181.256 584.891
         9     10.0 -4949.361 3237.696 584.901
        10     11.0 -4978.502 3212.693 584.932
        11     12.0 -5027.506 3190.169 584.869
        12     13.0 -5127.434 3214.267 584.883
        13     14.0 -4965.767 3205.314 584.904
        14     15.0 -5043.197 3265.264 584.905
        15     16.0 -5045.467 3159.116 572.181
        16     17.0 -5207.517 3228.254 572.909
        17     18.0 -5325.036 3220.253 573.563
        18     19.0 -5192.094 3341.086 574.136
        19     20.0 -5149.207 3239.479 574.531
        20     21.0 -5127.948 3209.237 574.952
        21     22.0 -5280.483 3180.612 575.358
        22     23.0 -5257.682 3208.715 575.724
        23     24.0 -5268.837 3186.402 575.996
        24     25.0 -5297.224 3248.969 576.297
        25     26.0 -5320.880 3216.516 576.587
        26     27.0 -5358.098 3179.881 576.895
        27     28.0 -5227.949 3222.712 577.131
        28     29.0 -5376.842 3257.794 577.395
        29     30.0 -5319.736 3207.074 577.629
        30     31.0 -5418.740 3276.770 577.847
        31     32.0 -5361.548 3286.631 578.009
        32     33.0 -5353.447 3295.006 578.203
        33     34.0 -5488.383 3193.074 578.403
        34     35.0 -5445.040 3177.311 578.591
        35     36.0 -5475.022 3139.604 578.725
        36     37.0 -5459.859 3281.619 578.897
        37     38.0 -5519.302 3158.963 579.060
        38     39.0 -5447.757 3254.535 579.190
        39     40.0 -5554.124 3171.238 579.281
        40     41.0 -5449.524 3247.614 579.412
        41     42.0 -5501.588 3225.611 579.554
        42     43.0 -5542.555 3068.249 579.684
        43     44.0 -5536.498 3235.844 579.771
        44     45.0 -5558.604 3238.409 579.893
        45     46.0 -5610.944 3228.587 580.008
        46     47.0 -5632.193 3215.256 580.120
        47     48.0 -5517.091 3298.781 580.188
        48     49.0 -5591.349 3313.317 580.284
        49     50.0 -5597.956 3204.542 580.380
        50     51.0 -5592.441 3136.863 580.472
        51     52.0 -5567.634 3242.249 580.522
        52     53.0 -5545.609 3190.587 580.603
        53     54.0 -5603.646 3264.469 580.678
        54     55.0 -5693.854 3264.131 580.751
        55     56.0 -5645.407 3146.202 580.791
        56     57.0 -5696.973 3235.840 580.848
        57     58.0 -5607.823 3222.589 580.882
        58     59.0 -5581.200 3311.835 580.945
        59     60.0 -5572.142 3179.967 580.986
        60     61.0 -5722.190 3177.886 577.689
        61     62.0 -5663.198 3110.043 577.811
        62     63.0 -5710.172 3275.835 577.923
        63     64.0 -5603.470 3321.620 578.035
        64     65.0 -5646.594 3218.840 578.126
        65     66.0 -5685.690 3317.137 578.234
        66     67.0 -5674.573 3238.402 578.325
        67     68.0 -5587.507 3260.765 578.413
        68     69.0 -5677.209 3127.538 578.479
        69     70.0 -5756.234 3293.480 578.559
        70     71.0 -5766.223 3136.755 578.634
        71     72.0 -5707.642 3207.452 578.710
        72     73.0 -5644.238 3134.566 578.770
        73     74.0 -5681.050 3222.909 578.852
        74     75.0 -5693.833 3273.251 578.930
        75     76.0 -5633.730 3179.742 579.014
        76     77.0 -5726.812 3246.743 579.039
        77     78.0 -5674.756 3175.518 579.035
        78     79.0 -5775.104 3288.509 579.050
        79     80.0 -5775.588 3299.022 579.130
        80     81.0 -5827.190 3156.494 579.194
        81     82.0 -5708.672 3192.229 579.265
        82     83.0 -5789.726 3212.296 579.335
        83     84.0 -5675.088 3138.519 579.408
        84     85.0 -5695.008 3193.776 579.462
        85     86.0 -5785.666 3213.713 579.525
        86     87.0 -5809.919 3230.107 579.582
        87     88.0 -5700.248 3285.825 579.646
        88     89.0 -5856.697 3220.351 579.697
        89     90.0 -5660.202 3204.249 579.760
        90     91.0 -5672.176 3338.948 579.814
        91     92.0 -5787.527 3224.207 579.870
        92     93.0 -5714.714 3213.279 579.815
        93     94.0 -5781.759 3262.001 579.707
        94     95.0 -5743.982 3207.898 579.753
        95     96.0 -5731.837 3307.170 579.809
        96     97.0 -5780.144 3291.936 579.845
        97     98.0 -5858.213 3150.649 579.885
        98     99.0 -5819.879 3204.063 579.924
        99    100.0 -5891.216 3189.800 579.965
