# iteration | simulation time (ps) | potential_energy (kT) | kinetic_energy (kT) | ns per day
         0      1.0 -4017.103 3262.318 667.429
         1      2.0 -4292.540 3241.765 665.616
         2      3.0 -4555.946 3219.279 684.571
         3      4.0 -4643.630 3179.292 697.856
         4      5.0 -4749.408 3253.954 707.451
         5      6.0 -4859.212 3197.665 714.191
         6      7.0 -4999.969 3163.887 718.713
         7      8.0 -5031.418 3241.814 721.978
         8      9.0 -5056.192 3157.939 724.942
         9     10.0 -5061.767 3259.781 727.250
        10     11.0 -5118.626 3249.974 728.889
        11     12.0 -5212.847 3142.239 730.580
        12     13.0 -5108.804 3162.048 731.944
        13     14.0 -5147.824 3267.785 733.194
        14     15.0 -5136.730 3244.788 734.082
        15     16.0 -5220.992 3243.579 735.022
        16     17.0 -5101.145 3163.399 735.771
        17     18.0 -5163.889 3295.647 736.503
        18     19.0 -5190.762 3137.019 737.039
        19     20.0 -5267.531 3205.406 737.626
        20     21.0 -5279.782 3304.033 738.110
        21     22.0 -5257.701 3131.502 738.588
        22     23.0 -5353.823 3247.165 738.943
        23     24.0 -5322.906 3352.994 739.343
        24     25.0 -5302.742 3174.044 739.703
        25     26.0 -5291.925 3250.774 740.053
        26     27.0 -5296.570 3208.586 740.306
        27     28.0 -5339.290 3283.997 740.602
        28     29.0 -5307.118 3237.914 740.833
        29     30.0 -5384.312 3181.861 741.056
        30     31.0 -5389.508 3209.407 741.205
        31     32.0 -5306.308 3213.804 741.472
        32     33.0 -5354.731 3252.022 741.693
        33     34.0 -5399.437 3334.340 741.931
        34     35.0 -5425.481 3146.675 742.089
        35     36.0 -5285.315 3235.582 742.252
        36     37.0 -5333.189 3266.463 742.462
        37     38.0 -5373.760 3190.956 742.653
        38     39.0 -5327.749 3211.385 732.916
        39     40.0 -5369.883 3221.889 733.261
        40     41.0 -5536.841 3264.510 733.592
        41     42.0 -5465.664 3148.495 733.866
        42     43.0 -5433.099 3379.639 734.131
        43     44.0 -5599.100 3269.936 734.467
        44     45.0 -5588.959 3217.003 734.770
        45     46.0 -5652.086 3209.952 735.071
        46     47.0 -5571.300 3238.195 735.314
        47     48.0 -5627.269 3246.993 735.589
        48     49.0 -5508.943 3210.188 735.845
        49     50.0 -5683.108 3212.383 736.100
        50     51.0 -5609.259 3288.381 736.298
        51     52.0 -5646.347 3222.699 736.533
        52     53.0 -5602.477 3199.054 736.762
        53     54.0 -5726.616 3264.479 736.983
        54     55.0 -5594.884 3229.155 737.119
        55     56.0 -5707.079 3302.563 737.331
        56     57.0 -5680.258 3378.830 737.530
        57     58.0 -5816.684 3218.047 737.725
        58     59.0 -5615.976 3271.880 737.866
        59     60.0 -5475.568 3243.186 738.038
        60     61.0 -5704.662 3312.137 738.221
        61     62.0 -5710.455 3301.406 738.389
        62     63.0 -5589.024 3235.458 738.509
        63     64.0 -5638.134 3195.720 738.662
        64     65.0 -5590.386 3198.990 738.808
        65     66.0 -5659.602 3229.900 738.971
        66     67.0 -5636.467 3286.623 739.077
        67     68.0 -5541.260 3207.303 739.205
        68     69.0 -5553.800 3244.697 739.337
        69     70.0 -5632.757 3275.131 739.469
        70     71.0 -5587.464 3184.891 739.564
        71     72.0 -5583.224 3213.635 739.691
        72     73.0 -5714.678 3271.341 739.825
        73     74.0 -5715.311 3242.092 739.928
        74     75.0 -5651.001 3264.929 739.995
        75     76.0 -5661.102 3257.430 740.110
        76     77.0 -5593.793 3349.398 740.208
        77     78.0 -5577.508 3236.309 740.319
        78     79.0 -5576.465 3254.400 740.398
        79     80.0 -5548.253 3180.075 740.500
        80     81.0 -5708.267 3266.647 740.596
        81     82.0 -5596.496 3193.464 740.698
        82     83.0 -5565.198 3207.467 740.761
        83     84.0 -5660.796 3159.520 736.464
        84     85.0 -5731.037 3218.893 736.586
        85     86.0 -5628.038 3241.862 736.677
        86     87.0 -5647.047 3172.810 736.792
        87     88.0 -5679.617 3297.222 736.907
        88     89.0 -5546.691 3205.412 737.047
        89     90.0 -5619.151 3206.504 737.174
        90     91.0 -5608.810 3224.295 737.307
        91     92.0 -5654.102 3190.797 737.417
        92     93.0 -5595.751 3176.116 737.532
        93     94.0 -5695.793 3263.472 737.644
        94     95.0 -5718.869 3203.955 737.762
        95     96.0 -5688.562 3218.597 737.854
        96     97.0 -5623.411 3202.010 737.967
        97     98.0 -5707.930 3178.867 738.063
        98     99.0 -5641.729 3210.018 738.162
        99    100.0 -5785.620 3375.743 738.255
