# iteration | simulation time (ps) | potential_energy (kT) | kinetic_energy (kT) | ns per day
         0      1.0 -4208.513 3280.222 593.945
         1      2.0 -4458.387 3242.641 592.391
         2      3.0 -4563.113 3136.024 592.183
         3      4.0 -4710.140 3235.283 591.614
         4      5.0 -4783.729 3266.630 591.528
         5      6.0 -4869.208 3323.353 591.605
         6      7.0 -5018.410 3222.525 591.585
         7      8.0 -5040.799 3139.186 591.166
         8      9.0 -4947.221 3345.911 591.195
         9     10.0 -5098.112 3090.810 591.231
        10     11.0 -5079.066 3232.630 591.250
        11     12.0 -5214.438 3269.864 591.102
        12     13.0 -5258.085 3134.301 591.096
        13     14.0 -5215.496 3174.283 591.134
        14     15.0 -5172.718 3157.189 591.144
        15     16.0 -5307.397 3221.447 578.109
        16     17.0 -5267.393 3171.293 578.846
        17     18.0 -5313.079 3307.005 579.505
        18     19.0 -5323.330 3122.914 580.158
        19     20.0 -5273.125 3256.704 580.641
        20     21.0 -5362.924 3310.218 581.098
        21     22.0 -5423.609 3233.150 581.544
        22     23.0 -5299.174 3228.395 581.926
        23     24.0 -5369.065 3134.672 582.204
        24     25.0 -5373.514 3300.608 582.524
        25     26.0 -5341.003 3216.321 582.849
        26     27.0 -5432.649 3159.179 583.150
        27     28.0 -5442.602 3227.586 583.386
        28     29.0 -5512.889 3280.411 583.663
        29     30.0 -5461.101 3239.290 583.917
        30     31.0 -5379.045 3215.639 584.147
        31     32.0 -5489.928 3264.079 584.305
        32     33.0 -5516.952 3173.026 584.497
        33     34.0 -5484.859 3351.488 584.684
        34     35.0 -5432.673 3209.091 584.871
        35     36.0 -5519.129 3120.102 585.002
        36     37.0 -5595.268 3142.210 585.158
        37     38.0 -5598.246 3196.966 585.322
        38     39.0 -5521.419 3252.510 585.474
        39     40.0 -5524.435 3282.886 585.590
        40     41.0 -5431.842 3249.652 585.721
        41     42.0 -5556.710 3245.898 585.848
        42     43.0 -5526.241 3131.122 585.972
        43     44.0 -5550.331 3177.524 586.058
        44     45.0 -5518.051 3264.869 586.182
        45     46.0 -5544.687 3179.625 586.303
        46     47.0 -5533.309 3241.848 586.407
        47     48.0 -5489.201 3265.886 586.476
        48     49.0 -5519.626 3321.500 586.570
        49     50.0 -5557.512 3164.674 586.652
        50     51.0 -5596.882 3218.773 586.741
        51     52.0 -5563.267 3180.436 586.779
        52     53.0 -5646.071 3176.900 586.851
        53     54.0 -5510.341 3283.274 586.920
        54     55.0 -5593.653 3280.973 586.987
        55     56.0 -5532.285 3222.864 587.019
        56     57.0 -5638.525 3278.579 587.080
        57     58.0 -5545.921 3218.951 587.148
        58     59.0 -5610.762 3287.941 587.209
        59     60.0 -5457.770 3258.828 587.242
        60     61.0 -5665.812 3281.128 583.888
        61     62.0 -5691.508 3302.410 583.998
        62     63.0 -5567.715 3247.722 584.116
        63     64.0 -5702.456 3154.687 584.220
        64     65.0 -5671.993 3229.928 584.306
        65     66.0 -5631.230 3251.643 584.406
        66     67.0 -5585.256 3297.341 584.505
        67     68.0 -5586.369 3257.639 584.589
        68     69.0 -5615.020 3316.282 584.650
        69     70.0 -5627.270 3210.106 584.727
        70     71.0 -5605.361 3193.488 584.805
        71     72.0 -5619.298 3254.933 584.885
        72     73.0 -5558.977 3246.714 584.945
        73     74.0 -5587.868 3245.866 585.018
        74     75.0 -5727.983 3228.601 585.098
        75     76.0 -5581.745 3163.198 585.173
        76     77.0 -5615.031 3212.444 585.234
        77     78.0 -5563.856 3354.166 585.306
        78     79.0 -5662.821 3217.916 585.377
        79     80.0 -5639.121 3248.421 585.444
        80     81.0 -5588.720 3284.854 585.499
        81     82.0 -5717.434 3322.384 585.564
        82     83.0 -5726.074 3239.251 585.628
        83     84.0 -5735.849 3235.100 585.698
        84     85.0 -5697.349 3172.050 585.753
        85     86.0 -5703.499 3221.834 585.818
        86     87.0 -5762.043 3215.179 585.885
        87     88.0 -5756.656 3223.511 585.948
        88     89.0 -5761.967 3228.107 585.997
        89     90.0 -5662.405 3203.182 586.055
        90     91.0 -5619.811 3188.076 586.108
        91     92.0 -5734.230 3197.578 586.168
        92     93.0 -5720.525 3142.252 586.212
        93     94.0 -5740.215 3189.181 586.259
        94     95.0 -5705.201 3255.431 586.306
        95     96.0 -5731.949 3170.802 586.350
        96     97.0 -5680.141 3180.092 586.388
        97     98.0 -5689.185 3278.364 586.438
        98     99.0 -5784.893 3323.891 586.481
        99    100.0 -5769.624 3297.269 586.529
