# iteration | simulation time (ps) | potential_energy (kT) | kinetic_energy (kT) | ns per day
         0      1.0 -4840.559 3273.618 657.834
         1      2.0 -4962.259 3329.271 654.920
         2      3.0 -5104.526 3236.357 654.855
         3      4.0 -5056.331 3174.845 654.811
         4      5.0 -5274.547 3138.431 654.811
         5      6.0 -5210.860 3208.640 654.496
         6      7.0 -5272.093 3206.965 654.544
         7      8.0 -5409.017 3187.360 654.366
         8      9.0 -5404.808 3248.103 654.451
         9     10.0 -5363.595 3200.324 654.424
        10     11.0 -5472.135 3246.125 654.463
        11     12.0 -5449.347 3139.879 654.517
        12     13.0 -5566.520 3152.724 654.562
        13     14.0 -5559.611 3251.097 654.471
        14     15.0 -5508.367 3173.158 654.485
        15     16.0 -5515.183 3303.343 654.530
        16     17.0 -5649.955 3103.128 654.541
        17     18.0 -5689.838 3431.532 654.474
        18     19.0 -5726.341 3205.801 654.500
        19     20.0 -5539.555 3250.881 654.533
        20     21.0 -5620.211 3301.187 654.538
        21     22.0 -5843.963 3168.114 654.449
        22     23.0 -5688.924 3313.695 641.875
        23     24.0 -5892.629 3284.327 642.427
        24     25.0 -5841.783 3126.899 642.926
        25     26.0 -5790.845 3210.930 643.379
        26     27.0 -5766.171 3251.873 643.762
        27     28.0 -5690.126 3254.287 644.164
        28     29.0 -5799.961 3148.401 644.533
        29     30.0 -5840.586 3278.120 644.878
        30     31.0 -5802.265 3256.780 645.154
        31     32.0 -5780.008 3240.270 645.451
        32     33.0 -5875.590 3243.147 645.723
        33     34.0 -5763.861 3224.753 645.977
        34     35.0 -5775.832 3282.576 646.201
        35     36.0 -5800.840 3280.556 646.439
        36     37.0 -5892.059 3260.158 646.672
        37     38.0 -5850.234 3247.369 646.888
        38     39.0 -5909.745 3284.809 647.047
        39     40.0 -5861.219 3217.588 647.244
        40     41.0 -5719.050 3207.988 647.422
        41     42.0 -5814.978 3172.735 647.588
        42     43.0 -5867.311 3213.501 647.719
        43     44.0 -5930.433 3216.749 647.877
        44     45.0 -5856.013 3256.565 648.028
        45     46.0 -5891.141 3292.481 648.169
        46     47.0 -5860.810 3216.521 648.288
        47     48.0 -5807.560 3317.534 648.435
        48     49.0 -5872.431 3173.297 648.556
        49     50.0 -5881.062 3258.193 648.681
        50     51.0 -5942.651 3212.880 648.776
        51     52.0 -5905.575 3254.876 648.891
        52     53.0 -5920.856 3197.364 649.014
        53     54.0 -5990.714 3172.941 649.134
        54     55.0 -5997.317 3185.840 649.216
        55     56.0 -5915.135 3209.628 649.307
        56     57.0 -5887.735 3384.817 649.393
        57     58.0 -5945.979 3234.309 649.486
        58     59.0 -5832.619 3240.455 649.554
        59     60.0 -5769.403 3247.243 649.636
        60     61.0 -5883.728 3244.145 649.714
        61     62.0 -5971.043 3156.438 649.796
        62     63.0 -5858.433 3262.106 649.859
        63     64.0 -5961.451 3269.057 649.933
        64     65.0 -5976.311 3201.127 650.002
        65     66.0 -5940.428 3281.392 650.058
        66     67.0 -5960.115 3219.180 650.111
        67     68.0 -5874.767 3310.130 650.176
        68     69.0 -5958.800 3226.542 650.230
        69     70.0 -5858.042 3162.933 650.292
        70     71.0 -5991.416 3240.256 646.106
        71     72.0 -5912.518 3183.982 646.220
        72     73.0 -5843.957 3228.718 646.327
        73     74.0 -5877.067 3249.049 646.432
        74     75.0 -5909.068 3212.743 646.516
        75     76.0 -5903.459 3245.599 646.628
        76     77.0 -5866.342 3140.704 646.729
        77     78.0 -5958.450 3212.567 646.827
        78     79.0 -6017.419 3225.095 646.900
        79     80.0 -5960.352 3184.943 646.995
        80     81.0 -6024.481 3236.418 647.085
        81     82.0 -5975.833 3324.572 647.177
        82     83.0 -5861.660 3153.903 647.240
        83     84.0 -5987.752 3223.464 647.322
        84     85.0 -5973.087 3207.238 647.408
        85     86.0 -5956.516 3234.417 647.490
        86     87.0 -5957.628 3153.790 647.548
        87     88.0 -5845.847 3205.316 647.631
        88     89.0 -5941.645 3217.244 647.708
        89     90.0 -6073.956 3180.069 647.786
        90     91.0 -5969.917 3270.597 647.843
        91     92.0 -6023.657 3089.575 647.914
        92     93.0 -5988.556 3177.384 647.981
        93     94.0 -5879.663 3256.381 648.047
        94     95.0 -6070.366 3177.535 648.095
        95     96.0 -6019.967 3222.099 648.161
        96     97.0 -5911.106 3264.384 648.225
        97     98.0 -5956.402 3257.189 648.292
        98     99.0 -6020.188 3168.773 648.335
        99    100.0 -5924.110 3208.724 648.396
