# iteration | simulation time (ps) | potential_energy (kT) | kinetic_energy (kT) | ns per day
         0      1.0 -3819.538 3272.354 412.947
         1      2.0 -4024.074 3242.570 401.847
         2      3.0 -4119.711 3168.836 407.976
         3      4.0 -4248.072 3286.262 409.641
         4      5.0 -4491.744 3275.907 410.824
         5      6.0 -4629.566 3183.647 413.765
         6      7.0 -4695.866 3194.844 412.451
         7      8.0 -4671.343 3148.444 413.626
         8      9.0 -4734.871 3244.324 413.241
         9     10.0 -4845.187 3206.888 411.775
        10     11.0 -4875.213 3219.961 410.682
        11     12.0 -4855.685 3175.079 411.961
        12     13.0 -4855.414 3322.002 412.156
        13     14.0 -5008.575 3320.565 409.990
        14     15.0 -5097.740 3199.182 409.807
        15     16.0 -5035.933 3155.440 409.942
        16     17.0 -5036.405 3252.125 409.000
        17     18.0 -4975.563 3270.609 409.918
        18     19.0 -4955.051 3243.711 408.988
        19     20.0 -5125.681 3351.542 409.594
        20     21.0 -5157.113 3167.907 409.340
        21     22.0 -5025.372 3171.136 409.208
        22     23.0 -5198.350 3215.180 409.919
        23     24.0 -5136.649 3237.660 409.219
        24     25.0 -5147.457 3151.840 409.192
        25     26.0 -5062.061 3278.361 410.117
        26     27.0 -5074.959 3192.531 410.082
        27     28.0 -5139.873 3181.047 410.692
        28     29.0 -5205.940 3235.184 410.509
        29     30.0 -5097.782 3203.624 410.115
        30     31.0 -5172.836 3166.422 409.882
        31     32.0 -5188.182 3193.002 410.459
        32     33.0 -5156.519 3263.632 409.788
        33     34.0 -5209.178 3202.663 410.011
        34     35.0 -5156.625 3151.489 409.854
        35     36.0 -5193.450 3236.766 410.056
        36     37.0 -5146.268 3293.853 409.634
        37     38.0 -5207.457 3225.232 410.301
        38     39.0 -5208.937 3231.719 399.739
        39     40.0 -5362.707 3210.101 399.712
        40     41.0 -5238.261 3230.955 400.248
        41     42.0 -5118.037 3261.100 400.246
        42     43.0 -5188.934 3235.002 400.282
        43     44.0 -5324.502 3280.880 400.669
        44     45.0 -5239.617 3182.139 400.625
        45     46.0 -5175.687 3224.388 401.013
        46     47.0 -5268.455 3259.431 400.947
        47     48.0 -5369.724 3145.767 401.194
        48     49.0 -5200.694 3355.254 401.482
        49     50.0 -5361.887 3148.150 402.067
        50     51.0 -5274.160 3296.972 401.854
        51     52.0 -5127.574 3324.589 402.334
        52     53.0 -5296.312 3205.947 402.389
        53     54.0 -5198.235 3242.881 402.463
        54     55.0 -5303.390 3245.437 402.460
        55     56.0 -5355.141 3297.200 402.544
        56     57.0 -5317.102 3120.164 402.393
        57     58.0 -5337.113 3195.964 402.859
        58     59.0 -5380.991 3222.271 402.579
        59     60.0 -5330.173 3296.937 403.010
        60     61.0 -5222.077 3127.116 403.222
        61     62.0 -5339.822 3394.969 403.388
        62     63.0 -5335.917 3249.706 403.528
        63     64.0 -5257.861 3157.202 403.625
        64     65.0 -5263.328 3204.979 403.649
        65     66.0 -5308.876 3324.397 403.795
        66     67.0 -5387.537 3205.044 403.590
        67     68.0 -5384.742 3147.906 404.001
        68     69.0 -5391.324 3142.306 404.063
        69     70.0 -5265.823 3271.539 404.224
        70     71.0 -5383.711 3185.987 404.240
        71     72.0 -5311.810 3167.641 404.279
        72     73.0 -5276.447 3334.874 404.374
        73     74.0 -5186.319 3153.370 404.524
        74     75.0 -5386.449 3317.876 404.246
        75     76.0 -5376.161 3172.203 404.610
        76     77.0 -5272.194 3184.341 404.642
        77     78.0 -5416.689 3321.430 404.824
        78     79.0 -5296.148 3220.714 405.032
        79     80.0 -5274.176 3115.377 405.109
        80     81.0 -5371.496 3293.660 405.267
        81     82.0 -5481.118 3222.592 405.485
        82     83.0 -5306.214 3256.540 405.451
        83     84.0 -5360.331 3202.636 401.001
        84     85.0 -5357.529 3235.080 401.095
        85     86.0 -5396.460 3241.843 401.100
        86     87.0 -5395.385 3184.588 401.060
        87     88.0 -5386.899 3185.529 401.385
        88     89.0 -5409.179 3221.849 401.395
        89     90.0 -5408.220 3259.196 401.512
        90     91.0 -5687.007 3155.006 401.532
        91     92.0 -5487.149 3246.398 401.791
        92     93.0 -5511.851 3199.610 401.734
        93     94.0 -5526.774 3220.659 401.748
        94     95.0 -5361.444 3315.232 402.081
        95     96.0 -5578.222 3171.064 402.047
        96     97.0 -5493.210 3184.960 401.962
        97     98.0 -5552.232 3210.657 401.901
        98     99.0 -5474.747 3167.043 402.170
        99    100.0 -5482.225 3256.389 401.991
