# iteration | simulation time (ps) | potential_energy (kT) | kinetic_energy (kT) | ns per day
         0      1.0 -4412.562 3223.725 546.085
         1      2.0 -4755.236 3192.920 561.190
         2      3.0 -4863.451 3191.567 572.194
         3      4.0 -5056.583 3141.954 579.202
         4      5.0 -5117.056 3213.833 583.504
         5      6.0 -5019.344 3271.280 586.399
         6      7.0 -5136.000 3255.354 588.531
         7      8.0 -5148.248 3285.464 589.935
         8      9.0 -5144.293 3205.521 591.176
         9     10.0 -5256.064 3198.973 592.092
        10     11.0 -5192.334 3107.997 592.946
        11     12.0 -5113.863 3143.189 593.660
        12     13.0 -5205.701 3175.222 594.263
        13     14.0 -5244.135 3188.250 594.735
        14     15.0 -5354.085 3211.759 595.190
        15     16.0 -5249.248 3188.413 595.584
        16     17.0 -5141.043 3178.011 595.931
        17     18.0 -5108.223 3208.940 596.098
        18     19.0 -5223.895 3158.048 596.395
        19     20.0 -5379.760 3221.108 596.672
        20     21.0 -5279.242 3196.843 596.910
        21     22.0 -5112.682 3202.772 597.064
        22     23.0 -5384.169 3199.587 597.251
        23     24.0 -5422.478 3203.795 597.436
        24     25.0 -5229.321 3304.775 597.610
        25     26.0 -5353.182 3212.514 597.735
        26     27.0 -5335.194 3271.691 597.897
        27     28.0 -5357.626 3258.510 598.034
        28     29.0 -5319.899 3188.093 598.176
        29     30.0 -5349.996 3231.024 590.477
        30     31.0 -5488.917 3271.807 590.794
        31     32.0 -5377.657 3161.923 591.125
        32     33.0 -5372.240 3238.302 591.443
        33     34.0 -5320.205 3195.403 591.712
        34     35.0 -5327.456 3243.219 591.997
        35     36.0 -5344.999 3229.554 592.259
        36     37.0 -5366.634 3281.412 592.508
        37     38.0 -5373.494 3230.592 592.681
        38     39.0 -5287.457 3233.604 592.886
        39     40.0 -5421.776 3239.516 593.075
        40     41.0 -5326.862 3164.230 593.273
        41     42.0 -5352.403 3245.604 593.423
        42     43.0 -5394.158 3251.744 593.593
        43     44.0 -5320.103 3243.316 593.761
        44     45.0 -5321.006 3202.714 593.938
        45     46.0 -5460.696 3225.487 594.060
        46     47.0 -5468.029 3103.386 594.223
        47     48.0 -5318.338 3258.562 594.370
        48     49.0 -5375.056 3251.795 594.520
        49     50.0 -5489.654 3277.128 594.634
        50     51.0 -5515.348 3400.008 594.775
        51     52.0 -5455.709 3253.560 594.899
        52     53.0 -5387.334 3157.599 595.018
        53     54.0 -5451.667 3241.973 595.109
        54     55.0 -5446.828 3237.024 595.233
        55     56.0 -5518.658 3097.074 595.348
        56     57.0 -5461.333 3291.657 595.461
        57     58.0 -5545.781 3304.055 595.543
        58     59.0 -5362.227 3246.228 595.652
        59     60.0 -5486.998 3199.881 595.747
        60     61.0 -5400.991 3172.516 595.844
        61     62.0 -5422.576 3159.510 595.915
        62     63.0 -5448.423 3198.805 596.005
        63     64.0 -5402.858 3205.029 596.096
        64     65.0 -5422.841 3244.875 596.180
        65     66.0 -5426.125 3284.616 596.241
        66     67.0 -5474.291 3183.225 596.317
        67     68.0 -5352.658 3315.582 596.394
        68     69.0 -5383.330 3268.691 596.460
        69     70.0 -5474.790 3176.112 596.515
        70     71.0 -5544.464 3239.229 596.590
        71     72.0 -5366.346 3158.261 596.657
        72     73.0 -5494.284 3336.332 596.722
        73     74.0 -5549.612 3105.536 593.653
        74     75.0 -5522.112 3207.732 593.757
        75     76.0 -5516.219 3190.777 593.857
        76     77.0 -5563.800 3231.339 593.957
        77     78.0 -5502.868 3269.726 594.033
        78     79.0 -5412.722 3288.236 594.121
        79     80.0 -5556.036 3191.271 594.208
        80     81.0 -5523.386 3197.228 594.292
        81     82.0 -5472.556 3106.633 594.349
        82     83.0 -5582.022 3138.420 594.432
        83     84.0 -5429.896 3330.184 594.498
        84     85.0 -5492.283 3203.618 594.577
        85     86.0 -5599.956 3211.747 594.636
        86     87.0 -5556.744 3202.101 594.720
        87     88.0 -5425.811 3160.849 594.800
        88     89.0 -5645.600 3159.231 594.882
        89     90.0 -5619.310 3220.665 594.935
        90     91.0 -5558.437 3119.872 595.007
        91     92.0 -5495.663 3166.814 595.076
        92     93.0 -5564.281 3170.869 595.143
        93     94.0 -5650.776 3258.314 595.191
        94     95.0 -5557.959 3284.957 595.262
        95     96.0 -5666.519 3284.062 595.329
        96     97.0 -5595.430 3270.585 595.387
        97     98.0 -5599.339 3281.263 595.433
        98     99.0 -5667.901 3270.228 595.491
        99    100.0 -5573.788 3159.095 595.553
