# iteration | simulation time (ps) | potential_energy (kT) | kinetic_energy (kT) | ns per day
         0      1.0 -4226.825 3181.274 586.925
         1      2.0 -4590.817 3297.953 585.142
         2      3.0 -4812.609 3260.999 584.993
         3      4.0 -4914.533 3153.346 585.014
         4      5.0 -4842.409 3191.474 584.681
         5      6.0 -4972.605 3286.413 584.853
         6      7.0 -5074.767 3179.612 584.918
         7      8.0 -5041.031 3185.404 584.793
         8      9.0 -5181.848 3239.470 584.504
         9     10.0 -5117.309 3220.973 584.548
        10     11.0 -5117.650 3200.882 584.627
        11     12.0 -5181.339 3167.274 584.712
        12     13.0 -5293.489 3262.512 584.628
        13     14.0 -5351.738 3201.874 584.699
        14     15.0 -5195.352 3265.005 584.652
        15     16.0 -5369.877 3225.647 584.671
        16     17.0 -5401.600 3233.011 584.599
        17     18.0 -5337.421 3178.353 584.654
        18     19.0 -5318.190 3158.657 584.691
        19     20.0 -5337.258 3337.914 584.709
        20     21.0 -5441.251 3178.289 584.650
        21     22.0 -5433.530 3302.859 584.665
        22     23.0 -5379.825 3327.711 584.681
        23     24.0 -5353.077 3206.757 584.699
        24     25.0 -5369.295 3401.248 584.636
        25     26.0 -5305.552 3359.448 584.645
        26     27.0 -5415.702 3188.626 584.662
        27     28.0 -5414.268 3245.504 584.682
        28     29.0 -5455.616 3232.829 584.629
        29     30.0 -5545.097 3304.889 584.636
        30     31.0 -5493.312 3210.270 584.659
        31     32.0 -5440.103 3200.576 584.636
        32     33.0 -5479.764 3200.491 584.512
        33     34.0 -5499.064 3170.617 584.536
        34     35.0 -5431.743 3195.166 584.559
        35     36.0 -5567.653 3194.353 584.576
        36     37.0 -5594.452 3193.816 584.515
        37     38.0 -5570.403 3108.203 579.172
        38     39.0 -5424.637 3156.517 579.304
        39     40.0 -5530.739 3322.119 579.401
        40     41.0 -5418.624 3238.013 579.511
        41     42.0 -5466.405 3423.957 579.589
        42     43.0 -5545.817 3158.388 579.684
        43     44.0 -5533.019 3117.395 579.786
        44     45.0 -5579.711 3392.496 579.886
        45     46.0 -5630.880 3169.147 579.932
        46     47.0 -5523.439 3286.946 580.041
        47     48.0 -5591.616 3166.999 580.155
        48     49.0 -5654.826 3193.427 580.253
        49     50.0 -5438.883 3203.751 580.344
        50     51.0 -5586.980 3158.155 580.429
        51     52.0 -5586.687 3290.318 580.496
        52     53.0 -5507.733 3271.597 580.574
        53     54.0 -5485.467 3203.921 580.624
        54     55.0 -5474.542 3231.428 580.703
        55     56.0 -5566.956 3171.314 580.778
        56     57.0 -5532.706 3319.648 580.851
        57     58.0 -5639.116 3184.229 580.907
        58     59.0 -5557.565 3242.006 580.980
        59     60.0 -5620.321 3271.018 581.046
        60     61.0 -5510.604 3168.252 581.106
        61     62.0 -5541.495 3076.067 581.146
        62     63.0 -5593.412 3141.551 581.206
        63     64.0 -5546.796 3247.933 581.265
        64     65.0 -5470.729 3276.184 581.323
        65     66.0 -5579.665 3198.536 581.364
        66     67.0 -5590.498 3245.927 581.412
        67     68.0 -5567.154 3238.845 581.458
        68     69.0 -5673.612 3244.848 581.507
        69     70.0 -5568.519 3281.408 581.542
        70     71.0 -5709.486 3189.102 581.589
        71     72.0 -5612.506 3287.147 581.638
        72     73.0 -5704.495 3305.905 581.678
        73     74.0 -5633.449 3224.961 581.713
        74     75.0 -5638.691 3230.956 581.755
        75     76.0 -5709.235 3238.807 581.793
        76     77.0 -5632.072 3341.603 581.837
        77     78.0 -5606.526 3206.298 581.852
        78     79.0 -5733.176 3192.846 581.879
        79     80.0 -5643.287 3099.286 581.874
        80     81.0 -5710.100 3264.316 581.910
        81     82.0 -5690.639 3235.725 579.509
        82     83.0 -5558.352 3301.902 579.569
        83     84.0 -5613.450 3249.722 579.636
        84     85.0 -5632.778 3192.698 579.701
        85     86.0 -5718.058 3303.677 579.747
        86     87.0 -5534.155 3237.498 579.791
        87     88.0 -5746.584 3145.427 579.820
        88     89.0 -5674.347 3196.884 579.857
        89     90.0 -5571.975 3313.048 579.881
        90     91.0 -5669.761 3161.893 579.928
        91     92.0 -5622.837 3224.365 579.966
        92     93.0 -5619.807 3202.182 580.003
        93     94.0 -5757.208 3206.445 580.034
        94     95.0 -5652.912 3242.664 580.089
        95     96.0 -5659.532 3244.981 580.140
        96     97.0 -5671.595 3274.027 580.010
        97     98.0 -5603.390 3185.130 580.042
        98     99.0 -5574.176 3228.047 580.086
        99    100.0 -5721.665 3159.031 580.116
