# iteration | simulation time (ps) | potential_energy (kT) | kinetic_energy (kT) | ns per day
         0      1.0 -4368.311 3256.361 656.086
         1      2.0 -4624.128 3271.568 652.474
         2      3.0 -4725.708 3154.977 653.542
         3      4.0 -4810.283 3150.692 654.111
         4      5.0 -5017.672 3288.169 654.106
         5      6.0 -5135.536 3258.508 654.171
         6      7.0 -5280.959 3255.321 654.245
         7      8.0 -5221.446 3288.693 654.071
         8      9.0 -5194.661 3246.036 653.969
         9     10.0 -5282.862 3296.708 654.072
        10     11.0 -5251.867 3216.145 654.116
        11     12.0 -5220.480 3283.172 654.149
        12     13.0 -5414.091 3250.065 654.031
        13     14.0 -5393.102 3201.311 654.110
        14     15.0 -5281.337 3242.024 654.167
        15     16.0 -5348.275 3216.019 654.218
        16     17.0 -5418.747 3192.183 654.201
        17     18.0 -5439.691 3230.846 654.237
        18     19.0 -5366.276 3242.687 654.256
        19     20.0 -5512.886 3170.521 654.277
        20     21.0 -5501.197 3315.416 654.206
        21     22.0 -5546.433 3184.830 654.248
        22     23.0 -5514.121 3265.014 654.275
        23     24.0 -5466.748 3155.095 654.304
        24     25.0 -5403.373 3229.571 654.250
        25     26.0 -5627.771 3268.892 654.271
        26     27.0 -5574.369 3294.687 654.282
        27     28.0 -5615.231 3172.591 654.303
        28     29.0 -5499.261 3173.333 654.265
        29     30.0 -5585.118 3312.378 654.288
        30     31.0 -5518.773 3302.700 654.300
        31     32.0 -5563.592 3294.323 654.341
        32     33.0 -5488.525 3188.149 654.326
        33     34.0 -5654.323 3246.756 654.373
        34     35.0 -5640.664 3142.370 654.380
        35     36.0 -5540.339 3154.977 654.389
        36     37.0 -5562.500 3285.200 654.343
        37     38.0 -5643.937 3192.234 654.358
        38     39.0 -5589.022 3293.837 654.367
        39     40.0 -5520.548 3266.672 654.381
        40     41.0 -5647.231 3204.175 645.243
        41     42.0 -5655.406 3210.981 645.462
        42     43.0 -5620.306 3186.822 645.663
        43     44.0 -5675.225 3206.254 645.868
        44     45.0 -5596.481 3170.044 646.013
        45     46.0 -5655.238 3204.510 646.200
        46     47.0 -5575.671 3206.216 646.367
        47     48.0 -5730.166 3279.075 646.535
        48     49.0 -5682.074 3241.927 646.660
        49     50.0 -5736.059 3291.251 646.818
        50     51.0 -5675.765 3318.166 646.968
        51     52.0 -5658.977 3247.101 647.115
        52     53.0 -5650.071 3196.857 647.208
        53     54.0 -5610.333 3222.937 647.352
        54     55.0 -5681.046 3218.931 647.482
        55     56.0 -5702.640 3177.606 647.607
        56     57.0 -5695.781 3256.658 647.688
        57     58.0 -5642.965 3286.212 647.804
        58     59.0 -5681.324 3260.233 647.914
        59     60.0 -5707.722 3173.236 648.021
        60     61.0 -5715.132 3304.050 648.093
        61     62.0 -5669.176 3192.279 648.199
        62     63.0 -5704.468 3209.983 648.298
        63     64.0 -5644.274 3264.429 648.394
        64     65.0 -5726.769 3079.097 648.446
        65     66.0 -5766.474 3166.578 648.532
        66     67.0 -5799.903 3307.150 648.620
        67     68.0 -5771.878 3275.503 648.703
        68     69.0 -5708.468 3253.830 648.754
        69     70.0 -5766.600 3192.951 648.840
        70     71.0 -5728.119 3162.876 648.919
        71     72.0 -5833.635 3143.369 648.998
        72     73.0 -5665.569 3191.585 649.052
        73     74.0 -5649.590 3277.268 649.127
        74     75.0 -5639.132 3324.278 649.201
        75     76.0 -5798.217 3235.637 649.271
        76     77.0 -5735.949 3174.498 649.311
        77     78.0 -5718.736 3173.415 649.377
        78     79.0 -5800.429 3198.489 649.444
        79     80.0 -5753.645 3213.075 649.505
        80     81.0 -5788.052 3231.397 649.539
        81     82.0 -5818.280 3245.616 649.598
        82     83.0 -5761.640 3273.437 649.654
        83     84.0 -5732.509 3192.294 649.709
        84     85.0 -5748.853 3156.497 649.737
        85     86.0 -5810.924 3127.380 646.138
        86     87.0 -5762.281 3162.951 646.226
        87     88.0 -5751.982 3286.403 646.314
        88     89.0 -5701.282 3348.427 646.402
        89     90.0 -5783.753 3258.350 646.479
        90     91.0 -5741.854 3216.484 646.559
        91     92.0 -5699.985 3293.830 646.642
        92     93.0 -5757.248 3188.143 646.723
        93     94.0 -5641.867 3309.777 646.791
        94     95.0 -5746.105 3269.979 646.864
        95     96.0 -5713.267 3217.397 646.941
        96     97.0 -5799.386 3202.699 647.013
        97     98.0 -5779.757 3262.161 647.080
        98     99.0 -5836.570 3274.664 647.153
        99    100.0 -5728.329 3182.072 647.226
