# iteration | simulation time (ps) | potential_energy (kT) | kinetic_energy (kT) | ns per day
         0      1.0 -4055.927 3227.444 674.737
         1      2.0 -4380.135 3291.026 695.879
         2      3.0 -4541.626 3322.501 709.599
         3      4.0 -4545.179 3276.577 719.921
         4      5.0 -4687.542 3208.503 726.148
         5      6.0 -4796.572 3132.490 730.406
         6      7.0 -4838.354 3193.385 733.192
         7      8.0 -4815.538 3185.185 735.355
         8      9.0 -4841.876 3236.816 737.267
         9     10.0 -4852.292 3164.255 738.848
        10     11.0 -4800.420 3194.394 739.853
        11     12.0 -4949.142 3257.695 740.943
        12     13.0 -4864.743 3223.681 741.844
        13     14.0 -4921.000 3088.397 742.563
        14     15.0 -4955.328 3217.840 743.087
        15     16.0 -4978.033 3207.200 743.694
        16     17.0 -4910.218 3162.690 744.178
        17     18.0 -5020.767 3180.886 744.630
        18     19.0 -5010.515 3290.116 744.886
        19     20.0 -5009.317 3250.154 745.287
        20     21.0 -5103.927 3385.069 745.579
        21     22.0 -5133.561 3217.338 745.893
        22     23.0 -5133.135 3279.740 746.113
        23     24.0 -5183.501 3291.023 746.354
        24     25.0 -5055.629 3139.218 746.606
        25     26.0 -5153.494 3222.304 746.792
        26     27.0 -5057.116 3215.636 746.856
        27     28.0 -5131.620 3231.309 747.014
        28     29.0 -5093.503 3263.509 747.174
        29     30.0 -5309.434 3260.278 747.342
        30     31.0 -5106.333 3208.208 747.435
        31     32.0 -5151.702 3136.846 747.576
        32     33.0 -5252.748 3205.858 747.738
        33     34.0 -5177.415 3260.477 747.879
        34     35.0 -5134.937 3235.343 747.941
        35     36.0 -5182.276 3191.382 748.057
        36     37.0 -5228.964 3030.268 748.116
        37     38.0 -5262.535 3162.919 748.154
        38     39.0 -5205.981 3271.005 738.533
        39     40.0 -5180.001 3163.641 738.816
        40     41.0 -5145.952 3182.704 739.129
        41     42.0 -5215.074 3157.630 739.442
        42     43.0 -5150.767 3163.589 739.692
        43     44.0 -5145.488 3226.393 739.975
        44     45.0 -5273.002 3214.979 740.265
        45     46.0 -5276.860 3205.880 740.544
        46     47.0 -5371.691 3199.864 740.749
        47     48.0 -5282.532 3141.543 740.994
        48     49.0 -5319.017 3208.279 741.229
        49     50.0 -5221.947 3221.689 741.452
        50     51.0 -5156.004 3335.825 741.597
        51     52.0 -5300.980 3234.990 741.811
        52     53.0 -5328.018 3142.573 742.002
        53     54.0 -5373.450 3271.047 742.191
        54     55.0 -5302.188 3290.836 742.335
        55     56.0 -5329.085 3224.783 742.507
        56     57.0 -5304.737 3288.113 742.691
        57     58.0 -5247.564 3179.665 742.875
        58     59.0 -5331.383 3148.466 742.988
        59     60.0 -5309.502 3235.773 743.157
        60     61.0 -5217.575 3212.842 743.289
        61     62.0 -5282.973 3262.085 743.430
        62     63.0 -5273.880 3129.600 743.518
        63     64.0 -5345.433 3263.083 743.661
        64     65.0 -5334.273 3265.920 743.811
        65     66.0 -5332.968 3264.071 743.939
        66     67.0 -5266.190 3241.434 744.034
        67     68.0 -5354.210 3103.311 744.154
        68     69.0 -5246.490 3218.978 744.277
        69     70.0 -5354.614 3142.823 744.391
        70     71.0 -5272.414 3131.792 744.462
        71     72.0 -5305.624 3295.356 744.565
        72     73.0 -5357.850 3233.448 744.680
        73     74.0 -5349.115 3292.364 744.775
        74     75.0 -5337.938 3206.203 744.818
        75     76.0 -5353.905 3157.155 744.923
        76     77.0 -5431.708 3269.402 745.026
        77     78.0 -5319.256 3296.163 745.127
        78     79.0 -5476.839 3309.576 745.189
        79     80.0 -5280.143 3234.339 745.277
        80     81.0 -5434.419 3136.460 745.360
        81     82.0 -5344.157 3246.750 745.415
        82     83.0 -5277.070 3220.744 745.420
        83     84.0 -5414.446 3304.708 740.937
        84     85.0 -5368.117 3232.656 741.061
        85     86.0 -5411.985 3109.005 741.195
        86     87.0 -5381.718 3147.648 741.322
        87     88.0 -5412.788 3218.522 741.413
        88     89.0 -5402.891 3237.034 741.535
        89     90.0 -5477.771 3171.444 741.674
        90     91.0 -5459.294 3223.586 741.796
        91     92.0 -5372.850 3269.373 741.898
        92     93.0 -5373.894 3201.756 742.022
        93     94.0 -5414.619 3214.796 742.141
        94     95.0 -5447.135 3233.998 742.250
        95     96.0 -5408.616 3159.990 742.336
        96     97.0 -5456.330 3203.063 742.438
        97     98.0 -5285.372 3263.668 742.544
        98     99.0 -5391.194 3282.090 742.639
        99    100.0 -5321.470 3184.231 742.477
