# iteration | simulation time (ps) | potential_energy (kT) | kinetic_energy (kT) | ns per day
         0      1.0 -4503.639 3274.585 594.031
         1      2.0 -4522.042 3258.826 592.479
         2      3.0 -4907.587 3140.093 592.017
         3      4.0 -4991.040 3166.168 591.857
         4      5.0 -4957.933 3191.233 591.487
         5      6.0 -4999.506 3164.713 591.372
         6      7.0 -5239.847 3272.550 591.357
         7      8.0 -5306.990 3267.127 591.211
         8      9.0 -5432.563 3221.173 591.136
         9     10.0 -5201.998 3308.205 591.105
        10     11.0 -5361.772 3227.083 591.125
        11     12.0 -5314.453 3128.696 591.109
        12     13.0 -5383.216 3223.084 575.297
        13     14.0 -5476.209 3075.129 576.408
        14     15.0 -5538.071 3197.881 577.361
        15     16.0 -5452.706 3188.961 578.227
        16     17.0 -5452.828 3241.263 578.827
        17     18.0 -5393.496 3166.400 579.464
        18     19.0 -5475.218 3149.375 580.009
        19     20.0 -5413.625 3217.344 580.521
        20     21.0 -5646.531 3198.436 580.817
        21     22.0 -5485.126 3308.975 581.188
        22     23.0 -5570.461 3175.539 581.526
        23     24.0 -5394.861 3286.822 581.859
        24     25.0 -5451.615 3277.254 582.058
        25     26.0 -5498.037 3264.771 582.324
        26     27.0 -5550.872 3165.961 582.559
        27     28.0 -5456.846 3207.779 582.823
        28     29.0 -5565.605 3141.389 583.018
        29     30.0 -5549.072 3252.436 583.254
        30     31.0 -5480.504 3163.159 583.466
        31     32.0 -5573.719 3191.407 583.682
        32     33.0 -5704.708 3263.118 583.832
        33     34.0 -5521.717 3226.492 584.023
        34     35.0 -5661.819 3228.611 584.192
        35     36.0 -5624.887 3336.222 584.364
        36     37.0 -5670.369 3323.299 584.480
        37     38.0 -5686.080 3232.429 584.630
        38     39.0 -5680.900 3155.709 584.778
        39     40.0 -5681.986 3285.788 584.914
        40     41.0 -5809.344 3222.954 585.012
        41     42.0 -5681.342 3311.979 585.165
        42     43.0 -5757.026 3089.250 585.326
        43     44.0 -5731.286 3195.905 585.485
        44     45.0 -5814.603 3187.363 585.604
        45     46.0 -5725.194 3214.995 585.752
        46     47.0 -5718.892 3221.713 585.900
        47     48.0 -5819.469 3236.073 586.034
        48     49.0 -5858.298 3130.183 586.131
        49     50.0 -5857.592 3218.138 586.252
        50     51.0 -5800.882 3235.286 586.372
        51     52.0 -5774.691 3191.556 586.460
        52     53.0 -5795.909 3211.888 586.521
        53     54.0 -5801.998 3334.108 586.600
        54     55.0 -5958.732 3305.050 586.679
        55     56.0 -5757.481 3203.092 586.750
        56     57.0 -5896.483 3254.845 583.326
        57     58.0 -5782.258 3193.153 583.433
        58     59.0 -5798.419 3242.755 583.547
        59     60.0 -5827.804 3171.917 583.678
        60     61.0 -5843.996 3235.974 583.770
        61     62.0 -5806.984 3193.114 583.877
        62     63.0 -5780.673 3220.244 583.975
        63     64.0 -5880.752 3155.504 584.068
        64     65.0 -5773.268 3235.538 584.132
        65     66.0 -5816.026 3208.849 584.230
        66     67.0 -6009.103 3206.172 584.324
        67     68.0 -5832.440 3222.200 584.428
        68     69.0 -5866.652 3233.109 584.511
        69     70.0 -5807.691 3127.451 584.609
        70     71.0 -5883.062 3051.174 584.706
        71     72.0 -5826.196 3205.127 584.812
        72     73.0 -5944.283 3268.406 584.877
        73     74.0 -5817.865 3218.100 584.964
        74     75.0 -5852.100 3235.025 585.051
        75     76.0 -5955.122 3163.164 585.134
        76     77.0 -5932.695 3291.535 585.189
        77     78.0 -5974.577 3147.422 585.272
        78     79.0 -5903.322 3088.250 585.341
        79     80.0 -5915.320 3187.049 585.408
        80     81.0 -5900.400 3230.787 585.455
        81     82.0 -5975.082 3158.298 585.523
        82     83.0 -5953.140 3260.579 585.588
        83     84.0 -5980.707 3311.010 585.653
        84     85.0 -6021.142 3203.495 585.691
        85     86.0 -6012.062 3257.067 585.754
        86     87.0 -6020.626 3232.576 585.809
        87     88.0 -6007.754 3168.501 585.872
        88     89.0 -5871.983 3167.286 585.908
        89     90.0 -5896.397 3151.494 585.959
        90     91.0 -5979.486 3194.198 586.015
        91     92.0 -5958.478 3160.537 586.072
        92     93.0 -6024.295 3201.377 586.111
        93     94.0 -5949.270 3115.326 586.160
        94     95.0 -6017.955 3280.663 586.211
        95     96.0 -6005.724 3219.344 586.264
        96     97.0 -5967.949 3329.513 586.295
        97     98.0 -5961.632 3203.848 586.348
        98     99.0 -6005.612 3285.801 586.399
        99    100.0 -5924.471 3258.719 586.449
