# iteration | simulation time (ps) | potential_energy (kT) | kinetic_energy (kT) | ns per day
         0      1.0 -4237.116 3170.882 544.588
         1      2.0 -4682.892 3288.218 554.310
         2      3.0 -4712.507 3213.691 563.982
         3      4.0 -4901.261 3155.657 569.004
         4      5.0 -4898.846 3278.272 528.003
         5      6.0 -4979.211 3227.042 536.493
         6      7.0 -4976.340 3246.080 542.841
         7      8.0 -5020.733 3273.045 547.503
         8      9.0 -5107.370 3296.770 551.186
         9     10.0 -5035.294 3182.932 554.308
        10     11.0 -5060.332 3354.803 556.629
        11     12.0 -5110.306 3221.419 558.814
        12     13.0 -5072.549 3227.989 560.562
        13     14.0 -5049.044 3271.022 562.183
        14     15.0 -5058.212 3102.281 563.622
        15     16.0 -5157.167 3281.947 564.893
        16     17.0 -5216.186 3246.335 565.912
        17     18.0 -5153.201 3287.973 566.934
        18     19.0 -5291.121 3271.444 567.848
        19     20.0 -5229.742 3299.547 568.682
        20     21.0 -5340.206 3256.068 569.361
        21     22.0 -5275.857 3246.728 570.043
        22     23.0 -5385.871 3342.088 570.670
        23     24.0 -5271.868 3145.436 571.234
        24     25.0 -5280.495 3241.110 571.688
        25     26.0 -5354.496 3172.112 572.184
        26     27.0 -5221.245 3292.001 572.646
        27     28.0 -5455.277 3229.705 573.072
        28     29.0 -5366.342 3140.217 573.396
        29     30.0 -5448.738 3225.530 573.754
        30     31.0 -5425.714 3277.747 574.083
        31     32.0 -5485.186 3204.329 574.409
        32     33.0 -5407.636 3128.978 574.664
        33     34.0 -5396.749 3229.297 574.949
        34     35.0 -5453.373 3237.456 575.213
        35     36.0 -5463.472 3294.676 575.465
        36     37.0 -5462.657 3197.692 575.663
        37     38.0 -5421.345 3271.596 575.892
        38     39.0 -5531.960 3317.587 576.110
        39     40.0 -5509.782 3244.815 576.328
        40     41.0 -5357.705 3220.151 576.503
        41     42.0 -5454.118 3299.138 576.699
        42     43.0 -5350.569 3249.461 576.880
        43     44.0 -5529.214 3140.489 577.044
        44     45.0 -5360.032 3137.683 577.176
        45     46.0 -5489.971 3240.864 577.338
        46     47.0 -5645.040 3336.892 577.485
        47     48.0 -5515.956 3157.162 577.629
        48     49.0 -5564.435 3227.418 573.666
        49     50.0 -5568.432 3219.795 573.876
        50     51.0 -5500.574 3155.298 574.080
        51     52.0 -5614.130 3189.262 574.280
        52     53.0 -5448.817 3310.072 574.441
        53     54.0 -5493.182 3144.231 574.626
        54     55.0 -5615.166 3282.544 574.786
        55     56.0 -5496.289 3140.908 574.947
        56     57.0 -5571.668 3124.535 575.062
        57     58.0 -5575.377 3254.065 575.216
        58     59.0 -5583.792 3268.373 575.363
        59     60.0 -5487.635 3350.665 575.506
        60     61.0 -5584.078 3310.275 575.616
        61     62.0 -5502.423 3038.512 575.764
        62     63.0 -5619.495 3262.709 575.903
        63     64.0 -5640.588 3201.706 576.042
        64     65.0 -5708.008 3189.682 576.146
        65     66.0 -5527.764 3192.596 576.276
        66     67.0 -5558.260 3186.493 576.403
        67     68.0 -5583.360 3271.701 576.525
        68     69.0 -5681.624 3223.961 576.614
        69     70.0 -5581.653 3206.322 576.730
        70     71.0 -5625.463 3228.471 576.840
        71     72.0 -5500.593 3097.490 576.953
        72     73.0 -5586.519 3277.108 577.045
        73     74.0 -5599.971 3203.535 577.162
        74     75.0 -5752.780 3237.193 577.278
        75     76.0 -5569.562 3271.515 577.388
        76     77.0 -5567.563 3205.475 577.471
        77     78.0 -5601.025 3281.535 577.576
        78     79.0 -5534.005 3196.888 577.677
        79     80.0 -5690.642 3307.728 577.774
        80     81.0 -5693.832 3113.190 577.850
        81     82.0 -5770.551 3245.881 577.917
        82     83.0 -5642.114 3218.779 578.087
        83     84.0 -5728.824 3192.986 578.250
        84     85.0 -5657.516 3199.959 578.391
        85     86.0 -5657.163 3109.533 578.552
        86     87.0 -5665.551 3183.301 578.710
        87     88.0 -5721.944 3185.301 578.864
        88     89.0 -5772.243 3271.052 578.994
        89     90.0 -5715.511 3276.450 579.140
        90     91.0 -5688.304 3267.947 579.279
        91     92.0 -5582.999 3172.177 579.419
        92     93.0 -5720.012 3343.535 579.528
        93     94.0 -5667.632 3156.928 577.577
        94     95.0 -5657.911 3252.626 577.708
        95     96.0 -5639.336 3214.005 577.839
        96     97.0 -5640.207 3336.399 577.962
        97     98.0 -5568.394 3233.038 578.074
        98     99.0 -5605.811 3159.034 578.195
        99    100.0 -5566.427 3184.677 578.315
