[[ 6.70749961  1.68198743]
 [ 0.86512291 -3.39195158]
 [-0.86630791 -1.87378738]
 [-4.98860507  3.39378312]
 [ 2.43714905  2.73634362]
 [-5.30045405 -3.14077125]
 [ 3.54094888 -1.72374434]
 [-4.02973134  2.23804354]
 [ 4.12246595 -3.72850826]
 [ 3.6518881   3.01250455]
 [ 1.34524295  5.18078216]
 [ 2.14774311 -1.39985471]
 [ 0.37202546  3.36539153]
 [-2.40212108  2.39174967]
 [ 2.97244256  1.7750739 ]
 [ 4.21776621 -1.76799728]
 [-4.62632794  0.79406238]
 [-3.1858316  -2.49753759]
 [-6.21837307 -0.78413585]
 [ 4.89864586 -3.29405685]
 [-0.77442196 -7.49960433]
 [-1.50297076  1.84164495]
 [ 3.57332682  2.07315163]
 [ 2.83099659 -2.4279013 ]
 [ 0.94214371  4.61947638]
 [-2.98186929  2.17133901]
 [ 4.37864058 -0.32786861]
 [-2.39934106  4.28849949]
 [-1.51617087 -1.94672265]
 [ 2.22003442 -2.30658588]
 [ 2.27179182 -0.77578944]
 [ 1.82128302 -5.45317841]
 [-6.65378862 -3.8103001 ]
 [-6.45777132  1.3918714 ]
 [-1.94867671 -3.65633096]
 [ 2.54619425  4.88171063]
 [ 1.42474357 -1.62626425]
 [-5.30031181  0.77813311]
 [ 2.53681173 -1.39893602]
 [ 4.61036771  1.66549862]
 [-4.05490753 -2.30889912]
 [-3.52673455  2.76109844]
 [-5.4109492  -0.25611843]
 [ 0.23257208  2.6363626 ]
 [-4.02107882  3.69731611]
 [ 2.24416048 -3.01337249]
 [-1.77597619 -2.43257875]
 [-2.95667286 -4.31511246]
 [ 4.59076637  5.14326434]
 [ 2.86130212 -2.8517662 ]
 [ 2.74733053  0.47390074]
 [ 2.37246166  1.93174934]
 [-1.06443338 -3.13012244]
 [-1.29807184 -3.58258494]
 [ 1.51956957  0.25451359]
 [ 5.64991618 -0.29032595]
 [ 1.18386908  4.23814973]
 [-3.04253955 -0.14128949]
 [-3.53439083  0.8487662 ]
 [ 6.30867615 -1.75129936]
 [-2.89128076  4.7974614 ]
 [ 3.15718885 -0.17780473]
 [-4.64609715  1.77123726]
 [ 2.69330343 -4.14667325]
 [-1.39933715 -2.72699026]
 [-1.30545161  0.41813082]
 [-2.76516459  2.82347744]
 [ 2.64045061  1.08105021]
 [-2.629821    3.46588523]
 [-3.94760353 -3.30325563]
 [ 5.01261136  2.97231509]
 [-0.31931389 -0.12538967]
 [-3.21413377  4.19946802]
 [-4.92605505  2.29719513]
 [-2.89202005  1.38721434]
 [ 2.89605683  3.16813361]
 [ 2.68936441 -5.84715267]
 [ 0.09584693 -7.23460782]
 [ 3.34511494 -0.96395712]
 [ 2.59959522 -0.54328472]
 [ 1.65236154 -2.21644715]
 [-4.04558175  0.64978116]
 [-3.18353493 -2.97527844]
 [-2.29382846 -0.85671994]
 [-4.51183599  2.89253911]
 [ 6.05159817 -2.03418146]
 [ 3.65260335  0.36010265]
 [-4.55786509 -0.16294815]
 [ 5.19091886  0.30180232]
 [ 0.95499985  5.08685238]
 [ 4.02376835  1.48826353]
 [ 3.34601646 -5.42739559]
 [-5.3990613   2.00150581]
 [ 4.28501865 -0.9281822 ]
 [-3.47198613  3.7629497 ]
 [-0.13945554  1.07645933]
 [-0.55296057 -2.10664016]
 [-3.54116132  1.39556314]
 [ 4.03966191  1.01864974]]