[[  6.79857561e+00   5.88178164e-01]
 [  1.55324373e+00   2.81461258e+00]
 [ -9.84473025e-01  -2.30094605e+00]
 [ -4.86169950e+00   3.45840943e+00]
 [  2.56647525e+00   4.84652940e-01]
 [ -5.13176551e+00  -3.60680454e+00]
 [  3.17106845e+00  -2.53858340e+00]
 [ -4.48722432e+00   1.07747418e+00]
 [  3.04377526e+00  -4.87903018e+00]
 [  3.53876513e+00   2.59392402e+00]
 [  1.12455482e+00   4.84457231e+00]
 [  1.91892745e+00  -1.93664590e+00]
 [  3.04669939e-01   2.96894140e+00]
 [ -2.94547047e+00   1.21269306e+00]
 [  2.92951195e+00   1.56587085e+00]
 [  3.53562799e+00  -3.10279783e+00]
 [ -4.36717208e+00   1.68612394e+00]
 [ -3.17176339e+00  -2.39428588e+00]
 [ -6.19262156e+00  -9.10832989e-01]
 [  3.92320810e+00  -4.57249000e+00]
 [  1.45962728e+00   7.35175120e+00]
 [ -1.58765891e+00   1.53437526e+00]
 [  3.53093836e+00   1.80126374e+00]
 [  2.02950859e+00  -3.49841784e+00]
 [  8.15249620e-01   4.21447125e+00]
 [ -2.96076526e+00   2.20196149e+00]
 [  4.26131513e+00  -1.26635758e+00]
 [ -4.73749482e+00  -1.23080803e+00]
 [ -1.50403115e+00  -1.75827336e+00]
 [  1.68282676e+00  -3.20527358e+00]
 [  2.05677166e+00  -1.07492398e+00]
 [  4.15117318e+00   4.13617880e+00]
 [ -7.03003091e+00  -3.13704349e+00]
 [ -6.35143685e+00   1.77916207e+00]
 [ -1.94013359e+00  -4.09473445e+00]
 [  2.26708685e+00   4.51843577e+00]
 [  1.18991548e+00  -2.03490164e+00]
 [ -5.18670748e+00   1.53223587e+00]
 [  2.17117183e+00  -2.20397999e+00]
 [  4.67592013e+00   9.02178007e-01]
 [ -3.95851261e+00  -2.67646867e+00]
 [ -2.48281970e+00   3.80926223e+00]
 [ -5.45360876e+00   4.48538144e-03]
 [  2.86739211e-01   2.26641670e+00]
 [ -3.28539519e+00   4.24654912e+00]
 [  1.61449255e+00  -3.95408231e+00]
 [ -1.84477867e+00  -2.83684980e+00]
 [ -2.76399483e+00  -4.77707147e+00]
 [  6.18336369e+00   3.01377954e+00]
 [  2.41778654e+00  -3.47991510e+00]
 [  2.95352988e+00  -9.15940929e-01]
 [  3.24747939e+00  -3.59335524e-01]
 [ -1.19484514e+00  -3.50058988e+00]
 [ -1.36277714e+00  -3.93118606e+00]
 [  1.41397248e+00  -5.39722883e-01]
 [  4.81262907e+00  -2.91216022e+00]
 [  1.11782020e+00   3.84650789e+00]
 [ -3.01097443e+00  -1.80478356e-01]
 [ -3.61251311e+00   6.29634038e-01]
 [  5.77157066e+00  -3.19791561e+00]
 [ -5.46587876e+00   2.58970730e-01]
 [  3.02993041e+00  -1.43258262e+00]
 [ -4.49323936e+00   2.20747930e+00]
 [  1.95277658e+00  -4.96508747e+00]
 [ -1.46541198e+00  -2.86624091e+00]
 [ -1.41192464e+00  -7.14700653e-02]
 [ -2.49317985e+00   3.10648460e+00]
 [  3.05892546e+00   4.29998247e-01]
 [ -3.21018638e+00   2.73602867e+00]
 [ -3.91131832e+00  -3.46379768e+00]
 [  5.17467227e+00   2.09209090e+00]
 [ -2.72067403e-02   7.56911008e-01]
 [ -4.13201185e+00   2.96396653e+00]
 [ -3.78096511e+00   3.96481990e+00]
 [ -2.44127922e+00   2.24039285e+00]
 [  2.80344460e+00   2.42574650e+00]
 [  4.70498951e+00   4.51615780e+00]
 [  4.54546012e-01  -7.32226765e+00]
 [  2.97387320e+00  -2.10140694e+00]
 [  2.40121465e+00  -1.34473796e+00]
 [  1.43377212e+00  -2.44385412e+00]
 [ -3.82180753e+00   1.26223600e+00]
 [ -3.16722795e+00  -3.21704626e+00]
 [ -2.38257773e+00  -1.37443673e+00]
 [ -3.77455764e+00   3.65458096e+00]
 [  6.01337293e+00  -2.32552664e+00]
 [  3.77952379e+00  -1.06680928e+00]
 [ -4.53619448e+00   2.77671632e-02]
 [  5.00038095e+00  -1.29742349e+00]
 [  7.62137124e-01   4.71426395e+00]
 [  3.98069473e+00   1.22857879e+00]
 [  5.12942751e+00   3.67222295e+00]
 [ -5.06159932e+00   2.72623203e+00]
 [  3.94120514e+00  -2.16268359e+00]
 [ -2.75745344e+00   4.31619623e+00]
 [ -3.23948945e-01   2.71491060e-01]
 [ -6.87295468e-01  -2.76945388e+00]
 [ -3.32362864e+00   1.75956829e+00]
 [  3.96538258e+00   8.17387079e-01]]