[[ 6.12892785  2.92700885]
 [ 0.99349862 -3.44650134]
 [-0.76081058 -2.53166428]
 [-5.88513893  0.73310192]
 [ 3.33254858  0.94198117]
 [-3.5697478   5.20121522]
 [ 3.52713293 -1.93110504]
 [-4.6535139  -0.46581125]
 [ 3.87873785 -4.16557485]
 [ 2.66810416  3.60865114]
 [ 0.74365414  5.03274352]
 [ 2.36292935 -0.84281536]
 [ 0.10254405  2.65210514]
 [-3.11652671  1.13632136]
 [ 2.45257938  2.39747038]
 [ 4.12227254 -2.27190376]
 [-4.76050429  0.15868452]
 [-1.58646975  3.4752299 ]
 [-6.08612866 -1.72373813]
 [ 4.54551577 -3.89198337]
 [ 0.25297676 -7.61207954]
 [-2.02875095  0.23891392]
 [ 2.9448273   2.79100645]
 [ 2.34179697 -3.35158895]
 [ 0.58801976  4.33461971]
 [-3.44129023  1.59833988]
 [ 4.39264373 -0.5925168 ]
 [-3.92928752 -2.93153018]
 [-1.43973018 -2.36371206]
 [ 2.19048277 -2.79862358]
 [ 2.12228791 -0.74849316]
 [ 3.17444065  5.07562007]
 [-5.67075703 -5.12088452]
 [-6.58323544 -0.31816963]
 [-1.80353231 -3.97112664]
 [ 0.73061227 -5.34078432]
 [ 1.52523436 -1.80877232]
 [-5.28973839 -0.79372188]
 [ 2.40887171 -1.56944334]
 [ 4.16983302  2.35214609]
 [-2.36270988  4.20611373]
 [-4.13005263 -0.6879121 ]
 [-4.98144187 -2.17569786]
 [ 0.07913367  1.72767059]
 [-4.53603843  2.96036716]
 [ 2.83747266 -2.78977831]
 [-1.67427357 -2.96349765]
 [-2.69654157 -4.5429355 ]
 [ 6.49146115  2.36716362]
 [ 2.89291201 -3.05786569]
 [ 3.2192331  -0.26040207]
 [ 3.57167509  0.5334723 ]
 [-0.97709507 -3.52988101]
 [-1.21073666 -3.78513127]
 [ 1.64626727  0.09039867]
 [ 5.55317464 -0.8660583 ]
 [ 0.79106045  3.96033276]
 [-2.45434742  1.1376561 ]
 [-3.515232    0.39895505]
 [ 6.10413646 -2.3565008 ]
 [-4.7608402  -2.5963529 ]
 [ 3.2512299  -0.72343431]
 [-4.96438882  0.89467261]
 [ 2.68620154 -4.55117599]
 [-1.2000007  -2.98069473]
 [-1.28515296 -0.01502957]
 [-3.37402982  2.26869547]
 [ 2.71007285  1.07806828]
 [-4.04598394  1.24155944]
 [-2.12930827  4.66732509]
 [ 4.29624189  3.69756114]
 [-0.15301897  1.02031851]
 [-4.67668214  1.92216769]
 [-5.16688526  1.971833  ]
 [-3.32033953 -0.67982029]
 [ 2.65241676  1.91643781]
 [ 3.15238319  5.80238172]
 [ 1.51233386 -7.18217868]
 [ 3.35997801 -1.41987979]
 [ 2.69454235 -1.16632954]
 [ 1.76784531 -2.33697642]
 [-4.00631668 -0.1615127 ]
 [-1.51578248  4.04678346]
 [-1.42363119  2.82297962]
 [-4.67173279  2.74784705]
 [ 6.16551181 -1.82713725]
 [ 4.05537932  0.03611971]
 [-4.22904375 -1.65388609]
 [ 5.16902373  0.16654645]
 [ 0.46040506  4.87185378]
 [ 3.62865521  2.1338144 ]
 [ 4.14462452  4.90680363]
 [-5.59694942  1.44319056]
 [ 4.26482237 -1.3795328 ]
 [-4.02807501  3.05071246]
 [-0.31622162  0.25723576]
 [-0.47652445 -1.79468747]
 [-3.76601588  0.81042356]
 [ 3.39188902  2.26421295]]