[[ 6.7989473   0.34511823]
 [ 2.1508435   2.81743039]
 [-1.35752002 -2.16656566]
 [-4.4470349   3.96885403]
 [ 1.18420505 -3.3709309 ]
 [-5.73222787 -2.55010178]
 [ 3.64284734 -1.43107686]
 [-4.25029296  1.79983926]
 [ 3.75669859 -4.48016846]
 [ 3.80599695  2.28825319]
 [ 1.76299541  4.55259855]
 [ 1.78428355 -1.96558195]
 [ 0.79982631  2.7712462 ]
 [-2.7181352   1.66485548]
 [ 3.14873647  1.28747834]
 [ 3.84298457 -2.53796256]
 [-3.31176386  3.34876483]
 [-3.45899511 -1.58363191]
 [-6.27452993  0.68723874]
 [ 5.07913347 -3.24886241]
 [ 2.7447157   6.9336234 ]
 [-1.5949792   1.32998333]
 [ 3.73471438  1.40179366]
 [ 1.8199319  -3.69544582]
 [ 1.45555424  4.07014283]
 [-2.32848527  2.99598918]
 [ 4.04436326 -1.84263904]
 [-4.84569427 -0.32145502]
 [-1.91018711 -1.51670483]
 [ 1.82957223 -2.62376521]
 [ 2.63723534 -0.41673315]
 [ 4.46739403  3.69394115]
 [-7.5535196  -1.38111772]
 [-5.90368444  2.93086161]
 [-2.72033502 -3.66509729]
 [-0.82928776 -5.57678346]
 [ 1.46182968 -0.91938369]
 [-4.82779479  2.40614377]
 [ 2.43402747 -1.38655061]
 [ 4.71198114  0.56959802]
 [-4.35528955 -1.90379383]
 [-1.75472064  4.22879042]
 [-5.31606824  1.19422822]
 [ 0.87980344  2.25652372]
 [-2.4104569   4.79179494]
 [ 2.33418748 -3.49610979]
 [-2.34445215 -2.61307376]
 [-3.78330789 -3.99165561]
 [ 5.02234829  4.46085794]
 [ 3.66302363 -0.94576189]
 [ 1.64638505 -2.98043049]
 [ 0.96998008 -3.66828541]
 [-1.78872134 -3.16162806]
 [-2.11217857 -3.46867171]
 [ 0.90297778 -1.66678028]
 [ 3.12722402 -4.80952624]
 [ 1.6395805   3.61282186]
 [-3.02095605  0.23495991]
 [-3.44546164  1.2644595 ]
 [ 6.01170843 -2.53172463]
 [-5.33390881  0.5856505 ]
 [ 2.54550556 -2.11765824]
 [-3.90541475  3.16406998]
 [ 1.74457889 -5.1355683 ]
 [-1.91369552 -2.5196198 ]
 [-1.53295478 -0.04837257]
 [-1.88923534  3.58879953]
 [ 2.97888385  0.36287541]
 [-3.61900446  2.08581256]
 [-4.50673229 -2.53210741]
 [ 5.41966395  1.55048549]
 [ 0.11145643  0.72429428]
 [-4.32834806  2.78667056]
 [-2.94251522  4.61634399]
 [-2.13421562  2.52386551]
 [ 3.08492709  2.0443175 ]
 [ 5.4942728   3.45775783]
 [-0.17666481 -7.38611961]
 [ 2.70348956 -2.51881529]
 [ 2.64122753 -1.06346433]
 [ 1.74651789 -1.18922386]
 [-3.29909869  2.22192655]
 [-3.68754427 -2.36410119]
 [-0.50876419  2.62917451]
 [-2.96750508  4.32651023]
 [ 6.03772986 -1.93268918]
 [ 1.70062741 -4.0110234 ]
 [-4.43216065  0.75348014]
 [ 3.81022639 -3.5365837 ]
 [-0.98234707 -4.47287797]
 [ 4.11931881  0.88429579]
 [ 5.67622611  2.7973537 ]
 [-3.86653268  4.22424233]
 [ 3.46375953 -2.74831184]
 [-1.81245547  4.81634662]
 [-0.39322194  0.09351575]
 [-1.08999456 -1.67853387]
 [-2.83332888  2.53065559]
 [ 3.97727519  0.49643549]]