[[  6.31454065e+00   2.69984737e+00]
 [  8.27615647e-01   3.30548183e+00]
 [ -2.17411781e-01  -2.72498046e+00]
 [ -5.92559988e+00  -3.83266367e-01]
 [  2.34578521e+00   1.38552231e+00]
 [ -3.78479785e+00  -4.99796825e+00]
 [  3.74846252e+00  -1.39373816e+00]
 [ -4.52190450e+00  -5.55368044e-01]
 [  4.52498285e+00  -3.44403814e+00]
 [  2.79798324e+00   3.60524939e+00]
 [ -3.29375680e-02   5.18497163e+00]
 [  2.50838247e+00  -1.50925915e+00]
 [ -4.11560026e-01   3.05566019e+00]
 [ -3.15684863e+00   5.08061559e-01]
 [  2.37382236e+00   2.34758531e+00]
 [  4.29747114e+00  -1.79688839e+00]
 [ -4.64577020e+00   4.69205048e-02]
 [ -1.98564646e+00   2.56253969e+00]
 [ -5.46151173e+00  -3.27338851e+00]
 [  5.26964689e+00  -2.82185077e+00]
 [  1.35573494e+00  -7.45923320e+00]
 [ -2.00197861e+00   1.11459067e+00]
 [  2.93211351e+00   2.72515248e+00]
 [  2.88297064e+00  -2.80927991e+00]
 [ -1.67378522e-01   4.47248923e+00]
 [ -3.51034705e+00  -2.01326987e-01]
 [  4.42009311e+00  -1.59539622e-01]
 [ -3.59798725e+00  -3.45589459e+00]
 [ -8.89984790e-01  -2.77752240e+00]
 [  2.46396609e+00  -2.46333722e+00]
 [  2.27557794e+00  -5.81550721e-01]
 [  3.16081626e+00  -4.94630781e+00]
 [ -7.15114960e+00   2.89631303e+00]
 [ -6.54291784e+00   7.67424147e-01]
 [ -1.06025584e+00  -4.40449411e+00]
 [  1.05045694e+00   5.20403643e+00]
 [  1.68561027e+00  -1.50134117e+00]
 [ -5.23571489e+00  -9.80317332e-01]
 [  2.67758029e+00  -1.14524369e+00]
 [  4.25559132e+00   2.31583170e+00]
 [ -2.82112161e+00   3.45956333e+00]
 [ -3.81371346e+00  -2.30716263e+00]
 [ -5.02236797e+00   2.32372467e+00]
 [ -2.94201913e-01   2.42317852e+00]
 [ -4.83094865e+00  -1.92607681e+00]
 [  2.55938899e+00  -3.10948535e+00]
 [ -1.00881243e+00  -3.47264294e+00]
 [ -2.61311213e+00   4.67352067e+00]
 [  4.35360280e+00   5.35080607e+00]
 [  3.31019873e+00  -2.38733043e+00]
 [  3.02143584e+00   1.75458662e-01]
 [  3.16574842e+00   8.64626636e-01]
 [ -2.47300835e-01  -3.70588581e+00]
 [ -4.56401124e-01  -4.13528206e+00]
 [  1.54016990e+00   2.09945519e-01]
 [  5.60834643e+00  -7.73341798e-02]
 [  1.63558363e-01   4.17848415e+00]
 [ -2.55552482e+00  -5.13971294e-01]
 [ -3.53825723e+00   9.05710330e-01]
 [  6.51419139e+00  -9.33732713e-01]
 [ -4.58185724e+00   3.04131964e+00]
 [  3.28784298e+00  -2.15832310e-01]
 [ -5.03375791e+00   2.77018515e-01]
 [  3.44679285e+00  -3.89597916e+00]
 [ -5.68602540e-01  -3.34200419e+00]
 [ -1.27887542e+00  -6.23926870e-03]
 [ -3.46837235e+00  -1.70597700e+00]
 [  2.66442530e+00   1.64628260e+00]
 [ -3.91866359e+00  -9.51227867e-01]
 [ -2.90914291e+00   3.85177245e+00]
 [  4.45586237e+00   3.58445059e+00]
 [ -2.30410517e-01   8.54309894e-01]
 [ -4.88216358e+00   1.50216741e+00]
 [ -4.92939064e+00  -2.20663543e+00]
 [ -3.21725261e+00   1.48285488e+00]
 [  2.11379316e+00   3.31376185e+00]
 [  3.54293446e+00   5.46453446e+00]
 [  2.42241000e+00  -6.87325880e+00]
 [  3.45518436e+00  -9.43972924e-01]
 [  2.64748080e+00  -4.33904711e-01]
 [  2.02960825e+00  -1.83922300e+00]
 [ -3.96747062e+00  -8.35022162e-02]
 [ -2.11942502e+00  -3.81436717e+00]
 [ -1.74367827e+00  -1.96143367e+00]
 [ -4.55635567e+00  -2.59007781e+00]
 [  6.29752881e+00  -1.25145271e+00]
 [  3.92301004e+00   4.38637003e-01]
 [ -4.17406082e+00   1.88316132e+00]
 [  5.12197526e+00   6.74827840e-01]
 [ -3.26300507e-01   4.98690927e+00]
 [  3.51300138e+00   2.42341419e+00]
 [  2.85017241e+00   5.66087456e+00]
 [ -5.65101212e+00  -9.27480583e-01]
 [  4.38293161e+00  -8.13018897e-01]
 [ -4.88532179e+00   1.00087458e+00]
 [ -3.39485984e-01   2.33252220e-01]
 [ -1.76172603e-01  -1.85478396e+00]
 [ -3.79527483e+00   1.08668509e+00]
 [  3.69571354e+00   1.89560652e+00]]