[[  6.37391354e+00   2.43764747e+00]
 [  1.32751771e+00   3.47875563e+00]
 [ -6.01410929e-01  -2.77416027e+00]
 [ -5.87936894e+00   7.84066996e-01]
 [  2.05072099e+00  -2.56387741e+00]
 [ -3.81491887e+00   4.95662091e+00]
 [  3.81297203e+00  -1.25723465e-01]
 [ -4.49772794e+00  -1.27101327e+00]
 [  5.44781508e+00  -5.45752627e-01]
 [  3.06025990e+00   3.32037307e+00]
 [  4.45464525e-01   5.13962757e+00]
 [  2.50689266e+00  -8.35935496e-02]
 [ -1.23978028e-01   2.93805133e+00]
 [ -3.18909419e+00   2.14061882e-01]
 [  2.61791791e+00   2.16600777e+00]
 [  3.63389415e+00  -2.73997264e+00]
 [ -4.64400143e+00   1.50316956e-02]
 [ -1.87370284e+00   3.42654069e+00]
 [ -5.77571970e+00  -2.69541361e+00]
 [  5.79380118e+00   6.81398177e-01]
 [  8.70660862e-01  -7.56592485e+00]
 [ -2.00859326e+00   2.46951203e-01]
 [  3.19604184e+00   2.47995334e+00]
 [  2.37620114e+00  -3.49075869e+00]
 [  2.46382086e-01   4.46093649e+00]
 [ -3.61810350e+00   4.72690045e-01]
 [  4.20146341e+00  -9.48130553e-01]
 [ -3.73510383e+00  -3.43538998e+00]
 [ -1.26270373e+00  -2.79345316e+00]
 [  2.13417824e+00  -1.80306224e+00]
 [  2.67256435e+00   5.17903378e-01]
 [  3.12798014e+00   5.00594881e+00]
 [ -6.85150407e+00   3.54972341e+00]
 [ -6.57964383e+00  -7.56766641e-01]
 [ -1.53639270e+00  -4.30795056e+00]
 [  8.57868230e-01  -5.31002398e+00]
 [  1.65914408e+00  -4.12227209e-02]
 [ -5.34189714e+00  -6.74115883e-01]
 [  2.75674864e+00  -4.22015320e-01]
 [  4.30720443e+00   2.06644789e+00]
 [ -2.70182322e+00   3.95311289e+00]
 [ -3.86169271e+00  -1.50040332e+00]
 [ -4.92804494e+00  -2.41490647e+00]
 [  1.52842481e-01   2.60812809e+00]
 [ -4.85696567e+00   2.09613895e+00]
 [  3.40558344e+00  -1.06666363e+00]
 [ -1.43238494e+00  -3.41240936e+00]
 [ -2.47079852e+00  -4.88916555e+00]
 [  3.53429223e+00   5.83921037e+00]
 [  3.80667016e+00   3.77062950e-01]
 [  2.42928533e+00  -2.41838797e+00]
 [  1.99207810e+00  -3.03068894e+00]
 [ -7.09448155e-01  -3.80323398e+00]
 [ -9.75861552e-01  -4.02165851e+00]
 [  1.28709370e+00  -1.01230688e+00]
 [  4.76379280e+00  -3.10415878e+00]
 [  5.31607634e-01   4.15487551e+00]
 [ -2.52206084e+00   1.12053392e+00]
 [ -3.44736975e+00   1.05001140e+00]
 [  6.53575960e+00  -5.54851499e-01]
 [ -4.54158825e+00  -3.08559403e+00]
 [  2.68799389e+00  -1.94132945e+00]
 [ -4.92714621e+00   5.37830449e-01]
 [  4.94508695e+00  -1.86726357e+00]
 [ -9.33044022e-01  -3.36712277e+00]
 [ -1.29329675e+00  -8.36685619e-02]
 [ -3.45797675e+00   1.86398460e+00]
 [  2.69130191e+00   1.43846871e+00]
 [ -3.94244357e+00  -8.47081350e-01]
 [ -2.42802099e+00   4.52566206e+00]
 [  4.52987346e+00  -3.70497898e+00]
 [ -1.55257456e-01   1.14193519e+00]
 [ -4.92148431e+00   1.25567408e+00]
 [ -5.25442217e+00  -9.40234685e-01]
 [ -3.18912096e+00  -7.44750077e-01]
 [  2.48441136e+00   2.91881099e+00]
 [  4.69886061e+00   4.58354919e+00]
 [  2.19757680e+00  -6.98530533e+00]
 [  3.10628141e+00  -1.58873804e+00]
 [  2.51522073e+00  -1.08052411e+00]
 [  2.01828721e+00  -3.25018947e-01]
 [ -3.98936375e+00  -3.18322937e-01]
 [ -1.80461205e+00   3.94786827e+00]
 [ -1.63038824e+00   2.69365377e+00]
 [ -4.42917962e+00   2.80512263e+00]
 [  6.35574634e+00  -1.05026318e+00]
 [  2.82006388e+00  -3.06912397e+00]
 [ -4.07607636e+00  -2.15323294e+00]
 [  4.54649157e+00  -2.37262881e+00]
 [  1.35689941e-01   4.94199854e+00]
 [  3.72431348e+00   2.12136560e+00]
 [  4.01946726e+00   4.88605238e+00]
 [ -5.63847936e+00   5.16493036e-01]
 [  3.89009078e+00  -1.92693544e+00]
 [ -4.36435151e+00   2.23870595e+00]
 [ -4.06855792e-01   4.62254117e-03]
 [ -4.78390852e-01  -1.63681774e+00]
 [ -3.83652782e+00   9.92683733e-01]
 [  3.65497188e+00   1.69379766e+00]]