[[ 6.8063048  -0.24668635]
 [-0.12844379 -3.96610756]
 [-1.41570123 -2.4473494 ]
 [-4.88286769  3.50294818]
 [ 2.57530819  0.17944537]
 [-2.05772618  5.84689219]
 [ 3.49351711 -1.84804702]
 [-4.54672151  1.08867614]
 [ 2.46007115 -5.25456842]
 [ 3.80804598  2.18219819]
 [ 1.79410388  4.58823114]
 [ 2.09584917 -1.1096448 ]
 [ 0.81832808  2.76367046]
 [-2.4802042   2.07737662]
 [ 3.17355949  1.19459219]
 [ 3.58140753 -2.99464518]
 [-3.66392457  2.90959585]
 [-0.62472322  3.09465995]
 [-6.25070142 -0.65087364]
 [ 4.08961986 -4.56996161]
 [ 2.64561638  7.00327205]
 [-1.45223987  1.54077472]
 [ 3.77471398  1.3686394 ]
 [ 1.43442922 -3.88547005]
 [ 1.4715694   3.94480286]
 [-2.79395754  2.52607077]
 [ 4.11181029 -1.75068345]
 [-4.79557445 -1.36554844]
 [-2.00347468 -1.99221269]
 [ 1.10380803 -3.4036376 ]
 [ 2.55193965 -0.80876037]
 [ 4.62378602  3.59444006]
 [-7.32850073 -2.35890013]
 [-6.30172961  2.03139132]
 [-2.7279943  -3.70118298]
 [ 2.89340326  4.10996752]
 [ 0.98464032 -1.82209654]
 [-5.01633236  2.09788305]
 [ 2.28913064 -1.57164617]
 [ 4.73599598  0.30592925]
 [-4.05779194 -2.16389791]
 [-4.10526594  0.97496742]
 [-5.49577015  0.22662926]
 [ 0.69148578  1.97035184]
 [-4.61610049  2.63845865]
 [ 1.10969248 -4.17407234]
 [-2.41663276 -2.76349554]
 [-3.65818801 -4.16328874]
 [ 6.56434782  1.99678616]
 [ 3.54218793 -1.25155273]
 [ 2.05664044 -2.61442621]
 [ 1.85138498 -3.09377693]
 [-1.85764382 -3.31200233]
 [-2.10704932 -3.68750052]
 [ 1.19667556 -0.92901271]
 [ 3.48791479 -4.46930598]
 [ 1.72927112  3.53881855]
 [-2.71244035  0.41324682]
 [-3.15783122  1.49177624]
 [ 5.72905748 -3.19904228]
 [-5.38990296 -0.33083892]
 [ 2.63971514 -2.16653461]
 [-3.71953772  3.37994858]
 [ 1.19530539 -5.25482548]
 [-1.97969681 -2.75456505]
 [-1.33490453  0.17064059]
 [-3.45463878  0.98346496]
 [ 3.25200411 -0.111273  ]
 [-3.80954841  1.75927751]
 [-4.26441973 -2.80033313]
 [ 5.41781752  1.33201367]
 [ 0.1824927   0.9445578 ]
 [-3.03588077  4.15548895]
 [-3.73543219  4.005653  ]
 [-2.19263231  2.63962584]
 [ 3.15444576  1.76158305]
 [ 5.19686381  3.94095973]
 [-0.68692177 -7.31722282]
 [ 2.50379432 -2.82107377]
 [ 2.16129682 -1.87218416]
 [ 1.2326228  -2.06917629]
 [-3.37558744  2.19354074]
 [-0.53255966  3.83952555]
 [-2.51303168 -1.11486398]
 [-5.02975039  1.62290511]
 [ 5.85106596 -2.5716473 ]
 [ 2.29659391 -3.59504191]
 [-4.53533493  0.04349943]
 [ 4.38668433 -2.77448724]
 [ 1.45786794  4.49767693]
 [ 4.20821643  0.51238117]
 [ 5.52982689  3.03724115]
 [-4.50313095  3.54824019]
 [ 3.22752226 -3.15438306]
 [-2.58200916  4.36561535]
 [-0.29601867  0.21048615]
 [-1.01665332 -1.7737896 ]
 [-2.45128117  3.29484433]
 [ 3.92465187  0.60997492]]