[[ 6.61559332 -1.75514098]
 [ 0.35201003  3.84496596]
 [-0.11547823 -1.79975896]
 [-5.95809654  0.60924579]
 [ 1.6453922   4.13069651]
 [-4.72141357  4.16515465]
 [ 3.86880133  0.77014998]
 [-4.61129032 -0.1312598 ]
 [ 5.54724126 -0.10788566]
 [ 3.02499777 -3.040854  ]
 [-0.12710069  5.50472713]
 [ 2.04927725  1.34759733]
 [-0.7921735   3.59520301]
 [-3.24172619  0.94775169]
 [ 2.57455845 -2.10413872]
 [ 4.2349331   2.1042133 ]
 [-4.57000892 -1.14849323]
 [-1.7702746  -3.42056551]
 [-5.08944043 -3.64661856]
 [ 5.92961217  0.38487489]
 [ 1.10784923 -7.43989815]
 [-2.13846758  1.0480284 ]
 [ 3.05374079 -2.41476753]
 [ 3.39449791  1.15717497]
 [-0.53030698  4.85593836]
 [-3.64600275  0.51908179]
 [ 3.30917622  3.0978667 ]
 [-3.62044834 -3.16788364]
 [-0.21831076 -2.98515951]
 [ 2.43875272  1.71893584]
 [ 2.73025964  0.1000211 ]
 [ 3.62686105 -4.50463049]
 [-4.71230546 -5.97488455]
 [-6.45444353 -1.38730933]
 [-0.64548356 -4.04367931]
 [ 1.51144148 -4.78174594]
 [ 1.69666091  0.40542467]
 [-5.16079995 -1.53999249]
 [ 2.6304374   0.42125566]
 [ 4.28271092 -1.96411847]
 [-2.45568697 -3.8039587 ]
 [-4.07128172  1.83828436]
 [-4.90018774 -2.45962032]
 [-0.7167795   2.87587597]
 [-4.95727281  2.17870642]
 [ 3.42663537  1.52805646]
 [-0.62996575 -3.00858922]
 [-2.94412601  4.40113391]
 [ 2.8707362   6.31766365]
 [ 3.82943782 -0.31298683]
 [ 2.1608894   3.0603535 ]
 [ 1.89235815  3.70142835]
 [ 0.12819586 -3.1316967 ]
 [-0.11217904 -3.59946527]
 [ 1.19450672  2.18329299]
 [ 4.06575718  4.10477809]
 [-0.11326597  4.63925465]
 [-2.58634411 -0.63342118]
 [-3.57372735 -0.5845191 ]
 [ 6.1334562   2.32203911]
 [-4.50671619 -3.02248139]
 [ 2.44729452  2.34518269]
 [-5.0063129   0.35364248]
 [ 5.00366334  0.37934764]
 [-0.43320851 -2.41604122]
 [-1.37566106  0.54770775]
 [-3.53949899  2.03450669]
 [ 2.84544369 -0.81807913]
 [-4.08289068  1.07414443]
 [-2.13015658 -4.55434412]
 [ 4.88498342 -2.79514278]
 [-0.21234015 -0.1472832 ]
 [-4.53207163  2.50975375]
 [-5.39168835 -0.21366966]
 [-3.26447319 -1.29701132]
 [ 3.59383938 -0.97406866]
 [ 4.39892569 -4.72725507]
 [ 1.8914223  -6.96870239]
 [ 2.88917208  2.35288505]
 [ 2.61868197  0.98282274]
 [ 2.13694744 -0.225483  ]
 [-3.97834193 -1.0700728 ]
 [-2.27228667  3.0719372 ]
 [-1.52555599 -1.64569783]
 [-5.10050735  1.97843916]
 [ 6.15244314  1.82611121]
 [ 2.39992225  3.8127253 ]
 [-4.04061757 -2.09893396]
 [ 3.94626864  3.55180795]
 [-0.60466665  5.24764116]
 [ 3.72407864 -1.87013405]
 [ 4.76023105 -4.16016761]
 [-5.75275064  0.20184319]
 [ 3.82922914  2.38770128]
 [-4.88104478  1.32040841]
 [-0.49944175  0.94790604]
 [-0.09848279 -0.83598602]
 [-3.77065092  0.01288325]
 [ 3.33442936 -2.08497617]]