[[  6.83072473e+00  -3.66981390e-01]
 [ -1.99018467e-01  -3.50575353e+00]
 [ -1.55741394e+00  -2.10248535e+00]
 [ -4.70858275e+00   3.65019052e+00]
 [  3.26292630e+00  -4.47592811e-02]
 [ -1.13826186e+00   6.15215655e+00]
 [  2.63791578e+00  -3.05047800e+00]
 [ -3.78333460e+00   2.66524538e+00]
 [  2.10455538e+00  -5.31574930e+00]
 [  3.77218329e+00   2.38994183e+00]
 [  2.45476898e+00   4.45209493e+00]
 [  1.67477204e+00  -2.01739131e+00]
 [  1.11755664e+00   2.70665843e+00]
 [ -1.96259664e+00   2.65025794e+00]
 [  3.14026305e+00   1.11568954e+00]
 [  3.12598741e+00  -3.53058744e+00]
 [ -4.12402249e+00   2.47701950e+00]
 [ -3.31175041e+00  -1.06196686e+00]
 [ -6.29556654e+00   6.94607797e-01]
 [  2.87638020e+00  -5.25853104e+00]
 [ -2.53158487e+00  -7.19863770e+00]
 [ -1.05816344e+00   1.99977487e+00]
 [  3.81651779e+00   1.37473954e+00]
 [  1.40038861e+00  -3.84686216e+00]
 [  2.04743141e+00   3.93108483e+00]
 [ -2.23784640e+00   3.01493605e+00]
 [  3.96451295e+00  -2.06377869e+00]
 [ -4.95424248e+00  -3.19192147e-01]
 [ -2.15098507e+00  -1.73999719e+00]
 [  1.20767165e+00  -3.33885415e+00]
 [  1.85443143e+00  -1.40565736e+00]
 [  4.74491643e+00   3.59457084e+00]
 [ -7.32299582e+00  -2.24198086e+00]
 [ -5.91163630e+00   2.93028450e+00]
 [ -3.11957764e+00  -3.15751224e+00]
 [ -1.08980888e+00  -5.32065401e+00]
 [  7.99812742e-01  -2.26355231e+00]
 [ -4.94471023e+00   2.07711440e+00]
 [  1.76823190e+00  -2.40678094e+00]
 [  4.77705270e+00   5.19988099e-01]
 [ -4.29272979e+00  -1.28708498e+00]
 [ -3.87757447e+00   1.82434439e+00]
 [ -5.35712845e+00   1.03093991e+00]
 [  8.84003936e-01   2.11157248e+00]
 [ -2.70668404e+00   4.71510926e+00]
 [  1.05970990e+00  -3.98910443e+00]
 [ -2.61569152e+00  -2.27306185e+00]
 [ -4.24027604e+00  -3.29233531e+00]
 [  6.65672039e+00   1.82032126e+00]
 [  1.85685909e+00  -3.73465337e+00]
 [  2.93283368e+00  -1.28662890e+00]
 [  3.52398686e+00  -6.98879502e-01]
 [ -2.11808999e+00  -3.02555472e+00]
 [ -2.46980345e+00  -3.20085448e+00]
 [  1.55504885e+00  -4.95043458e-01]
 [  4.91169347e+00  -2.77576081e+00]
 [  2.14130272e+00   3.50131092e+00]
 [ -2.58548183e+00   9.41573258e-01]
 [ -3.27150192e+00   1.52531350e+00]
 [  4.87155212e+00  -4.38055536e+00]
 [ -5.37545889e+00   5.60632223e-01]
 [  2.85650232e+00  -1.73628048e+00]
 [ -3.78196878e+00   3.34386298e+00]
 [  9.24910131e-01  -5.22078917e+00]
 [ -2.18787724e+00  -2.45699809e+00]
 [ -1.18745112e+00   4.92461311e-01]
 [ -1.60841239e+00   3.76640962e+00]
 [  2.77860079e+00  -5.59051154e-03]
 [ -2.83836939e+00   3.07117233e+00]
 [ -4.60161936e+00  -1.95650905e+00]
 [  5.32130629e+00   1.79318773e+00]
 [  3.23222258e-01   1.01139811e+00]
 [ -2.85723989e+00   4.19150527e+00]
 [ -3.47313445e+00   4.27077560e+00]
 [ -2.43025686e+00   2.13037174e+00]
 [  3.21965476e+00   1.65188297e+00]
 [  4.97194223e+00   4.30058821e+00]
 [ -1.31390111e+00  -7.23351486e+00]
 [  2.70085383e+00  -2.46474383e+00]
 [  2.21965694e+00  -1.76372021e+00]
 [  8.56382104e-01  -2.82452791e+00]
 [ -3.34215150e+00   2.15103028e+00]
 [  6.12052097e-02   3.86214455e+00]
 [ -2.39180364e+00  -5.44174188e-01]
 [ -2.41593548e+00   4.78854894e+00]
 [  5.13222355e+00  -3.88766215e+00]
 [  3.80376506e+00  -1.41014637e+00]
 [ -4.43621470e+00   8.76251080e-01]
 [  4.91966714e+00  -1.68832845e+00]
 [  2.09316034e+00   4.45720520e+00]
 [  4.08301519e+00   7.88600058e-01]
 [  5.56575130e+00   3.12286848e+00]
 [ -4.18423578e+00   3.97395842e+00]
 [  3.55981273e+00  -2.73889325e+00]
 [ -1.67617084e+00   4.78944269e+00]
 [ -8.06824637e-02   5.44269733e-01]
 [ -1.09941692e+00  -1.64480623e+00]
 [ -2.06436131e+00   3.43060621e+00]
 [  4.11937781e+00   3.38330877e-01]]