[[ 4.37985368 -5.25289706]
 [ 2.6696308   2.95087215]
 [-1.30214815 -1.45552009]
 [-3.89819181  4.58432209]
 [ 3.77738123  2.36440461]
 [-5.87855604 -1.76894503]
 [ 3.50880777 -1.64430948]
 [-3.72976179  2.81155597]
 [ 4.36622252 -3.33283486]
 [ 0.76640368 -4.20294719]
 [ 3.10935665  4.59817812]
 [ 2.3712949  -0.24928218]
 [ 1.58892747  3.38349274]
 [-1.92302755  2.77448114]
 [ 0.83138382 -3.19140076]
 [ 4.62174865 -0.84293355]
 [-4.12870276  2.26293897]
 [-3.45621555 -1.36579569]
 [-6.14472813  0.36045484]
 [ 4.96730341 -3.2118664 ]
 [-3.27365814 -6.7628114 ]
 [-1.20491411  1.90910303]
 [ 1.05170375 -3.70399219]
 [ 3.4557323  -0.93876434]
 [ 2.43826381  4.32818116]
 [-2.34994632  2.95173062]
 [ 4.49467145  0.62346198]
 [-4.71042919 -0.04728959]
 [-2.00498433 -2.28829284]
 [ 2.86977561  0.03946724]
 [ 2.38818648 -1.45285811]
 [ 0.45502345 -5.72649706]
 [-7.65910837 -0.42513535]
 [-5.76490037  3.16620644]
 [-2.9368283  -2.82107187]
 [-1.54947811 -4.74931111]
 [ 1.51558937 -0.74080153]
 [-4.79941109  2.43664844]
 [ 2.24972347 -1.26264343]
 [ 2.32363602 -4.08729366]
 [-4.26307315 -1.26200843]
 [-2.093622    4.05707993]
 [-5.24334832  1.51290593]
 [ 1.19573623  2.58928445]
 [-2.3755211   4.95143595]
 [ 3.66340011 -0.60666223]
 [-2.37220816 -2.0207559 ]
 [-4.07846486 -3.17746417]
 [ 6.05532156  3.39919206]
 [ 2.90913129 -2.47628124]
 [ 3.53621968  1.18419119]
 [ 3.71466567  1.87417707]
 [-1.80976548 -2.61289217]
 [-2.23768684 -2.81581487]
 [ 2.17918192  0.93558628]
 [ 5.70003643  0.91250071]
 [ 2.65859048  3.91537974]
 [-2.83399906  0.57319611]
 [-3.2553177   1.60736646]
 [ 6.29587405 -1.83765704]
 [-5.27495632  0.90541506]
 [ 3.31612232  0.33150699]
 [-3.65115692  3.4311752 ]
 [ 4.48447858 -2.30547492]
 [-1.92464174 -1.74341665]
 [-1.07454474  0.8308    ]
 [-1.48923857  3.89012621]
 [ 1.68103679 -2.40448798]
 [-2.42607108  3.53753523]
 [-4.55087946 -2.01333918]
 [ 2.39379307 -5.0872158 ]
 [-0.3633576  -0.11863553]
 [-1.6424197   5.09469485]
 [-3.56760375  4.04331477]
 [-2.71261981  1.76152085]
 [ 2.36710515 -2.83749142]
 [ 1.63241392 -6.27462958]
 [-2.32515893 -6.82208864]
 [ 3.71026362  0.25427729]
 [ 2.67627449 -0.7866124 ]
 [ 1.53419094 -1.45019018]
 [-3.63438896  1.90137361]
 [ 0.13159919  3.94731284]
 [ 0.0405969   3.3638287 ]
 [-2.78620311  4.64100012]
 [ 6.01873605 -2.23149069]
 [ 4.18829155  1.67823316]
 [-4.33657702  1.16041963]
 [ 5.29209856  0.44041436]
 [ 2.54531837  4.70651818]
 [ 1.97004082 -3.6606303 ]
 [ 0.65674437 -6.24292802]
 [-4.14917552  4.0233983 ]
 [ 4.50514846 -0.30051123]
 [-1.83174592  4.83832952]
 [ 0.05138788  0.88639847]
 [-0.90171423 -0.91701513]
 [-2.88555975  2.43192442]
 [ 1.50159114 -3.62612469]]