[[ 5.66463695 -3.68748098]
 [ 1.781619    3.35219881]
 [-0.9306432  -1.9358251 ]
 [-5.91323178  0.17906571]
 [ 3.12620741  3.21759748]
 [-2.58538844  5.71453893]
 [ 3.76073031 -0.94298204]
 [-4.57798648  0.14181716]
 [ 5.68011527  0.34244222]
 [ 1.75541218 -3.91384984]
 [ 2.0468625   5.09202701]
 [ 2.43149948  0.81249961]
 [ 0.65875867  3.50214358]
 [-3.10355765  0.61320581]
 [ 1.65951783 -2.81570282]
 [ 4.46159072 -0.50107299]
 [-4.6091357  -1.08370457]
 [-1.26128393  3.70661495]
 [-5.82299907 -2.36630545]
 [ 5.89530741 -0.48932942]
 [-1.76574833 -7.27477063]
 [-2.00876496  0.30894035]
 [ 2.10851079 -3.28272882]
 [ 3.65546613  0.30986317]
 [ 1.38156971  4.63264406]
 [-3.41320504  1.16088253]
 [ 4.20106017  1.69120017]
 [-4.2861908  -2.67084764]
 [-1.44259621 -2.8384398 ]
 [ 2.88282118  0.88993973]
 [ 2.54158688 -0.96495112]
 [ 1.90871637 -5.4061323 ]
 [-5.1754836   5.69012098]
 [-6.59794613  0.80100208]
 [-2.33683149 -3.50729122]
 [-0.4559553  -4.95951071]
 [ 1.73961433 -0.00739605]
 [-5.3960047  -0.42362428]
 [ 2.62313459 -0.58458322]
 [ 3.36569682 -3.18640548]
 [-1.77457782  4.50764373]
 [-3.53771789  2.58598002]
 [-5.33396436 -1.41858377]
 [ 0.39000228  2.62171749]
 [-4.40717935  2.79901332]
 [ 3.56889075  1.37356125]
 [-1.89856896 -2.71773004]
 [-3.34653671 -4.11314077]
 [ 5.26782381 -4.34584693]
 [ 3.41473537 -1.57497414]
 [ 3.10795644  1.97376494]
 [ 3.13409592  2.72803954]
 [-1.29489026 -3.17087889]
 [-1.68665582 -3.30723741]
 [ 1.85219095  1.44633635]
 [ 5.13367316  2.77403407]
 [ 1.67706631  4.33367814]
 [-2.34124429  1.50371651]
 [-3.56308368  0.81983893]
 [ 6.35760939 -1.33952687]
 [-4.45820857  3.3595754 ]
 [ 3.19647508  0.21123972]
 [-4.86488878  0.97744802]
 [ 5.04792993  1.95040508]
 [-1.43175273 -2.33487611]
 [-1.11869336  1.03117285]
 [-2.95644641  2.59694461]
 [ 2.25204226 -2.02710023]
 [-3.75615219  1.66035563]
 [-1.44514346  4.96150447]
 [ 3.32613662 -4.40917378]
 [-0.07044063  0.55949832]
 [-5.10878414  0.47873515]
 [-5.13603106  1.66916128]
 [-3.35506004 -0.53199668]
 [ 1.54002364 -3.23417624]
 [ 2.92231673 -5.74390644]
 [-0.62921053 -7.13514112]
 [ 3.53139409  0.94745623]
 [ 2.8031779  -0.28441629]
 [ 1.8811649  -0.72925708]
 [-3.98135155  0.09127041]
 [-0.9146943   4.34280838]
 [-1.10082816  2.99216552]
 [-3.76848992  3.51811031]
 [ 6.0139557  -1.83836037]
 [ 3.63229173  2.86658422]
 [-4.43668446 -0.76243402]
 [ 5.09518508  1.48262332]
 [ 1.53533708  5.04616542]
 [ 2.7697217  -3.08471532]
 [ 1.84027808 -5.97016452]
 [-5.32340635  2.18604871]
 [ 4.41069733  0.39107894]
 [-4.52476345  1.89417417]
 [-0.36022203  0.31837258]
 [-0.42996421 -0.71336908]
 [-3.78273301 -0.8395941 ]
 [ 2.78871437 -2.68943266]]