[[ 6.82473295 -0.42183421]
 [ 2.23949932  2.51041309]
 [-1.54938962 -2.29064551]
 [-5.34918036  2.56576091]
 [ 3.13893811 -0.2649964 ]
 [-1.57790376  6.08441593]
 [ 3.01266699 -2.58511562]
 [-4.59599805  0.81393788]
 [ 2.18635961 -5.25753946]
 [ 3.97477543  2.16766081]
 [ 2.43436744  4.51862325]
 [ 1.92754729 -1.53769468]
 [ 1.04269389  2.77289665]
 [-2.88386667  1.33315695]
 [ 3.2286289   1.00270679]
 [ 2.86421436 -3.66803598]
 [-4.45693825  1.49865947]
 [-0.42314141  3.60503295]
 [-6.32166106  0.22778026]
 [ 3.03300417 -5.16754745]
 [-2.20901729 -7.29174912]
 [-1.37229589  1.56653264]
 [ 3.87960937  1.22128504]
 [ 1.16815173 -3.94229688]
 [ 2.02549309  3.97996604]
 [-3.08907637  2.16786718]
 [ 3.93186704 -2.09294398]
 [-4.80595111 -1.37163648]
 [-2.17091314 -1.98467246]
 [ 1.05559183 -3.38827321]
 [ 1.66097887 -1.68048394]
 [ 4.68930928  3.64026548]
 [-7.09978997 -2.81677005]
 [-6.29205736  2.04254902]
 [-3.05339479 -3.23756769]
 [-1.19763236 -5.24823494]
 [ 0.77823171 -2.18421696]
 [-5.29615869  0.86303925]
 [ 1.61614143 -2.38075653]
 [ 4.81841794  0.28925394]
 [-0.81877395  4.67456061]
 [-2.54875143  3.61377039]
 [-5.44138496 -0.36316997]
 [ 0.86082893  2.27486959]
 [-3.7768314   3.85254348]
 [ 0.85112019 -3.98971736]
 [-2.60013229 -2.41806093]
 [-4.12450579 -3.37982711]
 [ 6.61491349  1.92712969]
 [ 1.74600769 -3.71992257]
 [ 2.78432621 -1.46720988]
 [ 3.34247655 -0.83911485]
 [-2.07354994 -3.13044161]
 [-2.41176189 -3.26392752]
 [ 1.4745198  -0.52878468]
 [ 4.30276524 -3.58121497]
 [ 2.12707361  3.60147107]
 [-1.9478521   1.95330673]
 [-2.90833317  2.02912217]
 [ 5.21030037 -4.00591101]
 [-2.86364874  4.7157388 ]
 [ 2.67576485 -1.95106638]
 [-4.61815633  1.97850637]
 [ 1.01327988 -5.17724531]
 [-2.12471092 -2.59628083]
 [-1.10370712  0.61153804]
 [-2.50179083  2.99509061]
 [ 2.7573646  -0.01678002]
 [-4.05228014  0.54582707]
 [-0.46371487  5.04848675]
 [ 5.45445857  1.46243853]
 [ 0.33711644  1.209914  ]
 [-4.28822904  2.62498789]
 [-4.18406077  3.47632258]
 [-3.22914218  0.65086921]
 [ 3.27877342  1.53837897]
 [ 5.58023657  3.51555958]
 [-0.89148404 -7.27837449]
 [ 2.47195588 -2.69308012]
 [ 1.93367739 -2.33868914]
 [ 0.83206393 -2.76990359]
 [-3.89067539  1.00658664]
 [-0.16577325  4.18562488]
 [-2.52110353 -1.03772553]
 [-3.26815529  4.26602769]
 [ 5.49705894 -3.33287164]
 [ 3.71352806 -1.45386705]
 [-4.5871875  -0.19098671]
 [ 4.82124581 -1.85049113]
 [ 2.06203625  4.5167175 ]
 [ 4.17727912  0.59708826]
 [ 5.01444263  3.98451902]
 [-4.89368411  3.02175745]
 [ 3.32355644 -3.05010049]
 [-3.28994751  3.66897787]
 [-0.14172334  0.43870266]
 [-0.99537717 -1.54859073]
 [-3.44535633  1.69749637]
 [ 4.12675987  0.23063318]]