[[  6.26161599e+00   2.86901684e+00]
 [  1.05134909e+00   3.34183329e+00]
 [ -4.81375731e-01  -2.25090989e+00]
 [ -5.08438340e+00   3.18173484e+00]
 [  2.72365967e+00   1.78707325e+00]
 [ -4.58564031e+00  -4.11015474e+00]
 [  3.67431474e+00  -1.43102425e+00]
 [ -4.13646203e+00   2.10657558e+00]
 [  4.33510816e+00  -3.53459254e+00]
 [  2.81266379e+00   3.78215262e+00]
 [  6.92847370e-01   5.26844195e+00]
 [  2.41376990e+00  -1.55969383e+00]
 [ -9.60622237e-02   3.26788922e+00]
 [ -2.65977534e+00   2.45463655e+00]
 [  2.40561330e+00   2.30160442e+00]
 [  4.36495163e+00  -1.50960920e+00]
 [ -4.38814085e+00   1.50624631e+00]
 [ -2.68429040e+00  -3.02005136e+00]
 [ -6.12531898e+00  -1.55121437e+00]
 [  5.11072356e+00  -2.99046898e+00]
 [  3.35617769e-01  -7.56883891e+00]
 [ -1.72314049e+00   1.73631602e+00]
 [  3.03782158e+00   2.64310140e+00]
 [  2.83735063e+00  -2.68330746e+00]
 [  3.95355060e-01   4.67756012e+00]
 [ -3.15730885e+00   2.15584409e+00]
 [  4.44839453e+00  -4.99377341e-02]
 [ -4.43648511e+00  -1.70514433e+00]
 [ -1.22545214e+00  -2.09389295e+00]
 [  2.40713519e+00  -2.29642096e+00]
 [  2.26748880e+00  -5.45231240e-01]
 [  3.01594042e+00  -5.04331200e+00]
 [ -5.73963112e+00  -5.08361380e+00]
 [ -6.57400166e+00   8.05053837e-01]
 [ -1.37515864e+00  -3.98605689e+00]
 [  7.86029580e-01  -5.19151687e+00]
 [  1.60485274e+00  -1.68997768e+00]
 [ -5.33390190e+00   6.26967200e-01]
 [  2.57151481e+00  -1.15689712e+00]
 [  4.24223210e+00   2.47623311e+00]
 [ -3.49275217e+00  -3.10031607e+00]
 [ -4.27919607e+00   1.71097986e-01]
 [ -5.38499640e+00  -7.68650554e-01]
 [ -7.96167031e-02   2.54702298e+00]
 [ -4.89574961e+00   2.26599165e+00]
 [  3.15759502e+00  -2.36180997e+00]
 [ -1.34676852e+00  -2.79231744e+00]
 [ -1.92059137e+00   4.94019674e+00]
 [  4.11763942e+00   5.53479513e+00]
 [  2.65697284e+00  -2.91131285e+00]
 [  3.03273492e+00   3.47382622e-01]
 [  3.36386456e+00   1.10487848e+00]
 [ -5.48604847e-01  -3.30201177e+00]
 [ -7.97316750e-01  -3.71182515e+00]
 [  1.58469328e+00   2.30406094e-01]
 [  5.62808717e+00   5.32117553e-03]
 [  6.27833193e-01   4.29793348e+00]
 [ -2.88131276e+00  -4.33462552e-01]
 [ -3.57198429e+00   3.41285296e-01]
 [  6.38032261e+00  -1.41655956e+00]
 [ -5.19076429e+00  -1.40545488e+00]
 [  3.26051676e+00   1.62663335e-02]
 [ -4.31586965e+00   2.80713008e+00]
 [  2.83373597e+00  -4.10580004e+00]
 [ -9.11451396e-01  -2.81745965e+00]
 [ -1.35350399e+00   1.50213061e-01]
 [ -3.39321260e+00   1.66139920e+00]
 [  2.43011246e+00   1.31187555e+00]
 [ -3.39831755e+00   2.90692552e+00]
 [ -3.18451705e+00  -4.06660784e+00]
 [  4.31031413e+00   3.85204272e+00]
 [ -2.37902470e-01   1.18860922e-01]
 [ -3.58938551e+00   3.92854401e+00]
 [ -5.17695120e+00   1.42392304e+00]
 [ -2.99224896e+00   1.12069149e+00]
 [  2.26317053e+00   3.25499096e+00]
 [  3.33336773e+00   5.60253988e+00]
 [  1.27637148e+00  -7.18307195e+00]
 [  3.46438745e+00  -7.51322772e-01]
 [  2.68161400e+00  -4.56237469e-01]
 [  1.84968630e+00  -2.22052936e+00]
 [ -3.85495005e+00   9.23937800e-01]
 [ -2.61424242e+00  -3.55569714e+00]
 [ -2.05641146e+00  -1.33011734e+00]
 [ -5.19135445e+00   3.48058704e-01]
 [  6.37598544e+00  -8.29954274e-01]
 [  3.99260384e+00   4.98861085e-01]
 [ -4.39578407e+00  -7.05518084e-01]
 [  5.14085062e+00   8.48975274e-01]
 [  2.96029034e-01   5.10446079e+00]
 [  3.55734968e+00   2.47554897e+00]
 [  4.11172205e+00  -4.92543578e+00]
 [ -5.43676668e+00   2.01165236e+00]
 [  4.37526395e+00  -6.77122789e-01]
 [ -3.77229686e+00   3.63504579e+00]
 [ -2.63791697e-01   1.00650465e+00]
 [ -3.88714968e-01  -1.67450211e+00]
 [ -2.97918111e+00   2.90263532e+00]
 [  3.80386222e+00   1.86928873e+00]]