[[ 5.41712663  4.22294871]
 [ 0.13171013  3.35845665]
 [ 0.18673861 -2.51775753]
 [-6.01745453  0.24065609]
 [ 1.82833927  2.37443961]
 [-2.96280109 -5.33010583]
 [ 3.98987377 -0.37874989]
 [-4.5059538  -0.97795397]
 [ 5.19282701 -2.36548724]
 [ 1.66924681  4.18252749]
 [-1.261796    5.13458244]
 [ 2.474548   -0.3335822 ]
 [-0.9266239   2.88318739]
 [-3.45847261  0.8626362 ]
 [ 1.7278237   2.95641706]
 [ 4.64883685 -0.53632146]
 [-4.52565116 -1.33026721]
 [-2.2786792   1.94035155]
 [-5.19569406 -3.61040372]
 [ 5.7655847  -1.54936922]
 [ 2.87566753 -7.00965128]
 [-2.11393927  0.20826914]
 [ 2.11484401  3.43538617]
 [ 3.56332255 -1.97250183]
 [-1.17453792  4.45065836]
 [-3.7831576   0.43682162]
 [ 4.29401964  1.1163456 ]
 [-4.61809418  2.02330577]
 [-0.50012654 -2.58838434]
 [ 3.10242667 -1.65503616]
 [ 2.32547055  0.39623344]
 [ 4.13210348 -4.12001568]
 [-3.35036864 -6.8737066 ]
 [-6.18243045 -2.34968551]
 [-0.1885496  -4.2461087 ]
 [-0.14056051  5.30496874]
 [ 1.9703469  -1.06535379]
 [-4.97945321 -2.0995451 ]
 [ 2.90207473 -0.53061396]
 [ 3.53975656  3.29592728]
 [-2.06123778 -3.90890913]
 [-3.6572443  -2.14189698]
 [-4.11378374 -3.49060478]
 [-0.61746386  1.85551984]
 [-5.41102295  0.88404905]
 [ 3.3178858  -2.39723032]
 [-0.47856182 -3.27380918]
 [-0.66962017 -5.17042021]
 [ 2.95205468  6.25190504]
 [ 3.84524016 -1.52025343]
 [ 2.94834062  0.9763741 ]
 [ 2.87492684  1.76164044]
 [ 0.40750561 -3.46552563]
 [ 0.35535405 -3.89516101]
 [ 1.47391844  0.43738367]
 [ 5.47526902  1.35653448]
 [-0.74666249  4.2472841 ]
 [-2.3819023  -1.46639869]
 [-3.61253206 -0.09756604]
 [ 6.54718272  0.6132058 ]
 [-3.66716422 -3.8896415 ]
 [ 3.27609443  0.55960582]
 [-5.11047105  0.15169561]
 [ 4.20401647 -3.08351181]
 [-0.03192691 -3.21510982]
 [-1.22605148 -0.61174443]
 [-3.66630529 -0.73118341]
 [ 2.17320762  2.00515326]
 [-4.31562035  0.26105278]
 [-3.63377218  3.47858592]
 [ 3.42157546  4.56849573]
 [-0.40323789  0.70711388]
 [-5.10897005  1.74996474]
 [-5.37983842 -0.59233516]
 [-3.06575644 -0.88650203]
 [ 2.61983066 -1.98540899]
 [ 1.47132476  6.37667151]
 [ 3.6569994  -6.30982765]
 [ 3.61997068  0.01060576]
 [ 2.87948201  0.01601368]
 [ 2.40413952 -1.34856911]
 [-3.7000568  -1.45430993]
 [-2.88640129  3.07642985]
 [-2.41354758  2.70266055]
 [-4.69687275 -2.15691382]
 [ 6.41637984  0.19892618]
 [ 3.6755683   1.52934556]
 [-3.44765492 -2.88068255]
 [ 4.82015232  1.92047751]
 [-1.51402111  4.87905782]
 [ 2.75229684  3.24335508]
 [ 2.215794    5.89636212]
 [-5.73168671 -0.83991465]
 [ 4.46904877  0.36383969]
 [-5.00483005  1.45407311]
 [-0.40895892  0.05635294]
 [ 0.21465893 -1.98289554]
 [-4.03880536  1.00292914]
 [ 3.02541946  2.82014295]]