[[  6.70399014e+00  -1.21277326e+00]
 [ -1.20091003e-01   4.13565914e+00]
 [  3.11672098e-01  -2.34917566e+00]
 [ -5.88305506e+00  -5.92452368e-01]
 [  1.33316659e+00   4.05886272e+00]
 [ -2.72884661e+00  -5.53311792e+00]
 [  3.88615806e+00   7.62339779e-01]
 [ -4.39634792e+00  -1.42214606e+00]
 [  5.44815593e+00   6.59597117e-01]
 [  3.35641287e+00  -2.69006194e+00]
 [ -1.22411064e+00   5.23399059e+00]
 [  2.51709749e+00   7.83136333e-01]
 [ -1.25866249e+00   3.34280881e+00]
 [ -3.23322074e+00  -2.61484770e-01]
 [  2.89692705e+00  -1.80714298e+00]
 [  4.33947721e+00   1.38610442e+00]
 [ -4.10982588e+00  -2.24317359e+00]
 [ -2.27633252e+00   1.45438897e+00]
 [ -6.47673915e+00  -9.65971903e-02]
 [  5.41418455e+00   2.57248265e+00]
 [  2.84010324e+00  -6.96835250e+00]
 [ -2.04401702e+00  -3.53793370e-01]
 [  3.41418713e+00  -2.06255104e+00]
 [  3.47253635e+00   6.04775727e-01]
 [ -1.39111781e+00   4.56593440e+00]
 [ -3.67131413e+00  -1.69159410e-01]
 [  3.74870241e+00   2.44244313e+00]
 [ -2.77686587e+00  -3.96535270e+00]
 [  2.48362137e-01  -3.25153671e+00]
 [  2.65807333e+00   1.53175710e+00]
 [  2.44546713e+00   3.96443520e-01]
 [  4.14135384e+00  -4.10079102e+00]
 [ -5.16019642e+00  -5.65761671e+00]
 [ -5.99517563e+00  -2.67674808e+00]
 [ -5.03761031e-03  -4.34741838e+00]
 [  2.21483650e+00  -4.62924377e+00]
 [  1.58717436e+00   5.58166929e-01]
 [ -4.83825731e+00  -2.34113161e+00]
 [  2.79851922e+00   1.34211978e-01]
 [  4.46453103e+00  -1.52387045e+00]
 [ -1.79071960e+00  -4.01168295e+00]
 [ -4.37331047e+00   1.29180287e+00]
 [ -4.37555089e+00  -3.31847707e+00]
 [ -1.00271995e+00   2.70339581e+00]
 [ -5.18549225e+00   1.48421575e+00]
 [  2.68713155e+00   2.84351079e+00]
 [ -1.07484818e-01  -3.54865681e+00]
 [ -5.80984941e-01  -5.28963442e+00]
 [  2.23311500e+00   6.46521978e+00]
 [  3.78171584e+00  -1.95662396e-01]
 [  1.91728321e+00   2.96160977e+00]
 [  1.58495995e+00   3.48272389e+00]
 [  6.77280908e-01  -3.49425538e+00]
 [  4.53637996e-01  -3.83353966e+00]
 [  9.45176673e-01   1.89445432e+00]
 [  4.00344288e+00   4.12881814e+00]
 [ -9.95698960e-01   4.36939219e+00]
 [ -2.16208166e+00  -1.93194796e+00]
 [ -3.52215768e+00  -9.34038207e-01]
 [  6.38883380e+00   1.34972754e+00]
 [ -3.79487662e+00  -3.88219644e+00]
 [  2.75781783e+00   1.85147894e+00]
 [ -4.85745549e+00  -9.73288538e-01]
 [  3.25040593e+00   4.21224693e+00]
 [  3.77707631e-02  -2.97889818e+00]
 [ -1.26664030e+00  -2.31512229e-01]
 [ -3.87831910e+00   1.16786850e+00]
 [  1.72250918e+00   1.81790416e+00]
 [ -4.17235338e+00   5.18231285e-02]
 [ -3.78709649e+00   3.32223514e+00]
 [  5.12028764e+00  -2.34270734e+00]
 [ -4.95883504e-02  -6.25417601e-01]
 [ -5.07009432e+00  -1.17063006e-01]
 [ -5.42721269e+00   8.00068352e-01]
 [ -3.01058679e+00  -1.24478228e+00]
 [  8.82911200e-01   3.70768482e+00]
 [  5.30713408e+00  -3.77846088e+00]
 [  8.04366714e-01   7.28986046e+00]
 [  2.84520335e+00   2.29024224e+00]
 [  2.25183953e+00   1.37402161e+00]
 [  2.14743285e+00  -1.28607099e-02]
 [ -3.68470986e+00  -1.71317938e+00]
 [ -2.97837868e+00   2.82699399e+00]
 [ -2.48579973e+00   2.33372485e+00]
 [ -5.04827203e+00   1.86903431e+00]
 [  6.15273785e+00   1.78728753e+00]
 [  2.11768033e+00   3.79553214e+00]
 [ -3.62856470e+00  -2.74302770e+00]
 [  3.98032978e+00   3.37572004e+00]
 [ -1.67883972e+00   4.89612735e+00]
 [  3.92120479e+00  -1.38194440e+00]
 [  4.68565223e+00  -4.21947765e+00]
 [ -5.57704646e+00  -1.06404173e+00]
 [  3.91121990e+00   2.01270957e+00]
 [ -4.90987865e+00   5.93009820e-01]
 [ -4.89823518e-01   3.16485941e-01]
 [  1.65127107e-01  -1.45301994e+00]
 [ -3.11566373e+00  -2.10433866e+00]
 [  3.62131815e+00  -1.61023099e+00]]