[[  4.04887187e+00  -5.40269433e+00]
 [  2.26533971e+00   2.98995174e+00]
 [ -1.25539142e+00  -1.85856427e+00]
 [ -3.98066677e+00   4.43325508e+00]
 [  3.51430436e+00   2.55251613e+00]
 [ -5.98776679e+00  -1.97111454e+00]
 [  3.37570922e+00  -1.79559535e+00]
 [ -3.08888346e+00   3.45928534e+00]
 [  5.25382096e+00  -1.62460495e+00]
 [  9.78655523e-01  -4.27493084e+00]
 [  2.50940529e+00   4.60833183e+00]
 [  2.34710335e+00  -6.74086202e-01]
 [  1.06930755e+00   3.28927551e+00]
 [ -2.12525978e+00   2.45953998e+00]
 [  1.01669315e+00  -3.30197037e+00]
 [  4.11890961e+00  -1.52938918e+00]
 [ -3.72833784e+00   2.76838429e+00]
 [ -3.42876248e+00  -1.53754363e+00]
 [ -6.31068511e+00  -6.65965148e-02]
 [  5.83967506e+00  -1.30209343e+00]
 [ -2.32706165e+00  -7.13094829e+00]
 [ -1.16632326e+00   2.00405160e+00]
 [  1.28920040e+00  -3.74363700e+00]
 [  3.70209489e+00   4.66059020e-01]
 [  1.87177022e+00   4.24490578e+00]
 [ -2.33218642e+00   2.85903529e+00]
 [  4.34831881e+00  -4.67893089e-01]
 [ -4.96270982e+00  -4.13342139e-01]
 [ -1.88990006e+00  -2.70759793e+00]
 [  2.90421068e+00   3.99250655e-01]
 [  2.45509260e+00  -1.54799776e+00]
 [  5.60350839e-01  -5.78441617e+00]
 [ -2.14914270e+00   7.32539470e+00]
 [ -5.58360710e+00   3.61181274e+00]
 [ -2.88623517e+00  -3.35109522e+00]
 [ -1.41105770e+00  -4.96409882e+00]
 [  1.57741249e+00  -6.30036560e-01]
 [ -3.38541093e+00   4.27112434e+00]
 [  2.27988386e+00  -1.44504483e+00]
 [  2.52680508e+00  -3.93359103e+00]
 [ -4.44650312e+00  -1.58697565e+00]
 [ -4.21813883e+00   9.50413097e-01]
 [ -5.24413607e+00   2.08203891e+00]
 [  7.99765478e-01   2.51521563e+00]
 [ -4.72703357e+00   1.96339927e+00]
 [  3.99620636e+00   7.22336571e-01]
 [ -2.37989556e+00  -2.66290148e+00]
 [ -4.00161357e+00  -3.73987861e+00]
 [  5.42221883e+00  -4.24358216e+00]
 [  2.94710246e+00  -2.35246234e+00]
 [  3.39234985e+00   1.25667429e+00]
 [  3.51378030e+00   2.03216803e+00]
 [ -1.71987027e+00  -3.08422390e+00]
 [ -2.18245260e+00  -3.21680687e+00]
 [  1.86583384e+00   6.75561751e-01]
 [  5.67150119e+00   1.15479670e+00]
 [  1.97312840e+00   3.86892567e+00]
 [ -2.90547126e+00   4.36808966e-01]
 [ -3.41380188e+00   1.32235241e+00]
 [  5.65198256e+00  -3.04459001e+00]
 [ -5.46554012e+00   1.18889670e+00]
 [  3.23121693e+00  -3.60201309e-01]
 [ -3.62848714e+00   3.49846383e+00]
 [  5.14345062e+00   1.59321062e+00]
 [ -1.89822410e+00  -2.25299431e+00]
 [ -1.25523274e+00   5.55899841e-01]
 [ -3.22808888e+00   1.69371045e+00]
 [  1.74495102e+00  -2.56398573e+00]
 [ -1.81861776e+00   3.95794686e+00]
 [ -4.62485128e+00  -2.25797765e+00]
 [  2.42403130e+00  -5.03198647e+00]
 [ -3.79843903e-01  -3.06029098e-01]
 [ -2.33717095e+00   4.65773769e+00]
 [ -4.61421405e+00   2.58262684e+00]
 [ -1.65514545e+00   3.21520544e+00]
 [  2.69302432e+00   1.69397615e+00]
 [  1.50745121e+00  -6.32036000e+00]
 [  5.17842137e+00   5.26229601e+00]
 [  3.56480335e+00  -7.32444644e-03]
 [  2.78461747e+00  -4.46674965e-01]
 [  1.79413609e+00  -1.06387464e+00]
 [ -2.86613014e+00   2.86507279e+00]
 [ -3.77340187e+00  -2.04010745e+00]
 [ -2.49040510e+00  -8.99229083e-01]
 [ -4.97509845e+00   1.14378856e+00]
 [  5.68723244e+00  -2.71584973e+00]
 [  4.04145142e+00   1.94147161e+00]
 [ -2.52356860e+00   3.76395246e+00]
 [  5.25416178e+00   2.94251045e-01]
 [  1.95067680e+00   4.66832739e+00]
 [  2.19835966e+00  -3.53654943e+00]
 [  5.96616072e-01  -6.29126026e+00]
 [ -4.49716655e+00   3.49981699e+00]
 [  4.47199435e+00  -1.66526753e-01]
 [ -1.88797219e+00   4.71947497e+00]
 [ -9.48106020e-02   7.56763918e-01]
 [ -8.43829611e-01  -1.13384429e+00]
 [ -3.02458575e+00   2.04923394e+00]
 [  1.76728945e+00  -3.53991035e+00]]