[[  6.87106144e+00  -3.22566250e-01]
 [  2.64007534e+00   2.67425722e+00]
 [ -1.73443668e+00  -2.22741331e+00]
 [ -5.04619851e+00   3.12556940e+00]
 [  1.27747462e+00  -3.09203332e+00]
 [ -9.37031043e-01   6.13953444e+00]
 [  3.25656916e+00  -2.31226185e+00]
 [ -4.47093070e+00   1.26847863e+00]
 [  2.85347607e+00  -4.95700674e+00]
 [  3.84450686e+00   2.24163998e+00]
 [ -1.16231482e+00  -4.42677054e+00]
 [  1.47096048e+00  -2.04928416e+00]
 [  9.65317442e-01   2.40824621e+00]
 [ -2.86635122e+00   1.58973815e+00]
 [  5.84676830e-01  -2.77954820e+00]
 [  3.48593387e+00  -3.18144800e+00]
 [ -3.71461413e+00   2.97429790e+00]
 [ -2.42435968e+00  -4.31277211e-01]
 [ -6.39306571e+00   2.81808954e-01]
 [  3.72129728e+00  -4.74765311e+00]
 [ -2.09978980e+00  -7.33703981e+00]
 [ -1.56175808e+00   1.42273683e+00]
 [  7.45850124e-01  -3.57058662e+00]
 [  1.24456188e+00  -3.91995317e+00]
 [  2.10436586e+00   3.87957888e+00]
 [ -2.62336537e+00   2.72002561e+00]
 [  2.99501665e+00  -3.33936960e+00]
 [ -5.06126957e+00  -1.19766700e+00]
 [ -2.43825207e+00  -2.26407915e+00]
 [  2.35425002e+00  -1.33084906e+00]
 [  2.59946662e+00  -2.52100902e-01]
 [  4.99768841e+00   3.20440009e+00]
 [ -3.97742097e+00   6.61102210e+00]
 [ -6.19861478e+00   2.34182868e+00]
 [ -3.36685969e+00  -3.23573913e+00]
 [ -1.33957220e+00  -5.30935373e+00]
 [  1.29196615e+00  -9.26403120e-01]
 [ -5.03094994e+00   2.02248036e+00]
 [  2.01031615e+00  -1.63352160e+00]
 [  4.70506069e+00   6.04737278e-01]
 [ -4.10115193e+00  -1.39247460e+00]
 [ -1.97529709e+00   4.00710730e+00]
 [ -5.49062003e+00   3.54030316e-01]
 [  1.25029748e+00   2.59577008e+00]
 [ -2.79168427e+00   4.44018258e+00]
 [  3.65628406e+00  -6.37728969e-01]
 [ -2.87031940e+00  -2.54983423e+00]
 [ -4.47840276e+00  -3.29714336e+00]
 [  6.44338384e+00   2.25793807e+00]
 [  3.61197120e+00  -1.15970213e+00]
 [  1.98698690e+00  -2.47784061e+00]
 [  2.96994087e+00   4.84945774e-01]
 [ -2.31857517e+00  -3.18842558e+00]
 [ -2.70266051e+00  -3.23385017e+00]
 [  1.60836817e+00  -5.46341614e-03]
 [  5.16751415e+00  -2.28374480e+00]
 [  2.15806983e+00   3.48227387e+00]
 [ -2.78294621e+00   6.05551478e-01]
 [ -3.58938909e+00   1.04284344e+00]
 [  5.26915903e+00  -3.94129319e+00]
 [ -5.48745161e+00  -3.11723398e-01]
 [  2.42369775e+00  -2.16450018e+00]
 [ -4.29690408e+00   2.68906700e+00]
 [  5.07989708e+00  -7.83139478e-01]
 [ -2.32938561e+00  -2.66568993e+00]
 [ -1.29890118e+00   3.99060378e-01]
 [ -2.02263809e+00   3.39012741e+00]
 [  3.35398523e+00   6.62615262e-01]
 [ -3.76612098e+00   2.00587608e+00]
 [ -7.00619537e-02   5.01516009e+00]
 [  1.73650433e+00  -5.30341231e+00]
 [  1.80075440e-01   1.04974666e+00]
 [ -5.00909533e+00   1.31033582e+00]
 [ -3.47955885e+00   4.13240519e+00]
 [ -2.27686951e+00   2.37641561e+00]
 [  3.65347536e+00   1.67267255e+00]
 [  4.79970977e+00   4.41704306e+00]
 [ -4.96649365e-01  -7.32012468e+00]
 [  3.02157554e+00  -1.74667001e+00]
 [  2.63133551e+00  -8.11954806e-01]
 [  1.38139035e+00  -1.39845632e+00]
 [ -3.70407408e+00   1.70686165e+00]
 [  1.61666204e-01   4.24684172e+00]
 [ -2.87481236e-01   3.08287034e+00]
 [ -2.34446563e+00   4.68043667e+00]
 [  5.47196033e+00  -3.42786088e+00]
 [  2.61726581e+00  -2.90563774e+00]
 [ -4.57053250e+00   2.89260529e-01]
 [  4.95589101e+00  -1.46702161e+00]
 [  2.24311139e+00   4.32446028e+00]
 [  1.98900276e+00  -3.47033142e+00]
 [  5.29609363e+00   3.57175519e+00]
 [ -4.30219683e+00   3.75930329e+00]
 [  3.94419309e+00  -2.04669718e+00]
 [ -3.05275609e+00   3.85432172e+00]
 [ -4.59400355e-01   3.54646172e-02]
 [ -1.23705108e+00  -1.50027195e+00]
 [ -3.09789815e+00   2.25053740e+00]
 [  4.05499588e+00   6.31256353e-01]]