[[ 5.75838586  3.64830873]
 [ 0.91435484  3.10823004]
 [-0.5789622  -2.26081475]
 [-5.53857961  2.23446859]
 [ 2.46446019 -2.71835494]
 [-4.66935589 -4.0585165 ]
 [ 3.93785338  0.70801942]
 [-4.61292597  0.49462841]
 [ 4.80229792 -3.15613833]
 [ 1.88059789  4.24262431]
 [ 0.9295902  -4.65908127]
 [ 2.52581348 -1.18019567]
 [ 0.01483469  1.01308593]
 [-3.02186163  1.26880928]
 [ 2.27566211  2.76987455]
 [ 4.57484377 -0.98524519]
 [-4.12517025  2.44951715]
 [-1.46909284  2.54292597]
 [-6.11870794 -1.58314997]
 [ 5.43591406 -2.6952786 ]
 [ 1.56643855 -7.50075452]
 [-1.99110777  0.63260115]
 [ 2.54819905  3.40302283]
 [ 3.03646636 -2.78007635]
 [ 0.76964414 -3.81050605]
 [-3.38991207  1.78035527]
 [ 4.45662611 -0.39684607]
 [-4.28434837 -2.30889221]
 [-1.32954115 -2.29533294]
 [ 2.66553418 -2.09302861]
 [ 2.56886037  0.962574  ]
 [ 1.61856556  5.74076341]
 [-6.31199211 -4.38262992]
 [-6.5243884   1.30412183]
 [-1.57455824 -4.14586155]
 [ 1.59499403 -5.31308091]
 [ 1.73833845 -1.00982649]
 [-5.22132743  1.38427177]
 [ 2.63097625 -0.22658628]
 [ 3.68249831  3.12065665]
 [-2.05900581  4.14078641]
 [-4.27668252 -0.89171302]
 [-4.97687088  2.66525519]
 [ 0.03047964  2.18868039]
 [-5.18764784 -0.65422312]
 [ 3.39695429 -2.38960547]
 [-1.49832314 -3.10958807]
 [-2.51112875 -4.73798832]
 [ 4.97576946  4.7191098 ]
 [ 3.68145219  1.08919008]
 [ 3.14248462 -1.51317905]
 [ 3.54544252 -0.0156116 ]
 [-0.76394664 -3.37886706]
 [-1.0530547  -3.76691137]
 [ 1.63989985 -0.19366183]
 [ 5.4827402  -1.67027304]
 [ 0.16316093  3.86357109]
 [-2.78482216 -0.3296764 ]
 [-3.48017312  1.18009709]
 [ 6.48246981  0.86229672]
 [-3.7191234   4.24347276]
 [ 3.22301097 -0.56718507]
 [-4.69423264  1.74077557]
 [ 3.77451297 -3.74063191]
 [-1.0375056  -2.92999601]
 [-1.3959024  -0.4813252 ]
 [-3.71727475 -0.71419295]
 [ 2.79714412  1.84070729]
 [-3.90990514  0.42864573]
 [-3.43633677 -3.64658825]
 [ 3.32970021  4.60698547]
 [-0.28980878  0.92788755]
 [-4.29033703  3.06753185]
 [-5.39582759 -0.1075707 ]
 [-2.89913755  2.29823553]
 [ 2.12043882  3.15323391]
 [ 1.67172703  6.36608773]
 [ 3.46870479 -6.50375757]
 [ 3.55899413 -0.96683338]
 [ 2.7630342   0.25105978]
 [ 2.04338237 -1.34833327]
 [-3.95781396  1.24532366]
 [-2.81546797 -2.91004511]
 [-1.36232214  2.96224046]
 [-5.05622278 -1.20814454]
 [ 6.38293151  0.57719105]
 [ 3.825148   -1.7724427 ]
 [-4.35280956  0.0344697 ]
 [ 5.19297796  0.12848322]
 [ 0.46572902 -4.54560933]
 [ 3.10268047  2.98689948]
 [ 2.60707156  5.84803768]
 [-5.67802215  0.58568691]
 [ 4.4673637  -0.07110563]
 [-3.67380979  3.68188271]
 [-0.36884346 -0.14754846]
 [-0.34367622 -1.77693145]
 [-3.31595422  2.65459599]
 [ 3.33666622  2.50245695]]