[[  5.80534591e+00   3.57517119e+00]
 [  5.49283360e-01   3.43989187e+00]
 [ -1.15573607e-02  -2.70982649e+00]
 [ -5.55051083e+00  -2.12818799e+00]
 [  2.99452954e+00   1.13026328e+00]
 [ -4.65316706e+00   4.19582433e+00]
 [  3.89842542e+00   3.24905233e-01]
 [ -4.41173239e+00  -1.22230394e+00]
 [  4.87110535e+00  -3.07791192e+00]
 [  2.14531446e+00   3.97451785e+00]
 [ -4.62030044e-01   5.04864452e+00]
 [  2.42380483e+00  -1.18248151e-02]
 [ -6.74344205e-01   2.84796264e+00]
 [ -3.08170091e+00  -3.89974257e-01]
 [  2.18823657e+00   2.60577978e+00]
 [  4.45788258e+00  -1.56479669e+00]
 [ -4.64013435e+00  -5.41207296e-01]
 [ -2.41245043e+00   2.87328570e+00]
 [ -6.22621175e+00   1.51031905e+00]
 [  5.78694235e+00   1.05435569e+00]
 [  2.15495439e+00  -7.31886219e+00]
 [ -2.02429712e+00   5.00226680e-01]
 [  2.61538783e+00   3.08320895e+00]
 [  3.11335595e+00  -2.76357373e+00]
 [ -5.30226845e-01   4.36826384e+00]
 [ -3.50767083e+00  -6.99934138e-01]
 [  4.42705887e+00   2.41731508e-01]
 [ -3.23537989e+00  -3.83255585e+00]
 [ -6.69575499e-01  -2.78999448e+00]
 [  2.61775487e+00  -2.35813546e+00]
 [  2.40565772e+00   6.36279529e-01]
 [  1.93049564e+00   5.62497821e+00]
 [ -4.69619750e+00  -6.05541711e+00]
 [ -6.61574513e+00  -6.04149732e-01]
 [ -7.04336952e-01  -4.41317316e+00]
 [  1.82776028e+00  -5.07779738e+00]
 [  1.73395182e+00  -9.00409075e-01]
 [ -4.86003715e+00  -2.43681575e+00]
 [  2.73439606e+00  -2.45169356e-01]
 [  3.82211294e+00   2.88187002e+00]
 [ -3.30089424e+00   3.41509931e+00]
 [ -3.54929723e+00  -2.53730913e+00]
 [ -5.53786426e+00   3.66025993e-01]
 [ -4.71452797e-01   2.48402478e+00]
 [ -4.39095137e+00  -2.98549694e+00]
 [  2.89385667e+00  -2.97757334e+00]
 [ -7.58497927e-01  -3.48751927e+00]
 [ -1.52650267e+00  -5.14049453e+00]
 [  4.10766790e+00   5.51224851e+00]
 [  3.74987322e+00   7.01642144e-01]
 [  3.12069545e+00  -1.25381882e+00]
 [  3.08971882e+00  -1.57742729e+00]
 [  3.46117170e-02  -3.73211984e+00]
 [ -1.74378493e-01  -4.06976808e+00]
 [  1.46199490e+00   1.19192323e-01]
 [  5.42191608e+00  -1.84979398e+00]
 [ -2.23514521e-01   4.12090258e+00]
 [ -2.75363605e+00   9.68310820e-01]
 [ -3.66049618e+00   5.72518721e-01]
 [  6.56708680e+00  -1.83759618e-01]
 [ -4.96179264e+00   2.27580636e+00]
 [  3.31045997e+00  -5.60054272e-01]
 [ -4.82564617e+00  -1.44439193e+00]
 [  3.76784279e+00  -3.74463363e+00]
 [ -2.93174678e-01  -3.37769287e+00]
 [ -1.26252857e+00  -9.24167636e-02]
 [ -3.69635291e+00   1.16322666e+00]
 [  2.58377236e+00   1.69238224e+00]
 [ -3.61788207e+00  -1.99776548e+00]
 [ -3.21623611e+00   3.96312024e+00]
 [  3.85454738e+00   4.11871807e+00]
 [ -3.73635635e-01   1.23419128e+00]
 [ -4.31606102e+00  -2.63497808e+00]
 [ -5.35401833e+00  -1.59459525e-01]
 [ -3.02294510e+00  -1.03198580e+00]
 [  1.92064978e+00   3.19734946e+00]
 [  1.78170439e+00   6.34546854e+00]
 [  3.39273253e+00  -6.50445823e+00]
 [  3.59765750e+00  -9.67048319e-01]
 [  2.69763536e+00  -6.93358001e-01]
 [  2.05847677e+00  -1.49017767e+00]
 [ -3.83671443e+00  -1.10337171e+00]
 [ -2.48079789e+00   3.44250859e+00]
 [ -1.61013634e+00  -2.74837620e+00]
 [ -5.04179193e+00   1.59466598e+00]
 [  6.41272815e+00   4.54397052e-01]
 [  3.75555156e+00  -1.77213877e+00]
 [ -4.49683072e+00   2.47936622e-01]
 [  5.13596243e+00  -3.22120091e-01]
 [ -7.97478213e-01   4.85648710e+00]
 [  3.20484002e+00   2.78040135e+00]
 [  2.80973801e+00   5.70693801e+00]
 [ -5.60549891e+00  -1.11040026e+00]
 [  4.41203962e+00  -9.41366045e-01]
 [ -4.62538664e+00   1.37132828e+00]
 [ -3.76067778e-01   2.32595696e-01]
 [ -7.87995698e-02  -1.62296254e+00]
 [ -3.71359328e+00   7.08999834e-03]
 [  3.27064398e+00   2.39420128e+00]]