[[  5.11721308e+00  -4.51943158e+00]
 [  1.76546216e+00   3.51098749e+00]
 [ -8.93558961e-01  -1.89293114e+00]
 [ -5.92125149e+00   1.14039832e+00]
 [  2.87227895e+00   2.58973399e+00]
 [ -2.04502405e+00   5.72763606e+00]
 [  3.72233634e+00  -1.16475419e+00]
 [ -4.15990127e+00   2.14686245e+00]
 [  5.75030186e+00   7.20007776e-01]
 [  1.69897998e+00  -4.15694237e+00]
 [ -7.08960626e-01  -4.72093641e+00]
 [  2.45605117e+00  -1.24992556e-05]
 [  4.41696610e-01   3.23475548e+00]
 [ -3.34496470e+00   4.99615699e-01]
 [  1.56982600e+00  -3.16422088e+00]
 [  4.44469520e+00  -1.06618298e+00]
 [ -4.46935255e+00   1.43523083e+00]
 [ -2.91696250e+00  -1.81759195e+00]
 [ -6.19929260e+00  -1.47719547e+00]
 [  6.02118836e+00  -3.99933533e-01]
 [ -1.18085542e+00  -7.43940426e+00]
 [ -1.76161341e+00   1.25052191e+00]
 [  1.95356006e+00  -3.51846006e+00]
 [  3.66677588e+00   1.24274309e+00]
 [  1.03566025e+00   4.25636630e+00]
 [ -3.50003477e+00   1.12391235e+00]
 [  4.33471382e+00  -4.54014598e-01]
 [ -4.84011197e+00  -1.88040391e+00]
 [ -1.51365037e+00  -2.82232656e+00]
 [  2.86659394e+00   1.18478419e+00]
 [  2.40581401e+00  -1.11738867e+00]
 [  1.43520997e+00  -5.72925238e+00]
 [ -3.15704182e+00   6.94233713e+00]
 [ -5.68821052e+00   3.38382382e+00]
 [ -2.52926873e+00  -3.70604538e+00]
 [  2.73668250e+00   4.79254781e+00]
 [  1.79450819e+00   3.54718971e-01]
 [ -4.61602646e+00   2.81270930e+00]
 [  2.65647901e+00  -7.27830824e-01]
 [  3.36839018e+00  -3.42096433e+00]
 [ -1.27311326e+00   4.31035036e+00]
 [ -3.02326450e+00   3.00121386e+00]
 [ -3.73203371e+00   4.08324852e+00]
 [  3.09312710e-01   2.84439845e+00]
 [ -5.30878533e+00   1.06441732e+00]
 [  3.83038715e+00   1.68177274e+00]
 [ -2.00592890e+00  -3.02904775e+00]
 [ -3.64876451e+00  -4.19540775e+00]
 [  5.80618798e+00   3.74583450e+00]
 [  3.45344494e+00  -1.55429335e+00]
 [  3.01481828e+00   1.53460615e+00]
 [  2.77931040e+00   2.13261186e+00]
 [ -1.31985639e+00  -3.15351386e+00]
 [ -1.83187163e+00  -3.46300575e+00]
 [  1.72379573e+00   1.15458458e+00]
 [  5.38620876e+00   1.70135018e+00]
 [  1.24279351e+00   3.88169049e+00]
 [ -2.64456566e+00   3.32402232e-01]
 [ -3.76961830e+00   4.50387109e-01]
 [  6.18551000e+00  -1.99026860e+00]
 [ -3.04543625e+00   4.47421525e+00]
 [  3.31839263e+00  -1.16010080e-01]
 [ -4.86207392e+00   9.98088647e-01]
 [  4.39060398e+00   3.01208790e+00]
 [ -1.44485485e+00  -2.39721984e+00]
 [ -1.07985900e+00   9.20840280e-01]
 [ -2.57888980e+00   2.64870132e+00]
 [  2.13703959e+00  -2.16212043e+00]
 [ -3.48371995e+00   2.23353447e+00]
 [ -4.15709055e+00  -2.90654257e+00]
 [  3.29227793e+00  -4.64079817e+00]
 [ -3.76268387e-01  -9.06899420e-01]
 [ -5.20103290e+00  -5.23557831e-01]
 [ -5.45500500e+00   4.62940533e-01]
 [ -2.70737381e+00   1.89965140e+00]
 [  2.88134053e+00  -2.38699260e+00]
 [  2.66200503e+00  -6.00039635e+00]
 [  3.25074397e+00   6.56974793e+00]
 [  3.56306863e+00   5.74491365e-01]
 [  2.92287727e+00   1.17867654e-01]
 [  2.03665398e+00  -1.42325808e-01]
 [ -3.60921636e+00   1.76903028e+00]
 [ -3.35209480e+00  -2.47399519e+00]
 [ -2.34655017e+00  -1.53799162e+00]
 [ -4.03804604e+00   3.35785655e+00]
 [  5.86769153e+00  -2.36202239e+00]
 [  3.52915592e+00   2.26440319e+00]
 [ -2.94921451e+00   3.53335637e+00]
 [  5.07681530e+00   4.87316669e-01]
 [ -5.25089172e-01  -4.36933123e+00]
 [  2.81126153e+00  -3.22771816e+00]
 [  1.88684977e+00  -6.07853107e+00]
 [ -5.29573843e+00   2.22364767e+00]
 [  4.37610648e+00   2.52547201e-01]
 [ -5.04577508e+00  -1.30773588e-01]
 [ -2.55344849e-01   5.37942558e-01]
 [ -3.11759158e-01  -1.20692915e-01]
 [ -4.09297595e+00  -2.31754559e-01]
 [  2.36822225e+00  -3.30939366e+00]]