[[ 6.22460387  2.78800387]
 [ 1.04822832  3.09709498]
 [-0.65028878 -2.42441164]
 [-5.94621478  0.39740276]
 [ 3.67706532  0.5069301 ]
 [-3.43481137  5.24145534]
 [ 3.88028581 -0.77809498]
 [-4.73137193 -0.41920741]
 [ 4.29766071 -3.78527743]
 [ 2.42645715  3.87414307]
 [ 0.47588561 -4.59026035]
 [ 2.37614517 -1.28908236]
 [-0.08253966  2.02176782]
 [-3.11696872  1.17617548]
 [ 2.53776616  2.40561702]
 [ 4.22974835 -2.04486385]
 [-4.61549131  0.61665949]
 [-1.60239232  3.45587038]
 [-5.42416912  3.43709141]
 [ 5.00272754 -3.38627831]
 [ 0.50042445 -7.63124377]
 [-2.01527     0.40283178]
 [ 2.94325768  2.93896707]
 [ 2.54009047 -3.21467979]
 [ 0.42607198  4.07944477]
 [-3.61203226  0.96811429]
 [ 4.42827385 -1.07723602]
 [-4.03399733 -2.82964619]
 [-1.33820528 -2.49446705]
 [ 2.39649566 -2.57092985]
 [ 2.42161565  0.32644532]
 [ 2.50802769  5.42543003]
 [-5.92581976 -4.85203757]
 [-6.5538733  -0.75885084]
 [-1.76787894 -4.08486586]
 [ 1.15621489 -5.35544254]
 [ 1.60730409 -1.32679421]
 [-5.29586967 -1.09490165]
 [ 2.4283036  -0.88523256]
 [ 4.00459416  2.66407566]
 [-2.30358493  4.17607748]
 [-4.26166677 -0.8044231 ]
 [-5.14005303 -2.0647492 ]
 [-0.01744451  2.53344203]
 [-5.30218008  0.71798765]
 [ 2.85838862 -2.98794849]
 [-1.60068237 -3.15290789]
 [-2.7531327  -4.56998883]
 [ 5.47042239  4.15592402]
 [ 3.75674093 -0.31247647]
 [ 3.15783203 -0.95305561]
 [ 3.38704     0.65963656]
 [-0.90189161 -3.55860377]
 [-1.18111059 -3.86091412]
 [ 1.55325188 -0.11358788]
 [ 5.36222703 -2.02170026]
 [ 0.65794695 -3.34178697]
 [-2.4156649   1.59842462]
 [-3.55300831  0.35378531]
 [ 6.54768334 -0.37785586]
 [-4.89016245 -2.54008695]
 [ 3.06193574 -1.22459128]
 [-4.82863137  1.18723599]
 [ 3.19264869 -4.23709788]
 [-1.11359057 -3.07202514]
 [-1.26672835  0.21125699]
 [-3.53802609  1.82809463]
 [ 2.88957353  1.46963294]
 [-4.02392032 -0.49555948]
 [-2.08022148  4.67732116]
 [ 3.95717143  4.03571347]
 [-0.14726684  1.1527455 ]
 [-4.30616538  2.59740206]
 [-5.07085007  1.97522091]
 [-3.23427302 -0.21470707]
 [ 2.34660412  2.87342065]
 [ 2.48010571  6.09971308]
 [ 2.05723541 -7.07814523]
 [ 3.26872255 -1.68572101]
 [ 2.6419958  -0.26827616]
 [ 1.90323843 -1.92413329]
 [-4.06090582  0.03888647]
 [-1.48071695  4.06248888]
 [-2.1276202  -2.16394822]
 [-4.71063781  2.6385392 ]
 [ 6.38794091 -0.73925473]
 [ 3.54653682 -2.15555216]
 [-4.26922622 -1.66074489]
 [ 5.14467306  0.35935372]
 [ 0.33454566  4.67469347]
 [ 3.40905784  2.50559643]
 [ 3.45478065  5.39489223]
 [-5.6467764   1.19355622]
 [ 4.50841284 -0.64423653]
 [-3.96876327  3.06084746]
 [-0.32935344  0.2426318 ]
 [-0.40111471 -1.40425225]
 [-3.38566348  2.14869747]
 [ 3.58426802  2.07539594]]