[[  6.59351063e+00  -1.82826214e+00]
 [ -9.19394861e-02   3.78633946e+00]
 [  3.84703085e-01  -2.26826266e+00]
 [ -5.87999221e+00  -7.44756711e-01]
 [  1.37871397e+00   3.29887796e+00]
 [ -2.71299090e+00  -5.74829122e+00]
 [  3.88761415e+00   3.89097351e-01]
 [ -4.58670996e+00  -7.96658964e-02]
 [  4.53269859e+00   3.45025868e+00]
 [  3.44679675e+00  -3.06492793e+00]
 [ -1.39010953e+00   4.74602079e+00]
 [  2.33252749e+00   7.31651508e-01]
 [ -1.36593875e+00   3.00859950e+00]
 [ -3.09863829e+00  -5.96821250e-01]
 [  2.98939287e+00  -2.05149878e+00]
 [  4.51774851e+00   7.88928946e-01]
 [ -4.49749855e+00  -1.04500710e+00]
 [ -1.29809458e+00  -3.59697186e+00]
 [ -4.46226065e+00  -4.52691488e+00]
 [  4.44653944e+00   4.06956514e+00]
 [ -1.58426821e+00   7.43866914e+00]
 [ -2.16519036e+00   1.94040468e-01]
 [  3.45794562e+00  -2.28643512e+00]
 [  2.82751877e+00   2.59456247e+00]
 [ -1.55624533e+00   4.01494970e+00]
 [ -3.58826079e+00  -3.81624378e-01]
 [  4.15718888e+00   1.33051482e+00]
 [ -3.12823597e+00  -3.92150809e+00]
 [  3.58813878e-01  -3.17424841e+00]
 [  2.25934934e+00   2.17068004e+00]
 [  2.66938370e+00  -2.35302635e-02]
 [  3.74264539e+00  -4.67111989e+00]
 [ -6.48800675e+00   3.92290899e+00]
 [ -6.57909125e+00   2.14756240e-01]
 [  3.52385036e-01  -4.44453262e+00]
 [  5.16184280e-01   5.37117927e+00]
 [  1.59247004e+00   6.83397921e-01]
 [ -5.33279876e+00   7.32704550e-01]
 [  2.81806713e+00   2.91765400e-01]
 [  4.51614326e+00  -1.81746739e+00]
 [ -1.85794144e+00  -4.45390281e+00]
 [ -3.69702361e+00  -2.60435723e+00]
 [ -5.19896714e+00   1.69634231e+00]
 [ -1.01807129e+00   2.32878179e+00]
 [ -4.68006301e+00  -2.54734707e+00]
 [  2.94605544e+00   2.90726192e+00]
 [  1.69566844e-01  -3.62247928e+00]
 [  4.05782550e-03  -5.55406145e+00]
 [  2.77087248e+00   6.19531402e+00]
 [  3.82035478e+00  -9.76643496e-02]
 [  2.00355261e+00   2.59433493e+00]
 [  1.48266209e+00   2.59337542e+00]
 [  8.22215042e-01  -3.37454906e+00]
 [  7.26580531e-01  -3.87635404e+00]
 [  1.06998774e+00   1.22505418e+00]
 [  4.85566764e+00   2.91639084e+00]
 [ -1.07891429e+00   3.87396524e+00]
 [ -2.20751377e+00  -2.06022889e+00]
 [ -3.44441842e+00  -9.93540698e-01]
 [  6.45072616e+00   1.00354639e+00]
 [ -4.87267183e+00   2.28820332e+00]
 [  3.09948601e+00   1.13387663e+00]
 [ -4.95559084e+00  -8.59348015e-01]
 [  2.86939748e+00   4.43363662e+00]
 [  1.13324500e-01  -2.85685608e+00]
 [ -1.19983521e+00  -7.13441142e-01]
 [ -3.46259117e+00  -1.68949900e+00]
 [  3.09483659e+00  -9.73423815e-01]
 [ -4.09778152e+00   2.20712195e-01]
 [ -1.55716436e+00  -4.99136179e+00]
 [  4.98378126e+00  -2.86143591e+00]
 [  4.27468171e-02  -8.95866362e-01]
 [ -5.09708722e+00   1.09228889e-01]
 [ -4.94892214e+00  -2.42450238e+00]
 [ -3.46015419e+00   8.37202902e-01]
 [  1.06271235e+00   3.83566973e+00]
 [  4.86634936e+00  -4.48880551e+00]
 [  1.02009763e-01   7.34790996e+00]
 [  3.08970433e+00   1.85442643e+00]
 [  2.56492689e+00   1.31727388e+00]
 [  1.79049425e+00   1.24326375e+00]
 [ -4.01235975e+00   5.11057907e-01]
 [ -9.93512244e-01  -4.39617085e+00]
 [ -2.25038981e+00   1.70236035e+00]
 [ -4.38454860e+00  -3.07427381e+00]
 [  6.32861379e+00   5.93179027e-01]
 [  2.28997437e+00   3.33766708e+00]
 [ -4.33128312e+00   1.47536861e+00]
 [  4.93424352e+00   1.66294019e+00]
 [ -1.81744427e+00   4.37474537e+00]
 [  4.01642965e+00  -1.60816656e+00]
 [  4.28371986e+00  -4.76205731e+00]
 [ -5.57245953e+00  -1.46933536e+00]
 [  3.98614989e+00   1.90089794e+00]
 [ -4.64907643e+00  -1.76363054e+00]
 [ -4.54995252e-01   5.62416257e-02]
 [  1.77133685e-01  -1.56196573e+00]
 [ -3.22287233e+00  -2.12791309e+00]
 [  3.73324876e+00  -1.82531308e+00]]