[[ 6.0545633  -3.19018815]
 [ 1.23420445  3.77225302]
 [-0.40199733 -1.2980045 ]
 [-5.91576507  0.8009423 ]
 [ 2.76490719  3.58981012]
 [-4.18404076  4.71510117]
 [ 3.96613855 -0.35454594]
 [-4.61532791  0.08467001]
 [ 5.41694736 -1.24015234]
 [ 2.25170445 -3.62625619]
 [ 0.95456717  5.45259137]
 [ 2.54827488 -0.11991371]
 [-0.01015348  3.63151744]
 [-3.17274899  1.59005771]
 [ 2.079449   -2.59059557]
 [ 4.627344    0.60931452]
 [-4.63787884 -0.90830658]
 [-1.86125673  2.24588519]
 [-5.7833478   2.77363735]
 [ 5.87107153 -0.88698384]
 [-0.37315518 -7.49442888]
 [-2.04610987  0.63229907]
 [ 2.42675921 -3.02641429]
 [ 3.5824141  -0.12242588]
 [ 0.44786384  4.89183309]
 [-3.55990159  0.64476811]
 [ 4.4473049   1.06051233]
 [-3.97191844  3.03068307]
 [-0.75204116 -2.59382771]
 [ 2.64928826  0.85342696]
 [ 2.73607096 -0.90770321]
 [ 2.41994864 -5.21788784]
 [-5.2670936  -5.45975268]
 [-6.53622703 -1.02337406]
 [-1.46855513  3.74186196]
 [ 0.49699304 -4.87494338]
 [ 1.80310552 -0.17833959]
 [-5.19366418 -1.60681195]
 [ 2.81047853 -0.49585627]
 [ 3.65111486 -2.93007054]
 [-2.69635897 -3.51700075]
 [-3.74280592 -2.15148216]
 [-5.00038611 -2.49128772]
 [-0.03603924  2.84222473]
 [-5.15436381  1.47880209]
 [ 3.50858745  1.5970806 ]
 [-1.0819331  -2.43906727]
 [-2.21218779  4.99835216]
 [ 3.71004083  5.85862033]
 [ 3.50855487 -1.46638165]
 [ 2.99026909  2.35490742]
 [ 2.94375095  3.08341002]
 [-0.38422487 -2.74772955]
 [-0.6723316  -3.23826288]
 [ 1.65069218  1.58611422]
 [ 5.01876134  2.93418649]
 [ 0.81817691  4.56625344]
 [-2.63939338 -0.38887789]
 [-3.61818984 -0.17976294]
 [ 6.55503192  0.44259394]
 [-4.26137279 -3.46970318]
 [ 3.02876703  1.32287232]
 [-4.95734586  0.7347804 ]
 [ 4.77585141 -1.48326414]
 [-0.79564301 -1.89962277]
 [-1.26519714  0.62613133]
 [-3.80559855  0.61123534]
 [ 2.31635146  2.09906925]
 [-3.99729874  1.64113028]
 [-2.81817686  4.04766409]
 [ 4.0518929  -3.88106363]
 [-0.14072108 -0.91706291]
 [-4.47751585  2.46719521]
 [-5.34045506 -0.37784281]
 [-3.26224473 -1.38426313]
 [ 2.13562048  3.43206966]
 [ 3.75534193 -5.28024661]
 [ 0.43616896 -7.18628465]
 [ 3.50510346  1.09575668]
 [ 2.85726296  0.34746324]
 [ 2.1159458  -0.87301232]
 [-3.98327498 -0.94323265]
 [-1.91909394 -3.592898  ]
 [-1.69271793  3.18000132]
 [-4.91496981  2.17775032]
 [ 6.37622176  0.91713926]
 [ 3.49689112  2.93114325]
 [-4.2293251  -1.73425066]
 [ 4.64505104  2.58291128]
 [ 0.44080393  5.28959586]
 [ 3.21176656 -2.57932889]
 [ 3.02117753 -5.46515147]
 [-5.71978947  0.05396348]
 [ 4.32665504  1.4062425 ]
 [-4.3993515  -2.32399511]
 [-0.30999652  0.85017659]
 [-0.227029    0.1662167 ]
 [-3.76158195  1.06655696]
 [ 2.82684491 -2.75291671]]