[[ 6.23230719 -2.81315958]
 [ 0.43717563  3.81544555]
 [-0.09022996 -2.31881322]
 [-5.96425677  0.27310781]
 [ 2.08843276  3.48776825]
 [-4.49255422  4.33674651]
 [ 3.82999222  0.27129231]
 [-4.6536345  -0.48217556]
 [ 5.53094321  0.02218418]
 [ 2.70275542 -3.61627959]
 [-0.48835648  5.24486458]
 [ 2.09532379  1.3069078 ]
 [-0.80540939  3.4021201 ]
 [-3.26036884  0.27995435]
 [ 2.42988685 -2.49470879]
 [ 4.46082247  0.82202302]
 [-4.66094557  0.24317284]
 [-1.91918513 -3.04841415]
 [-5.13977969 -3.54764032]
 [ 5.86665646 -0.73018191]
 [ 1.75507644 -7.33178809]
 [-2.11584045  0.86549072]
 [ 2.88657686 -2.68017725]
 [ 3.410093    1.33276846]
 [-0.74770985  4.55763761]
 [-3.65222038  0.9552045 ]
 [ 3.68876992  2.40268099]
 [-3.69600863 -3.3258188 ]
 [-0.2504122  -3.31289332]
 [ 2.56403295  1.07380295]
 [ 2.59226088 -0.59573653]
 [ 4.24354687  4.35428457]
 [-5.61041389 -5.21251342]
 [-6.53449004 -1.02841074]
 [-0.64160425 -4.38302927]
 [ 1.06592243  5.37084866]
 [ 1.65438245  0.35275304]
 [-5.25212341 -1.19344525]
 [ 2.71951232 -0.24470244]
 [ 4.01556469 -2.58149242]
 [-2.59560416 -3.73070106]
 [-3.93519505  2.22546498]
 [-5.09761039 -2.08727642]
 [-0.69790273  2.79648857]
 [-4.78091474  2.40684676]
 [ 3.56654995 -0.16718324]
 [-0.60623222 -3.57543276]
 [-1.29901585 -5.29223468]
 [ 3.46441899  5.87471105]
 [ 3.72140522 -0.98353548]
 [ 2.41982104  2.42604073]
 [ 2.17051489  2.89715013]
 [ 0.10823934 -3.59353419]
 [-0.06655412 -3.98967559]
 [ 1.24942797  1.63277541]
 [ 4.76119831  3.04922489]
 [-0.29649968  4.37595321]
 [-2.60353853 -1.09510155]
 [-3.52108929 -0.90474034]
 [ 6.46602365  1.07936194]
 [-4.673868   -2.72536831]
 [ 2.82826376  1.39923392]
 [-5.03143913  0.64421673]
 [ 4.9696646  -0.58269697]
 [-0.383914   -2.95862564]
 [-1.34705762  0.16834529]
 [-3.51773753  2.05641545]
 [ 2.72256016 -1.47876833]
 [-4.09930381 -0.35215739]
 [-2.44460172 -4.40833541]
 [ 4.24854224 -3.71949103]
 [-0.22974731 -0.33438236]
 [-5.24048154 -0.14728926]
 [-5.10404303  1.90998053]
 [-3.20263329  0.55319275]
 [ 1.5454216   3.53010148]
 [ 3.55583962 -5.37333058]
 [ 1.96997011  7.04063503]
 [ 3.09357735  1.79118976]
 [ 2.73687499  0.29417165]
 [ 2.05288851 -0.0569791 ]
 [-3.96089993  0.01677536]
 [-2.27782491  2.98076229]
 [-1.53079741 -2.0154959 ]
 [-4.52605517  2.80326196]
 [ 6.39375895  0.64682106]
 [ 2.81093016  3.13101181]
 [-4.21379695 -1.79728149]
 [ 4.60595483  2.3510043 ]
 [-0.9081843   4.99916849]
 [ 3.53041265 -2.40212896]
 [ 4.09532709 -4.84392636]
 [-5.62506069  1.35211972]
 [ 4.16365665  1.43425836]
 [-4.71137156  1.47335872]
 [-0.49312793  0.613505  ]
 [-0.06252338 -1.4324427 ]
 [-3.67689079 -1.22172559]
 [ 3.21578294 -2.51338474]]