[[ 6.68899971 -1.52676017]
 [ 2.58466783  2.21338285]
 [-1.72412042 -1.76764829]
 [-3.91333725  4.52531658]
 [ 2.70618414 -0.04916536]
 [-0.88025805  6.24140364]
 [ 2.12819656 -3.41622353]
 [-3.78075807  2.61436743]
 [ 1.25327278 -5.57379714]
 [ 4.33993487  1.32878686]
 [ 3.07858908  4.17318374]
 [ 1.10289279 -2.68544182]
 [ 1.46693259  2.63538181]
 [-2.33005783  2.19500235]
 [ 3.4218478   0.59073666]
 [ 2.45776551 -3.99654616]
 [-4.15615378  2.16495319]
 [-3.6827325  -1.11721109]
 [-6.1797993   1.38337682]
 [ 2.07278966 -5.6220536 ]
 [-3.34312547 -6.85502798]
 [-0.97491884  1.88586143]
 [ 4.05118309  0.54237548]
 [ 0.37177434 -4.06357004]
 [ 2.5669703   3.73169667]
 [-2.07028107  3.00830917]
 [ 3.18363164 -3.14689115]
 [-4.96967281  0.31719194]
 [-2.05693692 -1.09195922]
 [ 0.51950825 -3.54244437]
 [ 1.55405426 -1.82199653]
 [ 5.43784214  2.368397  ]
 [-7.41630188 -1.89143217]
 [-5.64649119  3.44161866]
 [-3.36186806 -2.8402113 ]
 [-1.96335772 -5.01781272]
 [ 0.36775605 -2.46833331]
 [-4.82147479  2.36910555]
 [ 1.45582744 -2.62958554]
 [ 4.80688882 -0.62752187]
 [-4.59303622 -1.06838044]
 [-1.40316282  4.11698526]
 [-5.29362855  1.31302386]
 [ 1.17735095  2.0479804 ]
 [-2.37250044  4.83806812]
 [ 0.75151483 -4.08262712]
 [-2.64402109 -1.756715  ]
 [ 0.76046309  5.12602581]
 [ 5.69452061  3.67659264]
 [ 1.21809047 -3.99648986]
 [ 2.47132626 -1.6155889 ]
 [ 2.97956933 -1.09197493]
 [-2.32612437 -2.68631262]
 [-2.7095924  -2.8753396 ]
 [ 1.36761678 -0.79123693]
 [ 4.28888608 -3.58765416]
 [ 2.62473835  3.26918214]
 [-2.82089205  0.78818928]
 [-3.03189701  1.89598044]
 [ 4.20363902 -5.02131496]
 [-1.4676739   5.2355127 ]
 [ 2.55834012 -2.07227283]
 [-3.81610442  3.19032132]
 [ 0.09145098 -5.28339885]
 [-2.31912242 -2.0691635 ]
 [-1.29376168  0.47383215]
 [-1.58250383  3.46370738]
 [ 3.12146679 -0.12849025]
 [-2.33324158  3.48642353]
 [-4.81940443 -1.88059412]
 [ 5.71514747  0.26135425]
 [-0.05036668  0.22360769]
 [-2.66719156  4.27739093]
 [-3.7704947   3.82344421]
 [-1.95126117  2.45287729]
 [ 3.54336118  1.52359669]
 [ 6.50587942  1.19699881]
 [-2.24951281 -6.9962988 ]
 [ 2.26071132 -2.79153382]
 [ 1.8697496  -2.05536458]
 [ 0.37016086 -2.97825428]
 [-3.63335332  1.77378543]
 [-4.021429   -1.6917448 ]
 [ 0.27862778  3.32333295]
 [-3.06413536  4.45938908]
 [ 4.61859703 -4.49664298]
 [ 3.37123001 -2.03436419]
 [-4.43242712  1.07654476]
 [ 4.49981772 -2.49725384]
 [ 2.72292731  4.15291677]
 [ 4.25911544 -0.1676117 ]
 [ 6.01657067  2.18953059]
 [-4.48031563  3.57331587]
 [ 3.28383586 -2.94827253]
 [-1.79175606  4.63320649]
 [ 0.07552241  0.70656141]
 [-1.36582646 -1.71895713]
 [-2.86531888  2.50928307]
 [ 4.12396454 -0.67392307]]