[[ 4.33522175 -5.32254244]
 [ 2.09132915  3.24737091]
 [-0.92539181 -1.78400091]
 [-5.84585538  1.31523676]
 [ 3.10086032  1.71501788]
 [-2.36973208  5.54367654]
 [ 3.54965539 -1.5401672 ]
 [-3.5476881   2.80684714]
 [ 5.63951141  0.79378548]
 [ 1.03000447 -4.55132668]
 [ 1.57768935  4.5135329 ]
 [ 2.53551934  0.05020348]
 [ 0.57858303  3.2163186 ]
 [-3.06696784  0.88496463]
 [ 1.30821674 -3.41640781]
 [ 4.53677428 -1.25976792]
 [-4.03230569  2.22749621]
 [-3.22707012 -2.18463796]
 [-6.31592479 -1.1486814 ]
 [ 5.81463469  1.39772547]
 [ 2.97298657  6.96298422]
 [-1.66489194  1.31936183]
 [ 1.55792135 -3.91062471]
 [ 3.72108499  1.20584606]
 [-0.31658193 -3.53063433]
 [-3.21572591  1.47705021]
 [ 4.34038114 -0.85354121]
 [-2.5824474   3.87285587]
 [-1.57956736 -2.68838105]
 [ 3.09228924  1.18190584]
 [ 2.11658999 -1.33078774]
 [ 0.49622477 -6.00729808]
 [-2.66416503  7.10722893]
 [-5.61058675  3.53023044]
 [-2.39254027 -3.86207213]
 [ 3.29172884  4.24867763]
 [ 1.94021581  0.76618421]
 [-4.73948307  2.50053293]
 [ 2.45272979 -0.95674044]
 [ 2.76977991 -4.02606948]
 [-4.20787873 -2.5235787 ]
 [-4.08361637  1.45646687]
 [-3.34058046  4.31492254]
 [ 0.50169552  2.7660091 ]
 [-5.25258785  1.05157438]
 [ 3.98522958  0.98979979]
 [-2.00891513 -3.0829609 ]
 [-3.43562468 -4.44671027]
 [ 5.87102935  3.42952056]
 [ 3.30131489 -1.98033884]
 [ 3.31161413  0.30627236]
 [ 2.61360768 -2.00039491]
 [-1.40348576 -3.17794022]
 [-1.79756226 -3.5334031 ]
 [ 1.5684756  -0.13787544]
 [ 5.67618509 -0.49089417]
 [ 1.29048437  3.63191099]
 [-2.84413444 -0.05943842]
 [-3.69224329  0.39532912]
 [ 5.9197898  -2.80904908]
 [-5.45344781 -0.81911022]
 [ 3.13409168 -0.87464765]
 [-4.81599828  1.47205917]
 [ 4.59333128  2.44652439]
 [-1.48232078 -2.26372349]
 [-1.19857085  0.49126743]
 [-2.38214594  2.84150779]
 [ 2.041433   -2.57244593]
 [-4.15638068  0.78706045]
 [-4.27992365 -3.06375279]
 [ 2.44321678 -5.23638489]
 [-0.48099301 -1.01622039]
 [-5.2246375   0.19255115]
 [-4.37957644  3.06576351]
 [-2.51850669  2.07291966]
 [ 2.98495128  2.57311524]
 [ 0.38585161 -6.6351531 ]
 [ 4.07005434  6.08033344]
 [ 3.62639606 -0.18845427]
 [ 2.72840413 -0.44354076]
 [ 2.36416894  0.93175454]
 [-3.21518661  2.28198397]
 [-3.42122463 -2.96131121]
 [-2.56464394 -1.65008957]
 [-3.79489707  3.64838664]
 [ 6.00731057 -2.3018701 ]
 [ 4.14823431  0.26000016]
 [-2.76593223  3.46162627]
 [ 4.4834696  -2.56353573]
 [ 1.06537088  4.39942566]
 [ 2.36371671 -3.62550839]
 [ 1.43814126 -6.30338342]
 [-5.18987084  2.49321768]
 [ 4.20712799 -1.46968425]
 [-5.03952928 -0.22361719]
 [-0.31653023  0.18984688]
 [-0.06102557  0.80661578]
 [-4.06720917 -0.15558544]
 [ 1.9974769  -3.73851534]]