[[ 6.57270682 -1.99481237]
 [ 0.04911483  3.58014303]
 [ 0.17464601 -2.28391377]
 [-5.95073161  0.16463923]
 [ 1.31772478  3.69505603]
 [-2.83398901 -5.70500415]
 [ 3.82830704  0.41597808]
 [-4.55081398  0.09474764]
 [ 5.48556552  0.0815743 ]
 [ 3.25471534 -3.16017631]
 [-0.79565944  4.91108997]
 [ 2.41076368  0.69272   ]
 [-1.14311881  3.0464348 ]
 [-3.11551739 -0.85322729]
 [ 2.8355468  -2.18665302]
 [ 4.17172749  1.65524908]
 [-4.53322442 -0.64908759]
 [-1.5173126  -3.75012688]
 [-4.60418273 -4.36633661]
 [ 5.91415068  0.23187644]
 [-1.28327089  7.46498967]
 [-2.12237747  0.31847497]
 [ 3.35258462 -2.55699909]
 [ 3.03052718  1.90142073]
 [-1.06444088  4.20802155]
 [-3.52608899 -0.21362029]
 [ 3.08512226  3.02770398]
 [-3.42794973 -3.70714795]
 [ 0.2030794  -3.29094996]
 [ 2.31011951  1.68878966]
 [ 2.70629979 -0.15782272]
 [ 3.85819129 -4.70448915]
 [-6.61893734  3.80820639]
 [-6.47151888 -1.47582871]
 [ 0.11226145 -4.65222502]
 [ 2.18242478 -5.05422138]
 [ 1.640744    0.36118479]
 [-5.31745172  0.97385164]
 [ 2.7534717   0.28604059]
 [ 4.41172725 -2.03183685]
 [-2.06994827 -4.47227658]
 [-4.03947916  1.90600936]
 [-5.07569651 -2.40033636]
 [-0.96543588  2.28251312]
 [-4.98437722  1.62975994]
 [ 3.42630707  1.09553455]
 [-0.03281426 -3.72424146]
 [-3.39268849  3.53678441]
 [ 3.80384395  5.75276711]
 [ 3.88950852 -0.20636007]
 [ 1.91638874  2.79038473]
 [ 1.59742904  3.27116801]
 [ 0.63804215 -3.63756564]
 [ 0.47401629 -4.08439655]
 [ 1.02461938  1.62502105]
 [ 4.19690939  3.69457603]
 [-0.60554422  4.03947684]
 [-2.4239662  -1.97608467]
 [-3.36374053 -1.72332808]
 [ 6.42833431  1.29629782]
 [-4.61193181 -3.01716996]
 [ 2.20606863  2.2388499 ]
 [-4.93413091 -0.88627002]
 [ 4.9029163   1.63642163]
 [-0.09413769 -2.88277361]
 [-1.28040948 -0.49005416]
 [-3.54825535  1.28855938]
 [ 2.93641675 -1.10909466]
 [-4.05289444  1.07998796]
 [-1.68253341 -5.04934346]
 [ 4.89604539 -3.0261382 ]
 [-0.11880457 -0.62593529]
 [-4.93991889 -1.52990739]
 [-5.26612412  0.52315875]
 [-3.24478354  0.54242567]
 [ 3.75625539 -0.98235454]
 [ 3.18802058  5.51390621]
 [ 0.47782146  7.25876827]
 [ 2.70794756  2.22571518]
 [ 2.09139256  1.43034981]
 [ 2.08164711  0.29136561]
 [-3.96767134  0.06968361]
 [-1.19536279 -4.4983788 ]
 [-1.21460162 -2.78723369]
 [-4.80211682  1.82065524]
 [ 6.14111879  1.89305387]
 [ 2.11353589  3.57821533]
 [-4.02462095 -2.03250115]
 [ 4.13551312  3.03904499]
 [-1.27910304  4.55271791]
 [ 3.91620585 -1.79862526]
 [ 4.5440179  -4.63275418]
 [-5.68265498 -0.35425927]
 [ 3.72539405  2.26297055]
 [-4.59236816 -1.79573679]
 [-0.53849252  0.3967375 ]
 [ 0.05875057 -1.41662448]
 [-3.58227546 -1.19989301]
 [ 3.54747955 -2.0369565 ]]