[[ 3.58883372 -5.80319752]
 [ 2.78699543  2.78120984]
 [-1.35343546 -1.75243287]
 [-4.11896526  4.28156054]
 [ 3.44077428  1.4151055 ]
 [-5.94104441 -2.04492803]
 [ 2.86900881 -2.64572182]
 [-3.99260931  2.26876466]
 [ 5.6810095  -0.55770476]
 [ 0.3219279  -4.44471175]
 [ 2.71700524  4.44377937]
 [ 2.43598153 -0.61097832]
 [ 1.39604791  3.18101547]
 [-2.43765368  2.09048103]
 [ 0.6794653  -3.44794939]
 [ 4.10825491 -2.16986507]
 [-4.45079476  1.63112659]
 [-3.43117242 -1.50562553]
 [-6.32200808 -0.08748165]
 [ 6.02677256  0.13605478]
 [ 4.51943204  6.14494765]
 [-1.39960618  1.61312084]
 [ 0.86618039 -3.94291995]
 [ 3.81078776  0.06039029]
 [ 2.05753867  4.07020957]
 [-2.56900495  2.57266051]
 [ 3.71751051 -2.33084028]
 [-4.94271903 -0.6296932 ]
 [-2.0188229  -2.38948204]
 [ 3.08244316  0.56080027]
 [ 1.75960767 -1.81181506]
 [-0.12650134 -5.84616069]
 [-2.66902709  7.19041006]
 [-6.03648435  2.69434535]
 [-2.970388   -3.1208641 ]
 [ 4.25490496  3.55433816]
 [ 1.91885205  0.19952643]
 [-4.52901199  3.01418879]
 [ 2.03563494 -1.61194104]
 [ 1.95823023 -4.38744982]
 [-0.54884624  4.39250013]
 [-1.98042249  3.98872191]
 [-5.39351005  1.305956  ]
 [ 1.12544388  2.54067849]
 [-2.49542472  4.66587371]
 [ 3.96730028  0.62156623]
 [-2.44459785 -2.41751132]
 [-4.12765041 -3.5341408 ]
 [ 6.19707342  2.87887778]
 [ 3.58851551 -1.35461095]
 [ 3.29562774  0.02748801]
 [ 2.87296243 -1.90118658]
 [-1.85341435 -2.80162326]
 [-2.28123794 -3.09138283]
 [ 1.46397174 -0.27413578]
 [ 5.5524441  -1.31004595]
 [ 2.29896249  3.61611603]
 [-2.97347642  0.23094465]
 [-3.64587142  0.93073545]
 [ 5.54771456 -3.49896715]
 [-5.43893795  0.47583045]
 [ 2.88141013 -1.38240956]
 [-3.84465323  3.0588203 ]
 [ 5.14003965  1.19923116]
 [-1.92561282 -1.99526782]
 [-1.12258369  0.6711076 ]
 [-1.71241271  3.49588754]
 [ 1.56285121 -2.7822342 ]
 [-2.55216929  3.22633648]
 [-4.59815422 -2.21038796]
 [ 1.69313534 -5.4352796 ]
 [-0.57416161 -0.61102128]
 [-3.36235987  3.7691655 ]
 [-4.67843127  2.66649037]
 [-2.83464253  1.56115656]
 [ 3.57325899  1.97221463]
 [ 0.60498388 -6.52052918]
 [-2.6342178  -6.69457095]
 [ 3.4992663  -0.69789202]
 [ 2.31589661 -1.23322782]
 [ 2.25370074 -0.02273868]
 [-3.48522337  1.99547351]
 [-3.80185866 -2.09574624]
 [-0.03437358  3.4082813 ]
 [-2.10900682  4.77206245]
 [ 5.11068824 -3.85347304]
 [ 4.25274283  0.12597405]
 [-4.50579002  0.90911924]
 [ 4.25120832 -2.92692463]
 [ 2.181442    4.47782158]
 [ 1.7021237  -3.89068697]
 [-0.34983651 -6.32056138]
 [-4.25053601  3.83955884]
 [ 4.21450475 -1.56092597]
 [-2.9819243   3.95783589]
 [-0.17538601  0.51717651]
 [-0.953289   -1.02581285]
 [-3.54628764  1.26648587]
 [ 1.34508168 -3.88446629]]