[[ 6.19730413 -2.84305668]
 [ 1.39045461 -2.72138662]
 [-0.57670352 -1.67171576]
 [-5.44373858  2.43292295]
 [ 2.00291609  3.55419652]
 [-3.52897333  5.14440661]
 [ 3.86838284 -0.04945723]
 [-4.42123974  1.0075205 ]
 [ 5.44790655  1.88115032]
 [ 2.66075834 -3.71778786]
 [ 0.43441254  4.85564136]
 [ 2.46166616  0.64924474]
 [-0.16140785  3.01416968]
 [-3.09605778  0.9552181 ]
 [ 2.47120032 -2.36346302]
 [ 4.37346017  1.11667388]
 [-4.75534541 -0.05111391]
 [-2.62389343 -2.83537823]
 [-5.46471676 -3.10265659]
 [ 5.75058862 -0.77013218]
 [ 1.60006675  7.42016851]
 [-2.13022303 -0.1103559 ]
 [ 2.98616234 -2.7871195 ]
 [ 2.98789212  2.48567708]
 [ 0.46410583 -3.93624069]
 [-3.34470355  1.42258744]
 [ 3.85130955  2.36982865]
 [-4.29013322 -2.66992681]
 [-0.92156367 -2.70487667]
 [ 2.44219766  1.90545823]
 [ 2.87237417 -0.24686157]
 [ 2.24939322 -5.55456728]
 [-7.60843022 -1.46614053]
 [-6.54418614  0.17248912]
 [-1.61843727 -4.18301045]
 [ 0.35875105 -5.47107007]
 [ 1.8060149   0.43825077]
 [-5.02081313  1.9320689 ]
 [ 2.91885607  0.28706976]
 [ 4.13736199 -2.33226001]
 [-3.37441896 -3.50947008]
 [-3.18017139  3.17447973]
 [-5.40422785 -1.06519662]
 [-0.20667851  1.62783031]
 [-3.87336173  3.59989523]
 [ 3.16124124  2.90002141]
 [-1.33640461 -3.11285413]
 [-1.66915298  4.82943227]
 [ 5.30611199 -4.38190762]
 [ 3.82451098 -0.56996256]
 [ 2.38098171  2.58486398]
 [ 2.12258396  3.1504513 ]
 [-0.71630844 -3.18153213]
 [-1.0697466  -3.58775135]
 [ 1.44583114  1.72522428]
 [ 4.56298428  3.48444907]
 [ 0.4002201   3.92157902]
 [-2.90080032 -0.96026759]
 [-3.77549792 -0.14291089]
 [ 6.51935162  0.57337859]
 [-5.18721618 -1.7233219 ]
 [ 2.89811652  1.54720493]
 [-4.96734601  0.67684036]
 [ 5.08260522  0.54895671]
 [-1.06602867 -2.05369546]
 [-1.32486575  0.2158051 ]
 [-2.91881674  2.53375124]
 [ 2.91567245 -1.25284355]
 [-3.47735297  2.22749647]
 [-3.27100033 -4.14382256]
 [ 4.19211128 -3.73734086]
 [-0.13131747 -1.13954028]
 [-4.37160283  2.69458896]
 [-5.10453873  1.45408079]
 [-3.29605985  0.22838793]
 [ 2.56673507 -2.90871773]
 [ 3.39783026 -5.64306597]
 [ 2.8389207   6.74410938]
 [ 3.31677596  1.63134474]
 [ 2.82789472  1.05038627]
 [ 2.19143212 -0.03829623]
 [-4.00773049  0.60664157]
 [-2.64528483 -3.64934205]
 [-1.40911124  3.06687037]
 [-4.09349436  3.35136111]
 [ 6.38731628 -0.07634972]
 [ 2.73086879  3.49796669]
 [-4.59351659 -0.81152021]
 [ 4.60047342  2.56813047]
 [-0.03784644 -4.75353708]
 [ 3.5847656  -2.34573577]
 [ 2.77395751 -5.77665   ]
 [-5.56505721  1.5170587 ]
 [ 4.1159906   1.70807997]
 [-4.27186488  2.29103451]
 [-0.36602943  0.35775419]
 [-0.24921388 -0.27140403]
 [-3.85498874 -0.68218424]
 [ 3.3888     -2.02640059]]