[[ 4.32641608 -5.27844741]
 [ 2.23040207  3.10704907]
 [-1.21615644 -2.15146981]
 [-5.41235271  2.51762363]
 [ 2.6978189  -2.01356529]
 [-2.23398599  5.65688996]
 [ 3.74801226 -1.13667248]
 [-4.63365155  0.64135055]
 [ 5.45134143  1.32555709]
 [ 0.63137036 -4.63677894]
 [ 1.55049114  4.52689031]
 [ 2.67313906  0.35803917]
 [ 0.67427448  3.00235652]
 [-3.20242939  0.72221318]
 [ 1.03025873 -3.52356501]
 [ 4.49816104 -1.2886828 ]
 [-4.78725845  0.23695069]
 [-1.02955708  3.51632581]
 [-6.20411912 -1.57181967]
 [ 5.9033428   0.92188632]
 [ 3.38110638  6.81367196]
 [-2.07755392  0.2772762 ]
 [ 1.24275328 -3.96294327]
 [ 3.81050875  0.89806604]
 [ 1.11430642  3.84898568]
 [-3.30322536  1.45136289]
 [ 4.07233992 -1.80866557]
 [-4.76790977 -2.26296084]
 [-1.75211393 -2.93685196]
 [ 3.19742959  1.24023088]
 [ 2.25107694 -0.3007337 ]
 [ 0.23093754 -6.01063827]
 [-3.25487883  6.93056069]
 [-6.53846869  1.1911213 ]
 [-2.61587376 -3.84973942]
 [ 3.34744483  4.21486857]
 [ 2.08711034  1.0282709 ]
 [-5.29511874  1.53995707]
 [ 2.53312744 -0.56096127]
 [ 2.27237374 -4.27349962]
 [-3.89421827 -2.5039159 ]
 [-2.97459678  3.27695403]
 [-5.62075871 -0.10963419]
 [ 0.64788307  2.48705007]
 [-3.68821803  3.71620662]
 [ 3.72090923  1.54279036]
 [-2.18385639 -3.17525728]
 [-3.59774933 -4.35124207]
 [ 3.9223165  -5.65336381]
 [ 4.00230144  0.49512112]
 [ 2.99332982 -1.05102649]
 [ 2.53078976 -2.3755409 ]
 [-1.60910487 -3.41544318]
 [-1.9575887  -3.65301819]
 [ 1.45948814 -0.6280808 ]
 [ 5.6275218  -0.75518701]
 [ 0.2245421  -1.48137807]
 [-2.82018188 -0.15796278]
 [-3.0622857   1.79765255]
 [ 6.10377528 -2.38060276]
 [-5.41783453 -1.08617047]
 [ 2.66537229 -1.52746522]
 [-4.61179835  1.82347127]
 [ 4.53928238  2.46694123]
 [-1.69663171 -2.54346613]
 [-1.20564985  0.60797689]
 [-2.66611137  2.80987224]
 [ 1.8973038  -2.65667569]
 [-3.54386445  2.15755234]
 [-1.13969617  4.75600893]
 [ 1.69279331 -5.47875467]
 [-0.62076428 -0.96604584]
 [-4.64591806  2.16213616]
 [-4.15959341  3.29387845]
 [-3.50893135  0.16954194]
 [ 3.051194    2.27779556]
 [ 0.40384363 -6.60582582]
 [ 4.52019317  5.77637475]
 [ 3.59253617 -0.29432006]
 [ 2.88596411 -0.14557473]
 [ 2.55976283  1.11556145]
 [-3.85887883  1.102518  ]
 [-3.16612164 -2.44472162]
 [-0.78148694  3.18187966]
 [-3.32876696  3.97780815]
 [ 5.73654349 -2.85730169]
 [ 3.49320065 -1.72988158]
 [-4.62954396 -0.20743586]
 [ 4.23621536 -2.8538981 ]
 [ 1.15896014  4.37846027]
 [ 2.0629091  -3.77476596]
 [ 5.92227687  2.52903994]
 [-4.70422907  3.26373874]
 [ 4.41730475 -0.67123431]
 [-4.80731304  1.31356579]
 [-0.43625466 -0.04169515]
 [-0.07200158  0.98691001]
 [-3.99642667 -0.52142732]
 [ 1.70697254 -3.76800203]]