[[  3.13212168e+00  -6.04244088e+00]
 [  2.71295279e+00   2.65812286e+00]
 [ -1.35529354e+00  -1.55189538e+00]
 [ -4.01105524e+00   4.40409631e+00]
 [  3.68659037e+00   1.81167785e+00]
 [ -8.36282960e-01   6.19899645e+00]
 [  3.06340981e+00  -2.39465188e+00]
 [ -3.14766950e+00   3.30326699e+00]
 [  5.20746892e+00  -2.25813986e+00]
 [  6.51856308e-02  -4.47468220e+00]
 [  2.88765540e+00   4.46166572e+00]
 [  2.35952511e+00  -5.69762854e-01]
 [  1.53034968e+00   3.16689046e+00]
 [ -1.82673411e+00   2.81714336e+00]
 [  3.90534159e-01  -3.51290141e+00]
 [  3.81695864e+00  -2.35698382e+00]
 [ -3.82322146e+00   2.56920056e+00]
 [ -3.24245091e+00  -1.00030804e+00]
 [ -6.18007749e+00  -4.73955890e-02]
 [  5.26488339e+00  -2.84936649e+00]
 [ -3.54207499e+00  -6.63025623e+00]
 [ -1.15753632e+00   1.90971515e+00]
 [  5.66138947e-01  -3.97691562e+00]
 [  3.74018863e+00  -2.75326466e-01]
 [  2.25749470e+00   4.08422990e+00]
 [ -2.00813473e+00   3.21317550e+00]
 [  4.36170733e+00  -4.91424532e-01]
 [ -4.94547199e+00  -3.41223015e-01]
 [ -2.10819059e+00  -2.32113944e+00]
 [  2.97563457e+00   3.24402813e-02]
 [  1.96750513e+00  -1.91343319e+00]
 [ -8.59745231e-01  -5.79225645e+00]
 [ -7.67469246e+00   5.04190507e-01]
 [ -5.58854385e+00   3.54579224e+00]
 [ -3.12362699e+00  -2.93656543e+00]
 [  4.23581153e+00   3.61844036e+00]
 [  1.64375071e+00  -6.35351546e-01]
 [ -4.21197562e+00   3.44366255e+00]
 [  2.23606463e+00  -1.67575208e+00]
 [  1.75555577e+00  -4.44503490e+00]
 [ -4.35132335e+00  -1.21818490e+00]
 [ -3.96525680e+00   1.23979939e+00]
 [ -5.26970562e+00   1.61542860e+00]
 [  1.15772099e+00   2.44936952e+00]
 [ -2.09328686e+00   4.92461799e+00]
 [  3.96129123e+00   2.34530064e-01]
 [ -2.53361150e+00  -2.26774732e+00]
 [ -4.28211138e+00  -3.29110464e+00]
 [  6.53941099e+00   2.11763320e+00]
 [  2.69171101e+00  -2.83006334e+00]
 [  3.39653669e+00   7.08728181e-01]
 [  3.45450597e+00   1.27978764e+00]
 [ -1.98841434e+00  -2.70878714e+00]
 [ -2.41718379e+00  -2.90765261e+00]
 [  1.98850384e+00   4.99516085e-01]
 [  5.68785976e+00   1.10567873e-01]
 [  2.49076962e+00   3.62877287e+00]
 [ -2.70031463e+00   6.86084025e-01]
 [ -2.65196345e+00   2.32589123e+00]
 [  5.00161477e+00  -4.14340691e+00]
 [ -5.36019020e+00   8.87603337e-01]
 [  3.08302149e+00  -9.31167273e-01]
 [ -3.21344708e+00   3.86850909e+00]
 [  5.22428303e+00  -1.24749342e+00]
 [ -1.95487351e+00  -1.82492031e+00]
 [ -9.62453101e-01   9.01118029e-01]
 [ -1.31727655e+00   3.88701381e+00]
 [  1.47326786e+00  -2.74514150e+00]
 [ -2.02392410e+00   3.77297793e+00]
 [ -4.68425874e+00  -1.92954233e+00]
 [  1.36410806e+00  -5.49395436e+00]
 [ -7.52758320e-01  -7.56770131e-01]
 [ -2.55322000e+00   4.43827893e+00]
 [ -4.31338544e+00   3.19182942e+00]
 [ -2.80679356e+00   1.62608518e+00]
 [  2.13174221e+00  -3.24033399e+00]
 [  1.88255530e-01  -6.52743174e+00]
 [  6.17659350e+00   3.96007844e+00]
 [  3.44469799e+00  -5.91924678e-01]
 [  2.63399072e+00  -1.27665079e+00]
 [  1.70441730e+00  -1.21816693e+00]
 [ -3.11652606e+00   2.53238196e+00]
 [ -3.74494655e+00  -1.65161275e+00]
 [  2.49555486e-01   3.73892812e+00]
 [ -1.72367233e+00   5.00241036e+00]
 [  4.58208026e+00  -4.34260765e+00]
 [  4.14550909e+00   1.11134209e+00]
 [ -4.39384328e+00   1.46504572e+00]
 [  5.17913932e+00  -4.63181026e-01]
 [  2.40980724e+00   4.50005762e+00]
 [  1.47224459e+00  -3.99335250e+00]
 [ -4.57169270e-01  -6.28961907e+00]
 [ -3.28630674e+00   4.73756783e+00]
 [  4.10229902e+00  -1.40678707e+00]
 [ -4.31247558e+00   2.53029538e+00]
 [ -6.47312910e-03   7.31148597e-01]
 [ -5.39718446e-01  -3.68768448e-01]
 [ -3.35298814e+00   1.65334234e+00]
 [  9.80224745e-01  -3.93986780e+00]]