[[ 6.87166934 -0.45464411]
 [ 2.52155067  2.48604363]
 [-1.48414083 -1.78132227]
 [-3.53437331  4.80122652]
 [ 3.0157359   0.58072139]
 [-5.98722932 -1.62122365]
 [ 2.589384   -2.96193719]
 [-2.69226475  3.83518205]
 [ 2.18774328 -5.13043566]
 [ 4.2937322   1.97597336]
 [ 3.08632829  4.30316418]
 [ 1.40374202 -2.51808876]
 [ 1.4447732   2.93854392]
 [-1.32446533  3.31136504]
 [ 3.34006979  0.90212771]
 [ 3.13122231 -3.37165756]
 [-3.41133476  3.19643642]
 [-3.81934997 -1.43178448]
 [-6.12996132  1.33109624]
 [ 3.14670779 -5.00813807]
 [-3.16102319 -6.88790361]
 [-0.63918516  2.43340162]
 [ 3.98136508  0.84847596]
 [ 0.81111954 -3.77486229]
 [ 2.53050614  3.94048093]
 [-2.35327173  2.59662125]
 [ 3.89055334 -2.11103777]
 [-4.78781921  0.54325811]
 [-2.08231916 -1.35942864]
 [ 1.01282681 -3.17256246]
 [ 1.73514882 -1.58776424]
 [ 0.44230309 -5.88380371]
 [-7.61300474 -1.01521016]
 [-4.79029956  4.61126022]
 [-3.11357154 -2.92330019]
 [-1.79883217 -4.96690767]
 [ 0.60645971 -2.25168123]
 [-4.02308723  3.61622878]
 [ 1.73468724 -2.25463777]
 [ 4.90905752  0.12579472]
 [-4.59011454 -1.14215255]
 [-4.09834604  1.39688985]
 [-2.82784655  4.85742248]
 [ 1.13929057  2.30963989]
 [-4.72856106  2.18216459]
 [ 1.19727933 -3.72136879]
 [-2.52822368 -1.93976139]
 [ 0.61810103  5.2406184 ]
 [ 6.23782316  2.94116611]
 [ 1.72815799 -3.62347677]
 [ 2.77492896 -1.09339998]
 [ 3.37639465 -0.50077137]
 [-2.04139473 -2.70234671]
 [-2.4730762  -2.94781532]
 [ 1.47449297 -0.53765263]
 [ 4.95488812 -2.63344627]
 [ 2.56647276  3.50766945]
 [-2.63486919  0.98444776]
 [-2.36407234  2.8360584 ]
 [ 4.98739924 -4.21628204]
 [-1.31604642  5.45877251]
 [ 2.87313205 -1.50464671]
 [-3.26209457  3.85317848]
 [ 0.56403928 -4.95768977]
 [-2.14455345 -2.11840281]
 [-1.16769823  0.70264437]
 [-3.32574855  1.63381005]
 [ 2.79138876 -0.06261807]
 [-1.46336018  4.1184038 ]
 [-4.75985932 -2.10761721]
 [ 5.63393185  1.31004669]
 [-0.12157367  0.25782017]
 [-1.56321117  4.93619545]
 [-4.71481343  2.56138236]
 [-1.62173925  2.93684997]
 [ 3.55575229  1.82808001]
 [ 5.59308483  3.35459882]
 [-2.03302246 -7.00080854]
 [ 2.67719239 -2.28054074]
 [ 2.12981137 -1.64498522]
 [ 0.62107614 -2.78898001]
 [-3.0084657   2.57107565]
 [-4.01594018 -1.94084173]
 [-2.7540276  -0.47673743]
 [-4.9578905   1.64670912]
 [ 5.2556161  -3.69546585]
 [ 3.72927589 -1.37854928]
 [-3.64100058  2.37665472]
 [ 4.91518103 -1.6747384 ]
 [ 2.65414435  4.36370595]
 [ 4.32189396  0.40889584]
 [ 1.51637578 -6.25230985]
 [-4.71445945  3.22957502]
 [ 3.53535389 -2.63447885]
 [-1.93517566  4.74417438]
 [ 0.21090438  0.99094882]
 [-1.15272363 -1.27864007]
 [-1.83733846  3.57323145]
 [ 4.22271086 -0.16537678]]