[[ 6.68990887  1.27460854]
 [ 1.96803701  2.53682287]
 [-1.32444753 -2.07215872]
 [-4.34125691  4.08933897]
 [ 1.29367902 -3.53406366]
 [-5.72777162 -2.37493447]
 [ 3.87726516 -0.95243322]
 [-4.18718261  1.70686079]
 [ 4.08840739 -4.17241053]
 [ 3.46866463  3.02582407]
 [-0.77517016 -4.63216708]
 [ 1.98969764 -1.84205939]
 [-0.48443326 -0.68734713]
 [-2.10877354  2.65936882]
 [ 3.09187716  1.67561711]
 [ 4.13259289 -2.12811262]
 [-3.28389048  3.4774391 ]
 [-0.36888048  3.28372559]
 [-3.7594753   5.22589439]
 [ 5.34015851 -2.90347749]
 [-1.45347784 -7.52439379]
 [-1.68636003  1.15090513]
 [ 3.60917625  1.98055561]
 [ 2.15149006 -3.62860216]
 [ 1.4411032   3.83777752]
 [-2.68247315  2.63710734]
 [ 3.73151734 -2.3102837 ]
 [-1.93627359  4.72481481]
 [-2.05524388 -1.85644949]
 [ 2.24178449 -2.50918445]
 [ 2.83033029 -0.10003925]
 [ 3.8474159   4.50309524]
 [-7.54319841 -1.4448579 ]
 [-6.30517831  1.96440451]
 [-2.83012447 -3.4314221 ]
 [-0.59040836 -5.49276616]
 [ 1.55489101 -1.02845835]
 [-4.52021087  2.97155698]
 [ 2.59954105 -1.14213383]
 [ 4.61236158  1.35505654]
 [-0.57332742  4.55198854]
 [-4.21282033  0.83943194]
 [-5.46742496  0.19371792]
 [ 0.79115129  1.89739483]
 [-4.90500899  1.83049497]
 [ 2.70852333 -3.25281026]
 [-2.45905761 -2.49953937]
 [-3.91003259 -3.67051763]
 [ 6.15292291  3.06744651]
 [ 3.86880584 -0.51385979]
 [ 1.93338666 -2.85499757]
 [ 1.46857337 -3.04720837]
 [-1.83004264 -3.06316097]
 [-2.20308063 -3.34898497]
 [ 1.05330677 -1.68971922]
 [ 3.55684472 -4.47867351]
 [-0.39478494 -3.68940546]
 [-2.83138526  0.43383917]
 [-2.44273056  2.94263467]
 [ 6.2667457  -1.79275574]
 [-5.39070196 -0.31574718]
 [ 2.82912364 -1.77429301]
 [-3.74243654  3.44334269]
 [ 2.24440136 -4.9385639 ]
 [-2.00909471 -2.61373062]
 [-1.52852351 -0.02246313]
 [-3.53079642  1.04948598]
 [ 3.16348879  0.78467148]
 [-3.34056499  2.50666034]
 [-4.42908529 -2.2808698 ]
 [ 4.89362546  2.79791394]
 [ 0.17787383  0.92802391]
 [-2.93594024  4.34473794]
 [-4.62375223  2.70853998]
 [-2.6124246   1.92953035]
 [ 3.07413041  2.3829864 ]
 [ 4.68827083  4.6127814 ]
 [ 0.41575054 -7.38067278]
 [ 2.93572344 -2.26356339]
 [ 2.84171572 -0.7513676 ]
 [ 1.93085227 -1.11403788]
 [-3.49623194  1.846141  ]
 [-3.60882155 -1.84008299]
 [-0.35375068  2.85140934]
 [-5.04804643  1.27420686]
 [ 6.23286695 -1.18551488]
 [ 1.86950133 -3.84417087]
 [-4.51197419  0.04435942]
 [ 4.30271479 -2.93359282]
 [ 1.469322    4.46111854]
 [ 4.03464828  1.50640299]
 [ 3.92473957  5.02609741]
 [-5.16480482  2.52172035]
 [ 4.07182148 -1.71602162]
 [-2.39520627  4.6238056 ]
 [-0.30785818  0.20424634]
 [-1.04586988 -1.55993379]
 [-2.18603573  3.57491498]
 [ 3.99511612  0.94319488]]