[[ 6.65472351 -1.72889652]
 [ 2.93658816  2.3249372 ]
 [-1.89179721 -1.82820123]
 [-4.5410607   3.83964783]
 [ 3.13079749  0.9584291 ]
 [-0.36040235  6.28262076]
 [ 2.04231369 -3.30858598]
 [-4.06658896  2.36410583]
 [ 0.9635292  -5.5600004 ]
 [ 4.44197196  1.32309547]
 [ 3.4008531   4.09379224]
 [ 1.08349745 -2.39188159]
 [ 1.78138254  2.81690859]
 [-1.88137941  2.76414994]
 [ 3.60911288  0.37458057]
 [ 2.22684599 -3.91843683]
 [-3.84727382  2.81047053]
 [ 0.31800505  3.63670569]
 [-6.14142259  1.52642631]
 [ 1.73171074 -5.65148532]
 [-3.64434047 -6.67921763]
 [-1.10036936  1.86435303]
 [ 4.17889048  0.31691887]
 [ 0.13544778 -4.01506803]
 [ 2.88684628  3.73454851]
 [-2.01560104  3.21883761]
 [ 3.33861814 -2.6705533 ]
 [-4.86498553 -0.20064602]
 [-2.40488858 -1.36442803]
 [ 0.36265836 -3.4280914 ]
 [ 1.45166709 -1.87188317]
 [ 3.46893548 -5.06962209]
 [-7.49319951 -1.50013476]
 [-5.72998784  3.26525094]
 [-3.47761912 -2.56925666]
 [-2.05937793 -4.92900365]
 [ 0.28386304 -2.34548499]
 [-4.87042606  2.23470078]
 [ 1.32798863 -2.62640883]
 [ 4.86769005 -0.78122418]
 [ 0.23486631  4.84881927]
 [-3.87085252  1.74020431]
 [-5.31523969  1.06313533]
 [ 1.40135133  2.20205347]
 [-2.37783874  4.93212547]
 [ 0.55042891 -3.94111897]
 [-2.87215249 -1.72077474]
 [-4.58655882 -2.61297088]
 [ 6.06903705  3.07465432]
 [ 1.03560966 -3.96749071]
 [ 2.27571419 -1.42333516]
 [ 2.60219469  0.05846688]
 [-2.52586815 -2.60007754]
 [-2.86354747 -2.70847204]
 [ 1.32535121 -0.62161209]
 [ 4.29259332 -3.42087714]
 [ 2.94352775  3.30027878]
 [-2.27690232  1.30247766]
 [-2.75330557  2.23842213]
 [ 4.34535321 -4.87023066]
 [-5.395218    0.46505479]
 [ 2.39851815 -2.05759798]
 [-3.63761683  3.51446833]
 [-0.10152396 -5.21315567]
 [-2.49495348 -2.00554118]
 [-1.12150568  0.72101482]
 [-1.56378144  3.81580182]
 [ 3.14771852 -0.68376597]
 [-2.65559125  3.31521601]
 [-4.60336166 -1.34081367]
 [ 5.75175715  0.24638928]
 [ 0.3897542   0.89011215]
 [-2.78168404  4.32316762]
 [-3.33075544  4.38862603]
 [-3.17399123  1.25033077]
 [ 3.76526666 -0.50936081]
 [ 6.53216862  1.15825764]
 [-2.49467824 -6.87928965]
 [ 2.13651217 -2.71077527]
 [ 1.78641907 -2.00310507]
 [ 0.27735525 -2.88701762]
 [-3.44497343  2.0398194 ]
 [ 0.6896141   4.2270038 ]
 [ 0.18315179  3.19988534]
 [-1.80567506  5.12147217]
 [ 4.60489196 -4.43289084]
 [ 2.65926512 -0.9556916 ]
 [-4.42182835  0.95499469]
 [ 4.40924909 -2.49832523]
 [ 3.0061518   4.16752383]
 [ 4.34389336 -0.84803532]
 [ 6.0620821   1.94144598]
 [-3.90759237  4.28344046]
 [ 2.87450924 -3.22626417]
 [-1.97658616  4.60908575]
 [-0.12720174  0.49931925]
 [-1.36172247 -1.25407667]
 [-2.67876286  2.72991721]
 [ 4.19374689 -0.54228729]]