[[  6.19145487e+00   2.96502907e+00]
 [  1.35966491e+00  -3.17531585e+00]
 [ -4.49890980e-01  -2.32279165e+00]
 [ -5.14632408e+00   3.07894969e+00]
 [  2.35471798e+00   1.91595383e+00]
 [ -4.72826850e+00  -3.96670020e+00]
 [  3.74528443e+00  -1.33751147e+00]
 [ -4.48289683e+00   8.38030069e-01]
 [  4.38285768e+00  -3.58434774e+00]
 [  2.40484653e+00   3.90679047e+00]
 [  3.41202544e-01   5.15984636e+00]
 [  2.49886533e+00  -1.40136504e+00]
 [ -1.53560624e-01   3.03562016e+00]
 [ -2.65683710e+00   2.49788343e+00]
 [  2.31966287e+00   2.49928751e+00]
 [  4.43307637e+00  -1.40641893e+00]
 [ -4.08040364e+00   2.60254374e+00]
 [ -2.76452110e+00  -2.75075256e+00]
 [ -6.10365246e+00  -1.59205612e+00]
 [  5.11365276e+00  -3.04534558e+00]
 [  9.94587011e-01  -7.54576252e+00]
 [ -1.74390780e+00   1.64100011e+00]
 [  2.87163677e+00   2.87192974e+00]
 [  2.77116071e+00  -2.89582897e+00]
 [  1.45545908e-01   4.54654962e+00]
 [ -3.14371966e+00   2.14818830e+00]
 [  4.45616067e+00   1.27817862e-02]
 [ -3.12402513e+00   3.89313846e+00]
 [ -1.17510954e+00  -2.24692958e+00]
 [  2.53371843e+00  -2.33224230e+00]
 [  2.30478530e+00  -4.24655258e-01]
 [  3.97345529e+00  -4.51887306e+00]
 [ -5.90239692e+00  -4.91201985e+00]
 [ -6.58560271e+00   7.16000270e-01]
 [ -1.31674077e+00  -4.10881808e+00]
 [  1.05649820e+00  -5.25445908e+00]
 [  1.67837313e+00  -1.62775851e+00]
 [ -5.05575376e+00   1.94402900e+00]
 [  2.63937658e+00  -1.07924301e+00]
 [  4.10882028e+00   2.59054214e+00]
 [ -3.61910817e+00  -2.92764345e+00]
 [ -4.19922613e+00   1.14462338e+00]
 [ -5.31053264e+00  -9.70555351e-01]
 [ -1.15751320e-01   2.26645751e+00]
 [ -5.20179190e+00   6.96255028e-01]
 [  3.02810742e+00  -2.64460673e+00]
 [ -1.30950631e+00  -2.96419527e+00]
 [ -2.24913028e+00  -4.78432737e+00]
 [  4.36883923e+00   5.34811114e+00]
 [  3.37135387e+00  -2.31317302e+00]
 [  3.07656284e+00   4.13065803e-01]
 [  3.29097981e+00   1.20781755e+00]
 [ -5.06482770e-01  -3.44736082e+00]
 [ -7.39398984e-01  -3.83290849e+00]
 [  1.56998841e+00   2.91707228e-01]
 [  5.63072239e+00   2.00927275e-04]
 [  3.98985348e-01   4.18698944e+00]
 [ -2.87498106e+00  -3.89103344e-01]
 [ -3.40636568e+00   6.80685874e-01]
 [  6.38229993e+00  -1.43185562e+00]
 [ -5.10506281e+00  -1.43644005e+00]
 [  3.28330782e+00   9.24175004e-03]
 [ -4.45963213e+00   2.63872264e+00]
 [  2.99903932e+00  -4.17541348e+00]
 [ -8.82431865e-01  -3.00288178e+00]
 [ -1.39286874e+00  -1.56390916e-01]
 [ -3.74930452e+00   2.18597986e-01]
 [  2.54881756e+00   1.36872479e+00]
 [ -3.57014877e+00   2.35311443e+00]
 [ -3.41196365e+00  -3.81108331e+00]
 [  4.09152724e+00   3.96513136e+00]
 [ -2.32357136e-01   2.71250262e-01]
 [ -3.69211068e+00   3.88172556e+00]
 [ -5.15078084e+00   1.49491502e+00]
 [ -2.85906521e+00   1.61757840e+00]
 [  2.09469481e+00   3.26567160e+00]
 [  2.65870116e+00   5.97121915e+00]
 [  2.04060654e+00  -7.03314511e+00]
 [  3.47912696e+00  -7.89822837e-01]
 [  2.66961077e+00  -2.44457080e-01]
 [  1.98939441e+00  -2.07079968e+00]
 [ -3.70862864e+00   1.14227729e+00]
 [ -2.74291039e+00  -3.27947367e+00]
 [ -2.13994466e+00  -1.43507770e+00]
 [ -5.20323847e+00  -5.54327439e-02]
 [  6.37903855e+00  -8.30659356e-01]
 [  3.97733419e+00   6.22596887e-01]
 [ -4.37212192e+00  -7.88661657e-01]
 [  5.11519415e+00   9.03310541e-01]
 [ -2.01624130e-02   5.01454567e+00]
 [  3.40055383e+00   2.58101172e+00]
 [  3.37643631e+00   5.34581427e+00]
 [ -5.60107548e+00   1.42181870e+00]
 [  4.39799083e+00  -5.61758253e-01]
 [ -3.82318071e+00   3.62645253e+00]
 [ -3.04447346e-01   9.23439014e-01]
 [ -3.74507309e-01  -1.81755366e+00]
 [ -3.00827916e+00   2.94244445e+00]
 [  3.65149148e+00   2.04436447e+00]]