[[ 6.24447761  3.12529259]
 [ 1.60152394 -0.68790298]
 [ 0.11785306 -1.80717237]
 [-5.94278862  0.95714103]
 [ 0.46252407  4.44077186]
 [-2.52460982 -5.60634724]
 [ 3.56448358  1.5079286 ]
 [-4.65592771  0.17956741]
 [ 5.59878281 -0.22793534]
 [ 3.57428529 -2.246597  ]
 [-1.39524339  5.34866673]
 [ 1.90814066  1.37002501]
 [-1.48732046  3.42023593]
 [-3.54201387  1.39206275]
 [ 2.99077539 -1.51381226]
 [ 3.55710028  2.86605615]
 [-4.57039169 -0.91323564]
 [-1.13822175 -3.81711287]
 [-4.60855666 -4.20085675]
 [ 5.85491126  0.57749469]
 [ 3.09486933 -6.85933644]
 [-2.36850345  0.92218147]
 [ 3.56599609 -1.67988605]
 [ 2.582923    2.47600509]
 [-1.60694142  4.68417153]
 [-3.75940196  0.70293511]
 [ 2.31010534  3.90038368]
 [-3.29304974 -3.39382879]
 [ 0.36133089 -2.99294858]
 [ 1.67636387  2.21815829]
 [ 2.55286457  1.09058603]
 [ 4.63863485 -3.4596361 ]
 [-3.98465529 -6.53480543]
 [-6.30246425 -2.00079656]
 [-2.3692205   2.67522235]
 [ 2.61232629 -4.32617041]
 [ 1.63650945  0.52266149]
 [-4.99836033 -1.93635527]
 [ 2.54519159  0.78682914]
 [ 4.5418151  -1.00390548]
 [-1.97532751 -4.13106919]
 [-3.89817498 -1.6447707 ]
 [-4.66695672 -2.84656383]
 [-1.13584248  2.44999569]
 [-5.36195417 -0.29513376]
 [ 3.06705629  1.94595094]
 [-0.12248509 -2.9491481 ]
 [-0.12004942 -5.13985511]
 [ 1.72202878  6.74235266]
 [ 3.69374557  0.08791625]
 [ 1.26022055  3.56364719]
 [ 0.77228437  4.14921668]
 [ 0.75165891 -3.05519213]
 [ 0.64347632 -3.52434829]
 [ 0.65368124  2.43593675]
 [ 2.91461636  4.94572631]
 [-1.17555619  4.53809621]
 [-2.48562645 -1.53286338]
 [-3.59792958 -0.58084377]
 [ 6.12935588  2.11628117]
 [-4.27108084 -3.26939689]
 [ 1.72081906  3.00468389]
 [-5.08667657  0.98232366]
 [ 4.96913864  0.37443585]
 [-0.03766572 -2.51951334]
 [-1.43099224 -0.0948687 ]
 [-3.92685572  0.50834441]
 [ 3.02557067 -0.36155901]
 [-4.24678824  1.70436056]
 [-1.36491955 -4.90501902]
 [ 4.87664654  3.09200722]
 [-0.24599985 -0.16302822]
 [-4.99541923  2.13514273]
 [-5.43731056  0.21334441]
 [-3.17722562 -0.63943304]
 [ 3.83361173  0.58506516]
 [ 5.45962535 -3.43091717]
 [ 3.73274206 -6.18521807]
 [ 2.17999416  2.93274497]
 [ 2.15671959  1.92646677]
 [ 2.23717919  0.07840103]
 [-3.93576413 -0.90316716]
 [-0.96340297 -4.17555614]
 [-1.35005047 -2.06736154]
 [-5.21423083 -1.14655906]
 [ 5.82961005  2.32810311]
 [ 1.2840229   4.30776137]
 [-3.87726935 -2.29749834]
 [ 2.99858132  4.37173742]
 [-1.8323759   5.01590025]
 [ 4.01813804 -0.88812735]
 [ 5.65096164 -2.8633157 ]
 [-5.84745044 -0.08097238]
 [ 3.04383345  3.31339978]
 [-4.76192537  2.20038331]
 [-0.77372963  1.00092471]
 [-0.00815963 -1.16281005]
 [-4.05093261  1.11165648]
 [ 3.704692   -1.26393286]]