[[ 6.00155736 -3.19541575]
 [ 0.53420031  3.79578156]
 [-0.16533738 -1.7712464 ]
 [-5.91159456  0.46543686]
 [ 1.85364041  3.16094064]
 [-3.79349868 -5.09396704]
 [ 3.91440291  0.10752007]
 [-4.53040765  0.85177584]
 [ 4.20948213  3.91202543]
 [ 2.80246476 -3.63630747]
 [-0.51137469  4.81841533]
 [ 2.25705127  1.29502245]
 [-0.79287495  3.24592245]
 [-3.23761438 -0.46350039]
 [ 2.52636757 -2.53032792]
 [ 4.48215202  0.83933658]
 [-4.6975106   0.20827859]
 [-2.0288405  -3.32590571]
 [-5.20646153 -3.65101351]
 [ 4.89831882  3.59042871]
 [-0.16061552  7.61603557]
 [-2.1542439   0.57527247]
 [ 2.9183913  -2.87550611]
 [ 2.6915912   2.9147097 ]
 [-0.78294662  4.18670085]
 [-3.70336513  0.01109091]
 [ 4.04857029  1.92744219]
 [-3.86187029 -3.22629912]
 [-0.3324602  -2.90873225]
 [ 2.12236049  2.60042156]
 [ 2.62641241 -0.35783922]
 [ 2.78721408 -5.27369136]
 [-5.24536471  5.48655113]
 [-6.50890637  1.23657986]
 [-1.56806716  1.94161328]
 [ 1.28943068  5.27526915]
 [ 1.46346603  1.41778528]
 [-5.05867541  1.93610256]
 [ 2.59714184  0.18526787]
 [ 4.04471941 -2.59752251]
 [-2.65552555 -4.08054383]
 [-4.29433998 -1.36530144]
 [-4.73586372  2.80321208]
 [-0.60693857  2.6235121 ]
 [-5.13870305 -1.69402981]
 [ 2.6911215   3.20073275]
 [-0.57209959 -3.36504521]
 [-1.12329518 -5.38790558]
 [ 6.62106868 -1.84823501]
 [ 3.7137681  -0.34560539]
 [ 2.77912792  1.93316804]
 [ 3.34985209  1.21981528]
 [ 0.04610299 -3.07348074]
 [-0.24101351 -3.66418869]
 [ 1.53005111  0.493737  ]
 [ 5.09323956  2.56281917]
 [-0.30934479  3.98450035]
 [-2.63294542 -1.36908532]
 [-3.66197471 -0.76357676]
 [ 6.49932896  0.1970593 ]
 [-4.26737391  3.35401144]
 [ 3.18395685  0.67157864]
 [-5.00651145 -0.22902425]
 [ 3.00865548  4.41503236]
 [-0.48451618 -2.39439103]
 [-1.35052045 -0.14822014]
 [-3.6628562   0.33393412]
 [ 2.93600713 -1.52303683]
 [-3.94112731  1.59856258]
 [-2.43846685 -4.63099831]
 [ 4.24553696 -3.79793774]
 [-0.02612974 -0.97447853]
 [-4.66834514 -2.17100665]
 [-5.38554193 -0.95877177]
 [-3.25583919  1.52552556]
 [ 3.82291861 -1.43705223]
 [ 3.86782917 -5.34699361]
 [ 1.25549671  7.26422821]
 [ 3.20627424  1.77152052]
 [ 2.65183738  0.5840114 ]
 [ 1.74112548  1.7853796 ]
 [-3.93291816  1.12964361]
 [-1.72908717 -4.21431751]
 [-1.59582001 -2.72946176]
 [-5.2010136  -1.48744429]
 [ 6.35825577  0.49389764]
 [ 3.25977133  2.69865885]
 [-3.92959052  2.4685035 ]
 [ 5.09594729  0.60207786]
 [ 0.94447193 -4.44306776]
 [ 3.58265905 -2.35764207]
 [ 3.19807171 -5.56937792]
 [-5.75827792 -0.15996908]
 [ 4.25240609  1.39097922]
 [-4.94461067  1.1295088 ]
 [-0.39205753  0.04551545]
 [-0.37444252  0.52370495]
 [-3.66515678 -1.59354664]
 [ 3.23046018 -2.37554658]]