[[  6.07302525e+00  -3.09273195e+00]
 [  1.06149596e+00   3.75052675e+00]
 [ -5.45281934e-01  -1.92376027e+00]
 [ -5.99549799e+00   1.53705520e-01]
 [  3.34973369e+00  -1.02318591e+00]
 [ -4.78512647e+00  -4.16885931e+00]
 [  3.89312254e+00   4.46926040e-01]
 [ -4.45055018e+00   1.11036269e+00]
 [  4.55746007e+00   3.42910231e+00]
 [  2.26664224e+00  -3.93328337e+00]
 [  4.30089623e-01  -4.87049949e+00]
 [  2.36734020e+00   1.07820149e+00]
 [ -3.43297055e-01   2.80889845e+00]
 [ -3.37383211e+00  -3.42040180e-01]
 [  2.19944854e+00  -2.78113568e+00]
 [  4.62061880e+00   7.05171697e-01]
 [ -4.38364190e+00   1.51789810e+00]
 [ -2.62349266e+00  -2.78573489e+00]
 [ -5.88834693e+00  -2.43858107e+00]
 [  5.08735712e+00   3.21273377e+00]
 [  1.24026825e+00   7.50206253e+00]
 [ -2.00444655e+00   6.10014110e-01]
 [  2.61549122e+00  -3.14843522e+00]
 [  3.24427039e+00   2.38864940e+00]
 [ -5.98632123e-02   3.92596407e+00]
 [ -3.61448111e+00   3.13243818e-01]
 [  4.46896686e+00   3.12717211e-02]
 [ -4.38811001e+00  -2.59314841e+00]
 [ -9.24448362e-01  -3.00844747e+00]
 [  2.57823722e+00   2.46260270e+00]
 [  2.22590312e+00   5.17705853e-01]
 [  2.36274112e+00  -5.51672940e+00]
 [ -3.92797559e+00   6.49306328e+00]
 [ -6.17176890e+00   2.42293182e+00]
 [ -1.54400399e+00  -4.24283595e+00]
 [  1.88147968e+00   5.05634264e+00]
 [  1.66612020e+00   1.70097970e+00]
 [ -5.09072427e+00   1.94952071e+00]
 [  2.56586732e+00   3.66245107e-01]
 [  3.84074653e+00  -2.79890154e+00]
 [ -2.20973685e+00   3.59362932e+00]
 [ -4.42825616e+00  -6.19380433e-01]
 [ -4.17669934e+00   3.57800007e+00]
 [ -1.20233401e-01   2.91362488e+00]
 [ -5.38650323e+00  -6.37997903e-01]
 [  3.06399491e+00   2.79392385e+00]
 [ -1.26807252e+00  -3.43995026e+00]
 [ -2.33543012e+00  -5.08862407e+00]
 [  5.64436144e+00  -3.93124970e+00]
 [  3.54087384e+00   2.09249003e+00]
 [  3.22207089e+00   1.80729548e-01]
 [  2.90423192e+00  -1.01798765e+00]
 [ -6.60863090e-01  -3.34474666e+00]
 [ -9.86480494e-01  -3.83457340e+00]
 [  1.59460168e+00  -1.58813390e-01]
 [  5.50799627e+00   1.48008618e+00]
 [  7.89009963e-01  -3.43331356e+00]
 [ -2.74465812e+00  -6.65415396e-01]
 [ -3.45541719e+00   6.21682931e-01]
 [  6.53628550e+00  -2.32541462e-01]
 [ -3.65077386e+00   4.02086352e+00]
 [  3.11163725e+00  -2.80011439e-01]
 [ -5.07867477e+00  -3.49098725e-02]
 [  3.47652111e+00   4.00865286e+00]
 [ -9.49116121e-01  -2.54399371e+00]
 [ -1.29024592e+00   2.34680737e-01]
 [ -3.32273083e+00   1.56131887e+00]
 [  2.58809141e+00  -1.85000206e+00]
 [ -4.16734654e+00   2.81633767e-01]
 [ -3.46188747e+00  -3.84206234e+00]
 [  3.71412873e+00  -4.24201671e+00]
 [ -1.90557195e-01  -1.02928800e+00]
 [ -5.04700667e+00  -1.32935267e+00]
 [ -4.87006445e+00   2.10270376e+00]
 [ -2.87125078e+00   1.93437476e+00]
 [  2.02881905e+00   3.22924669e+00]
 [  2.27258913e+00  -6.20074839e+00]
 [  2.30061527e+00   6.97895389e+00]
 [  3.47296318e+00   1.14314137e+00]
 [  2.81042191e+00   1.09109092e+00]
 [  2.06213330e+00   1.97528281e+00]
 [ -3.62297907e+00   1.93842190e+00]
 [ -2.74319183e+00  -3.54287725e+00]
 [ -2.09066194e+00  -2.27408399e+00]
 [ -4.53698300e+00   2.57343188e+00]
 [  6.40878692e+00   1.50718422e-01]
 [  3.92972009e+00  -3.95846175e-01]
 [ -3.45894611e+00   3.00584093e+00]
 [  5.01495253e+00  -9.34533795e-01]
 [ -9.69971827e-02   4.46719984e+00]
 [  3.30997569e+00  -2.61160355e+00]
 [  3.41094734e+00  -5.46962576e+00]
 [ -5.61416513e+00   1.24342327e+00]
 [  4.33306378e+00   1.21889609e+00]
 [ -5.07996887e+00   1.27118000e-01]
 [ -3.50715423e-01   5.44904108e-03]
 [ -2.95312327e-01   9.84741589e-01]
 [ -3.92690071e+00  -1.08736192e+00]
 [  2.95849691e+00  -2.74425438e+00]]