[[ 4.91065676  4.77161247]
 [-0.68412144  3.23363792]
 [ 0.7912766  -2.425625  ]
 [-5.92838642 -0.48372999]
 [ 1.42594764  2.16875754]
 [-1.7548534  -6.01912767]
 [ 4.06642048  0.15533968]
 [-4.38025706 -1.41146723]
 [ 5.46283585 -1.72082518]
 [ 1.08711441  4.24433107]
 [-2.28868758  4.32115341]
 [ 2.70600134 -0.18118282]
 [-1.6571834   2.38318069]
 [-3.0906685  -0.5980859 ]
 [ 1.28920914  3.07929296]
 [ 4.72760572 -0.1628682 ]
 [-4.65429802 -0.68661753]
 [-0.89835998 -3.81919735]
 [-4.25311642 -4.61757314]
 [ 5.92355795 -0.94561324]
 [ 5.0755232  -5.65873971]
 [-2.30722723  0.38518396]
 [ 1.60854049  3.64546041]
 [ 3.79783913 -1.26039591]
 [-2.12116381  3.66306327]
 [-3.57969862 -0.35487323]
 [ 4.08830712  1.70144275]
 [-2.80244634 -4.01086795]
 [ 0.17936475 -2.59649328]
 [ 3.34028255 -1.32308812]
 [ 2.28649073  0.45343986]
 [ 0.68655891  5.77024292]
 [-3.50534874 -6.85835165]
 [-6.44062475 -1.60047806]
 [ 1.23482318 -4.41781378]
 [-1.26140708  4.93043881]
 [ 2.23109577 -0.82927851]
 [-5.38190884 -0.47033163]
 [ 3.09433502 -0.25721384]
 [ 3.01457159  3.72213321]
 [-1.3621649  -4.56916374]
 [-3.47344149 -2.66690034]
 [-5.59585015  0.63667795]
 [-1.25482439  1.89864124]
 [-4.5485509  -2.64900118]
 [ 3.77014984 -1.89995771]
 [ 0.62776492 -3.53001311]
 [ 1.01605092 -5.43946308]
 [ 1.47711223  6.68994036]
 [ 4.09047667 -1.00393379]
 [ 2.76403023  1.27153424]
 [ 2.34954054  1.75786918]
 [ 1.53967423 -3.49032084]
 [ 1.55818173 -3.90538167]
 [ 1.38522929  0.52616778]
 [ 5.32968721  1.75669982]
 [-1.665802    3.59722511]
 [-2.13908561 -1.90758346]
 [-3.28547786 -1.29208283]
 [ 6.5226245   0.78484506]
 [-5.21895076  1.85045741]
 [ 3.1980464   0.96148113]
 [-4.90956657 -1.31026279]
 [ 4.70216097 -2.45728405]
 [ 0.96042471 -3.30873883]
 [-1.00913367 -1.03006852]
 [-3.01482989 -2.35572161]
 [ 2.03575005  2.31542478]
 [-4.25890122  0.52467022]
 [-0.83338025 -5.14252776]
 [ 2.78327011  4.90742294]
 [-0.54014859  0.59510925]
 [-5.06051531  0.46382955]
 [-4.47362192 -2.98341971]
 [-3.58887319  0.80328654]
 [ 0.47945544  3.76424599]
 [ 0.59954544  6.44761157]
 [-2.96019375  6.57431645]
 [ 3.59822072  0.4331427 ]
 [ 2.67406331  0.61416303]
 [ 2.65725778 -0.86700143]
 [-3.96530951 -0.72358829]
 [-0.44628526 -4.44051982]
 [-0.88711662 -2.73025588]
 [-3.92444859 -3.44961757]
 [ 6.28840109  1.49039161]
 [ 3.49094205  1.77905541]
 [-3.98031085 -1.73179607]
 [ 4.60862479  2.35994701]
 [-2.54620006  4.02387025]
 [ 2.27303898  3.51146365]
 [ 2.35584439  5.93608716]
 [-5.25911109 -2.26168982]
 [ 4.38108339  0.94172709]
 [-4.86865468  1.21756073]
 [-0.43954276 -0.01385818]
 [ 1.14698347 -2.43368303]
 [-3.84854141  0.09972792]
 [ 2.65659717  3.14037   ]]