[[ 5.67104065 -3.80826763]
 [ 0.96525692 -3.29062916]
 [-0.58100718  1.63768047]
 [-6.00163197  0.09487497]
 [ 2.31840677  3.25494603]
 [-3.03930616 -5.25290397]
 [ 3.93701354 -0.27655614]
 [-4.52659037 -1.18446366]
 [ 5.43511852 -1.02058764]
 [ 2.14758832 -4.01810522]
 [ 0.23030244  5.30079998]
 [ 2.30878863  0.52631691]
 [ 0.04704485  3.37516276]
 [-3.31248402  0.12249533]
 [ 2.04155627 -2.46898403]
 [ 4.56235713  0.81123116]
 [-4.71842392 -0.89768445]
 [-1.46686831 -3.36697473]
 [-5.30172143 -3.4216962 ]
 [ 5.6002601  -1.94747672]
 [ 0.51367074  7.62681128]
 [-2.205375    0.61014131]
 [ 2.51037397  0.90604996]
 [ 3.201303    1.86351763]
 [ 0.10684719  4.67916094]
 [-3.76774321  0.54938847]
 [ 3.95404082  1.77572912]
 [-3.57430274 -3.05363308]
 [-1.26090767  2.13063046]
 [ 2.96690638  0.2189055 ]
 [ 2.53474973 -1.24671228]
 [ 3.54645455  4.79994199]
 [-4.47200768 -6.15174622]
 [-6.46353833 -1.41084669]
 [-1.99378523  4.06252703]
 [ 1.45030361  5.35455087]
 [ 1.66986568 -0.4673057 ]
 [-5.2053311  -1.53511068]
 [ 2.62292034 -0.34070195]
 [ 3.43629708 -3.34320927]
 [-3.47707311  3.3754329 ]
 [-4.22467976  2.00135679]
 [-4.71917645 -2.69583169]
 [-0.05162406 -2.27761949]
 [-4.93149583  2.4154625 ]
 [ 3.6744948  -0.86396484]
 [-1.55712433  3.05007889]
 [-1.26305806 -4.89815782]
 [ 5.68612156  4.03139728]
 [ 3.52065218 -1.70354677]
 [ 2.65142765  2.16868772]
 [ 2.41113245  2.77488524]
 [-0.91850025  3.04775626]
 [-1.40383005  3.56904389]
 [ 1.54466063  1.3633741 ]
 [ 5.12193969  2.31030562]
 [ 0.6819966   4.35856643]
 [-2.45866703 -1.29624901]
 [-3.45634773 -1.03492604]
 [ 6.54163328 -0.01571347]
 [-4.09080681 -3.5056645 ]
 [ 3.05628394  1.16723401]
 [-5.04866116  0.28674792]
 [ 4.74692221 -1.80822169]
 [-1.12544708  2.53874039]
 [-1.35096781 -0.38657932]
 [-3.85173407  1.42244594]
 [ 2.45896676 -1.96392257]
 [-4.1982711  -0.30036846]
 [-1.91240495 -4.46728548]
 [ 3.56104015 -4.39611452]
 [-0.19654889  0.13361009]
 [-5.21439027 -0.0590133 ]
 [-5.3144674   1.54262209]
 [-3.1038627  -1.69166093]
 [ 2.11425584 -3.14495401]
 [ 3.1499257  -5.61401079]
 [ 1.49895586 -7.06639869]
 [ 3.50874554  0.74833484]
 [ 2.88436367 -0.61980315]
 [ 2.00653153 -0.80966565]
 [-3.88195897 -1.3245556 ]
 [-1.28402292 -3.85164877]
 [-2.4368689   3.18621304]
 [-5.02277709  2.02274996]
 [ 6.39363418 -0.3782636 ]
 [ 3.08159442  2.79356167]
 [-3.90674708 -2.30679922]
 [ 4.81667527  1.80873932]
 [-0.24887944  5.12624767]
 [ 2.96458345 -3.06064548]
 [ 4.46551822  4.58910167]
 [-5.75570096  0.98359096]
 [ 4.30831035  0.5952214 ]
 [-4.88542688  1.09061823]
 [-0.53181067  0.06500001]
 [-0.36075611 -1.69408423]
 [-3.80878053 -0.05035571]
 [ 3.25505956 -2.47836879]]