[[  4.30187132e+00   5.20995617e+00]
 [  2.98059325e-01   3.09479181e+00]
 [ -1.84343720e-01  -2.55163450e+00]
 [ -5.82668309e+00   9.57326957e-01]
 [  3.61013839e+00  -6.34421861e-02]
 [ -4.09382769e+00  -4.87016845e+00]
 [  3.61130697e+00   1.56981599e+00]
 [ -4.53051212e+00  -4.42898840e-01]
 [  5.64578446e+00  -1.36248076e+00]
 [  1.21164506e+00   4.41855281e+00]
 [  1.84171405e+00  -4.43703171e+00]
 [  2.43185384e+00   3.01811694e-01]
 [  5.32124062e-01  -2.05138498e+00]
 [ -3.26348185e+00  -3.03468632e-01]
 [  1.58185149e+00   3.19041475e+00]
 [  4.53595055e+00   7.91022688e-01]
 [ -4.49583508e+00   1.61719356e+00]
 [ -1.81676869e+00   1.88949095e+00]
 [ -5.61493805e+00  -3.00080793e+00]
 [  6.07137036e+00  -4.48795817e-01]
 [  3.74671459e+00  -6.66855320e+00]
 [ -2.06724041e+00   5.48842040e-01]
 [  1.73069188e+00   3.71737537e+00]
 [  3.60888381e+00  -2.06275311e+00]
 [ -8.29680093e-01   4.00698432e+00]
 [ -3.51923894e+00   6.81886535e-01]
 [  4.17007536e+00   1.54193567e+00]
 [ -4.01755803e+00  -2.98113734e+00]
 [ -7.80132285e-01  -2.89985024e+00]
 [  3.03083297e+00  -1.67861512e+00]
 [  2.32885410e+00   1.50007784e+00]
 [  4.31231236e-01   5.92764606e+00]
 [ -6.40422482e+00   4.13799513e+00]
 [ -6.62620620e+00   8.53694130e-02]
 [ -7.12180127e-01  -4.62059462e+00]
 [  2.26423437e+00  -5.15143731e+00]
 [  1.73350175e+00  -1.62037983e-01]
 [ -5.19715261e+00   1.47215204e+00]
 [  2.64491909e+00   7.77767557e-01]
 [  2.87067474e+00   3.80488579e+00]
 [ -2.96731180e+00  -3.78398384e+00]
 [ -3.73602571e+00   2.42709506e+00]
 [ -5.02827553e+00   2.32181127e+00]
 [ -4.66445184e-01   2.14498690e+00]
 [ -4.99939472e+00  -1.65068666e+00]
 [  3.40319620e+00  -2.40330510e+00]
 [ -8.06832561e-01  -3.68554558e+00]
 [ -1.57529256e+00  -5.34203716e+00]
 [  5.06565774e+00   4.60760906e+00]
 [  3.26688071e+00   1.94243988e+00]
 [  3.38010527e+00  -9.23715473e-01]
 [  3.16688258e+00  -1.04864179e+00]
 [  3.88791900e-04  -3.75980305e+00]
 [ -2.41710575e-01  -4.18059991e+00]
 [  1.75662578e+00  -7.69996490e-01]
 [  5.37210737e+00  -1.67511447e+00]
 [ -4.97926153e-01   3.71788862e+00]
 [ -2.70788261e+00  -9.09271388e-01]
 [ -3.58353114e+00   2.48542369e-01]
 [  6.26062246e+00   1.78664941e+00]
 [ -4.07695566e+00   3.68733259e+00]
 [  3.22444111e+00  -9.74214583e-02]
 [ -5.01655777e+00  -1.17820618e-01]
 [  4.48682607e+00  -2.88397752e+00]
 [ -3.94001852e-01  -3.42403686e+00]
 [ -1.29718085e+00  -6.62370216e-01]
 [ -3.64675106e+00  -1.40903343e+00]
 [  2.21282739e+00   2.13437486e+00]
 [ -4.03267387e+00   1.16549235e+00]
 [ -2.83658557e+00  -4.35141034e+00]
 [  2.44194642e+00   5.10694709e+00]
 [ -4.57521293e-01   1.28693016e+00]
 [ -5.07919131e+00   6.13986194e-01]
 [ -5.25316288e+00  -1.18243528e+00]
 [ -3.11295677e+00   2.11884346e+00]
 [  2.45342599e+00  -1.90882871e+00]
 [  1.43300970e+00   6.42570598e+00]
 [  5.07521234e+00  -5.31485983e+00]
 [  3.76397206e+00  -3.20829978e-01]
 [  2.93515694e+00   5.75336510e-01]
 [  2.04475735e+00   7.93933918e-02]
 [ -4.04392229e+00   6.12963076e-01]
 [ -2.36907921e+00  -3.44111386e+00]
 [ -1.71686809e+00  -2.77373626e+00]
 [ -4.78769588e+00  -2.18463500e+00]
 [  5.91251640e+00   2.29096619e+00]
 [  4.03122039e+00  -1.31105289e+00]
 [ -4.20072990e+00  -8.10746439e-01]
 [  5.16843355e+00   3.53001998e-01]
 [  1.44845721e+00  -4.32519282e+00]
 [  2.44867035e+00   3.51744061e+00]
 [  1.02001087e+00   6.22049147e+00]
 [ -5.66784617e+00  -7.52253279e-01]
 [  4.44258128e+00   2.79811772e-01]
 [ -4.02600970e+00   3.06505751e+00]
 [ -3.89983891e-01  -5.21064694e-03]
 [ -2.13519436e-01  -1.62492607e+00]
 [ -3.58307666e+00   1.55781855e+00]
 [  2.34268636e+00   3.25947369e+00]]