[[ 5.99597228  3.37322304]
 [ 1.10985654  2.73557452]
 [-0.78032321 -2.22201395]
 [-5.92256831 -0.63428189]
 [ 2.95706402  1.25711161]
 [-2.95572387  5.49910705]
 [ 3.95667351 -0.41819679]
 [-4.54754604  0.05577788]
 [ 4.83681416 -2.72169064]
 [ 2.55255917  3.94924616]
 [ 0.04315364 -4.68878333]
 [ 2.51053697  0.34472774]
 [ 0.00815611  2.52174075]
 [-3.24892324  0.00935557]
 [ 2.45526598  2.54152758]
 [ 4.43760806 -1.24618094]
 [-4.33507464  1.99288349]
 [-1.39537824  3.75277109]
 [-5.80941901 -2.58639699]
 [ 5.28482318 -2.7690356 ]
 [ 0.08499612 -7.58909224]
 [-2.03064392  0.43607402]
 [ 2.80666615  3.03280985]
 [ 3.01816303 -2.27789086]
 [ 0.17810379 -3.8239784 ]
 [-3.69044994  0.28056696]
 [ 4.38673965  1.04106886]
 [-4.17259218 -3.00127247]
 [-1.47608663 -2.49756032]
 [ 2.57489934 -1.903664  ]
 [ 2.31531572 -0.0751457 ]
 [ 2.73449325  5.38806452]
 [-5.66118916  5.14939294]
 [-6.57400067  1.01624553]
 [-2.07237388 -3.98844638]
 [ 0.84118689 -5.35201731]
 [ 1.61356556 -1.19176841]
 [-5.41016784 -0.2200497 ]
 [ 2.51509586 -0.51674016]
 [ 3.89039295  3.05841465]
 [-2.05110412  4.35009295]
 [-4.12148006 -1.27676674]
 [-5.10537122 -1.98193535]
 [-0.04801439  1.97427472]
 [-5.06940938 -1.34659839]
 [ 2.82619259 -2.71083741]
 [-1.71957232 -2.99272836]
 [-2.98962622 -4.62380095]
 [ 4.68781603 -4.99129582]
 [ 3.49220119 -1.95410514]
 [ 3.17902463 -0.65483325]
 [ 3.39500634  1.2456789 ]
 [-1.13797231 -3.43334228]
 [-1.46895631 -3.72752815]
 [ 1.55677897  0.214476  ]
 [ 5.62407733  0.16466069]
 [ 0.79275914  3.89166404]
 [-2.3253828   2.04570858]
 [-3.36072179  1.25865481]
 [ 6.49189898 -0.96922646]
 [-4.04998662  3.6454401 ]
 [ 3.27829942  0.1369456 ]
 [-4.9529435   0.77292804]
 [ 3.52922803 -3.69533298]
 [-1.23543693 -2.82554846]
 [-1.25419859  0.44435197]
 [-3.17861008  2.22691872]
 [ 2.03299071 -2.58235235]
 [-4.07198455 -0.68143353]
 [-1.70320274  4.86433324]
 [ 4.0356793   4.18455154]
 [-0.12233539  1.38728073]
 [-4.9573179  -0.96941156]
 [-4.85842948  2.42010309]
 [-3.16884758  0.56337312]
 [ 2.0740786  -3.43688042]
 [ 3.26673481  5.78155247]
 [ 1.88412672 -7.04279977]
 [ 3.54014811 -0.58848357]
 [ 2.65567583 -0.97858211]
 [ 1.92207327 -1.67506237]
 [-3.9314024   1.26685062]
 [-1.1311967   4.32700852]
 [-2.39889985 -2.78604245]
 [-5.01106937  1.80311446]
 [ 6.42391023 -0.53344544]
 [ 3.91934017  0.85161898]
 [-3.85423376  2.54440268]
 [ 5.15333902  0.96325453]
 [ 0.67289311  4.66211218]
 [ 3.27721412  2.73496518]
 [ 3.36857073 -5.22073796]
 [-5.55005233  1.50155658]
 [ 4.48347081 -0.29949737]
 [-4.95521266  0.56405299]
 [-0.34004101  0.34685357]
 [-0.44738032 -1.11011898]
 [-3.46483579  1.67522983]
 [ 3.44605911  2.56324049]]