[[ 6.70792227  1.45932773]
 [ 0.21265412 -3.8653203 ]
 [-1.33197719 -2.15578108]
 [-5.37083484  2.49199405]
 [ 3.17169964  0.36539888]
 [-5.7254913  -2.64115021]
 [ 3.33825077 -2.26977792]
 [-4.10464448  2.07387812]
 [ 3.61341303 -4.2391838 ]
 [ 3.37603598  3.08643317]
 [-1.20333924 -4.63413722]
 [ 1.92466503 -1.51817131]
 [ 0.55463828  1.93828018]
 [-3.02076453  1.18732903]
 [ 2.96182496  1.94802135]
 [ 3.8580719  -2.63978743]
 [-3.90092568  2.7489877 ]
 [-3.10823929 -1.34251135]
 [-6.3632998  -0.34270231]
 [ 3.58067182 -4.69434172]
 [-1.24136513 -7.51497274]
 [-1.44766394  1.62253954]
 [ 3.48825301  2.25836647]
 [ 2.01085507 -3.4325185 ]
 [ 1.54939554  3.70915643]
 [-3.14250248  1.74103772]
 [ 4.41003779 -0.81024963]
 [-4.88137542 -1.10182804]
 [-2.04716844 -2.17412053]
 [ 1.62071357 -3.12063409]
 [ 2.15660353 -0.87778983]
 [ 4.00997533  4.45038418]
 [-4.45319325  6.25135229]
 [-5.5609284   3.574128  ]
 [-3.0273072  -3.51954092]
 [-0.80764396 -5.47936483]
 [ 1.07858966 -2.1673346 ]
 [-4.31877427  3.29581121]
 [ 2.26016976 -1.76212563]
 [ 4.61686918  1.60704165]
 [-4.28809061 -2.18222493]
 [-2.34668779  3.63211839]
 [-3.72695649  4.12786387]
 [-0.2821854  -0.39071394]
 [-5.20955567  0.28321399]
 [ 1.63868937 -3.73761217]
 [-2.48400895 -2.72810114]
 [-0.15668803  5.26276472]
 [ 3.73216639 -5.81553994]
 [ 2.58273153 -3.14193956]
 [ 3.21353184 -1.02956203]
 [ 3.61915681  0.19331897]
 [-1.86885345 -3.19250005]
 [-2.3437642  -3.45108756]
 [ 1.67972468 -0.1492623 ]
 [ 5.38680903 -1.60666124]
 [ 1.60158935  3.26414917]
 [-2.70636472  0.52166174]
 [-3.43233552  1.39122213]
 [ 6.09183649 -2.47659115]
 [-2.3926491   5.0005196 ]
 [ 3.16707907 -0.66429109]
 [-4.64354396  1.86940797]
 [ 1.81232529 -4.8913858 ]
 [-1.97092005 -2.67443407]
 [-1.35499712  0.19535119]
 [-3.94860102  0.20653046]
 [ 2.19699466 -2.1762269 ]
 [-2.78927157  3.00578381]
 [-0.65255904  4.67595517]
 [ 5.0562221   2.76390829]
 [ 0.24923698  1.33780501]
 [-4.7807941   1.46335298]
 [-5.28223569  0.83330413]
 [-1.95689826  2.97154371]
 [ 2.90998781  1.3515229 ]
 [ 4.2974675   5.01707603]
 [ 0.51277102 -7.29093401]
 [ 3.18771106 -1.77814404]
 [ 2.56991911 -1.0979079 ]
 [ 1.32242167 -2.54312062]
 [-3.31725407  2.3604955 ]
 [-0.24242599  3.78788577]
 [-3.11384616 -2.0973868 ]
 [-5.24932249 -0.26574406]
 [ 5.73388591 -2.89121772]
 [ 4.02169078 -0.39110305]
 [-3.30281474  3.2733571 ]
 [ 5.20181638 -0.51838321]
 [ 1.70010189  4.31226184]
 [ 4.01085563  1.50714557]
 [ 4.98982979  4.07394863]
 [-5.56343082  1.42451075]
 [ 4.15507635 -1.67819074]
 [-2.68263987  4.27028055]
 [-0.19723995  0.49027641]
 [-0.92499985 -1.68717454]
 [-2.71433969  2.41158079]
 [ 3.84077449  1.76119973]]