[[ 6.60499516 -1.85324943]
 [ 2.7746992   2.1017051 ]
 [-1.72552618 -1.43055484]
 [-2.37328557  5.50285828]
 [ 2.76248735 -0.16797101]
 [-6.14201855 -0.54833619]
 [ 1.97613083 -3.47620367]
 [-3.36259607  3.09989608]
 [ 0.91318464 -5.6220143 ]
 [ 4.40604641  1.12141009]
 [ 3.30455394  4.05964294]
 [ 0.9453275  -2.57742938]
 [ 1.70133936  2.5576752 ]
 [-1.4930273   2.9032355 ]
 [ 3.45188208  0.35965024]
 [ 2.21071942 -4.12057278]
 [-2.92595577  3.70884957]
 [-3.69821279 -0.56171978]
 [-5.91119022  2.17012139]
 [ 1.77766506 -5.70029624]
 [-3.50696054 -6.75737714]
 [-0.72098407  2.08591745]
 [ 4.07561039  0.3132332 ]
 [ 0.52037457 -4.0017525 ]
 [ 2.80664556  3.67475094]
 [-1.38513688  3.62704546]
 [ 3.38224385 -2.86553735]
 [-4.68285652  1.0893756 ]
 [-2.15501518 -0.92048288]
 [ 0.37702979 -3.5111087 ]
 [ 1.55537298 -1.74922228]
 [ 5.510488    2.19759438]
 [-7.66043035 -0.6147447 ]
 [-4.92468362  4.39985626]
 [-3.49586574 -2.56379955]
 [-2.2414639  -4.87518065]
 [ 0.19718173 -2.44935899]
 [-3.84235383  3.79782439]
 [ 1.23064868 -2.76894371]
 [ 4.77151156 -0.89005539]
 [-4.58583517 -0.37560147]
 [-0.74823624  4.51388274]
 [-4.81459463  2.52693798]
 [ 1.32210721  1.91013449]
 [-1.47289129  5.22909128]
 [ 0.12361671 -4.09218179]
 [-2.73921946 -1.4776511 ]
 [-4.63188282 -2.60908693]
 [ 5.93654695  3.30104294]
 [ 0.97970194 -4.0483298 ]
 [ 2.40241657 -1.80429819]
 [ 2.97810072 -1.30748613]
 [-2.49362936 -2.49185171]
 [-2.86289392 -2.65291565]
 [ 1.21095633 -0.92968682]
 [ 4.00919168 -3.88926515]
 [ 2.85970138  3.22114374]
 [-2.6776967   1.19635583]
 [-2.19930356  2.74028462]
 [ 3.84797264 -5.29123409]
 [-4.91322148  2.10696297]
 [ 2.34561247 -2.31179998]
 [-2.52748138  4.33958625]
 [-0.13167294 -5.24775786]
 [-2.50989296 -1.89359115]
 [-1.37578663  0.51830083]
 [-1.99462377  3.36506587]
 [ 2.96527753 -0.55426574]
 [-1.29385998  4.1847449 ]
 [-4.9509149  -1.15314946]
 [ 5.73611359 -0.03350911]
 [ 0.34560462  0.7016986 ]
 [-1.02948573  5.18626648]
 [-2.52827448  4.83171305]
 [-0.94939819  3.3479392 ]
 [ 3.61915027  1.26149815]
 [ 6.52947618  1.04907804]
 [-2.41796941 -6.91928809]
 [ 2.09141702 -2.91344077]
 [ 1.67577734 -2.19588701]
 [ 0.19070501 -2.95493344]
 [-3.0337966   2.56174713]
 [-4.0792233  -1.05922629]
 [ 0.64758615  3.37071325]
 [-3.99347135  3.44607127]
 [ 4.33468225 -4.76779511]
 [ 3.25509593 -2.19944784]
 [-3.99764925  1.92892532]
 [ 4.33141443 -2.81693789]
 [ 2.92834676  4.12201363]
 [ 4.24859649 -0.37417586]
 [ 6.11705052  1.80745266]
 [-3.32450807  4.71069638]
 [ 2.8678849  -3.41646641]
 [-0.40894329  5.23594783]
 [-0.13351298  0.45764203]
 [-1.6864082  -1.90551309]
 [-2.48853918  2.6432779 ]
 [ 4.08613868 -0.87417199]]