[[  5.78086118e+00   3.51779753e+00]
 [  1.32969269e+00   2.82451055e+00]
 [ -9.00542346e-01  -1.65941417e+00]
 [ -5.36877448e+00   2.52264144e+00]
 [  1.99139710e+00  -3.36644479e+00]
 [ -5.55474157e+00  -2.80102410e+00]
 [  3.98245874e+00   1.52346179e-01]
 [ -4.24125183e+00   1.67898852e+00]
 [  4.67757768e+00  -3.42939105e+00]
 [  2.36446391e+00   3.91215876e+00]
 [ -2.35952205e-01  -5.07573000e+00]
 [  2.26984282e+00  -1.30796032e+00]
 [ -2.30458622e-01  -3.03691659e+00]
 [ -2.92971799e+00   1.32277496e+00]
 [  2.40092981e+00   2.63208888e+00]
 [  4.56112304e+00  -6.52579244e-01]
 [ -3.88163175e+00   2.65604637e+00]
 [ -3.39790726e+00  -1.82332796e+00]
 [ -6.31516533e+00   3.53971487e-01]
 [  5.80226523e+00  -1.80721048e+00]
 [  6.51157486e-01  -7.67213700e+00]
 [ -1.84844432e+00   8.69222029e-01]
 [  2.76778828e+00   3.10385599e+00]
 [  2.99159329e+00  -2.75048970e+00]
 [ -2.25396782e-01  -4.34230235e+00]
 [ -2.99166446e+00   2.15136217e+00]
 [  4.12392874e+00  -1.47141155e+00]
 [ -2.22326561e+00   4.32320456e+00]
 [ -1.65918308e+00  -1.75642472e+00]
 [  2.75652904e+00  -1.70456051e+00]
 [  2.73609511e+00   6.50902639e-01]
 [  2.49374518e+00   5.35143525e+00]
 [ -7.25328509e+00  -2.47619424e+00]
 [ -6.33429558e+00   1.86960910e+00]
 [ -2.46411501e+00  -3.74393683e+00]
 [  9.19922382e-01  -5.49883402e+00]
 [  1.80994212e+00  -2.50380622e-01]
 [ -5.16934352e+00   1.35601552e+00]
 [  2.74600187e+00  -3.33430727e-01]
 [  3.89396593e+00   2.81774969e+00]
 [ -9.76201512e-01   4.15335265e+00]
 [ -2.57309080e+00   3.67436835e+00]
 [ -5.39911853e+00  -2.00944230e-01]
 [  3.69914097e-01   2.23572119e+00]
 [ -4.11625587e+00   3.53948508e+00]
 [  3.36292428e+00  -2.28208185e+00]
 [ -2.02114610e+00  -2.70921348e+00]
 [ -3.62386815e+00  -4.03244193e+00]
 [  6.34926163e+00   2.55647260e+00]
 [  3.84901345e+00   6.21027360e-01]
 [  2.45552612e+00  -2.33988326e+00]
 [  2.06231191e+00  -2.75100270e+00]
 [ -1.44351873e+00  -2.99022741e+00]
 [ -1.86580870e+00  -3.41418402e+00]
 [  1.43854468e+00  -1.20154152e+00]
 [  4.76838176e+00  -3.07450364e+00]
 [  2.60278026e-01  -4.06333179e+00]
 [ -2.87156265e+00   3.07364144e-01]
 [ -3.49601958e+00   1.03909408e+00]
 [  6.48064102e+00  -2.53209298e-01]
 [ -2.41285659e+00   5.00678410e+00]
 [  3.10804143e+00  -9.57348426e-01]
 [ -4.60852369e+00   1.98157799e+00]
 [  3.61696858e+00  -3.98087396e+00]
 [ -1.55725021e+00  -2.42040382e+00]
 [ -1.36556849e+00   6.06123718e-02]
 [ -2.76739406e+00   2.76771896e+00]
 [  2.98923289e+00   1.45680334e+00]
 [ -4.07841312e+00   8.12498567e-01]
 [ -4.35175385e+00  -2.69620372e+00]
 [  3.90280437e+00   4.10376801e+00]
 [ -1.30010980e-04   1.19158944e+00]
 [ -4.96299717e+00   7.57674451e-01]
 [ -3.72466810e+00   4.03691990e+00]
 [ -2.17342022e+00   2.48805793e+00]
 [  2.80477555e+00   2.44047818e+00]
 [  2.87054177e+00   5.88268190e+00]
 [  2.85092628e+00  -6.82466195e+00]
 [  3.36628399e+00  -1.32723469e+00]
 [  2.97228059e+00  -2.02285325e-04]
 [  2.14096394e+00  -5.11663602e-01]
 [ -3.60697196e+00   1.73678361e+00]
 [ -3.66150235e+00  -2.25048084e+00]
 [ -2.73344281e+00  -2.22375822e+00]
 [ -3.86551398e+00   3.60701502e+00]
 [  6.30537809e+00   2.93093411e-01]
 [  2.68581576e+00  -3.25182037e+00]
 [ -4.51781424e+00  -1.29967175e-01]
 [  4.84709566e+00  -1.74716174e+00]
 [ -6.30324775e-01  -4.83667390e+00]
 [  3.43232388e+00   2.61078861e+00]
 [  3.59192422e+00   5.26220178e+00]
 [ -4.88486152e+00   2.98722127e+00]
 [  4.25881195e+00  -8.86496300e-01]
 [ -2.94659589e+00   4.31541227e+00]
 [ -3.03881059e-01   2.05974418e-01]
 [ -5.27303858e-01  -9.72785112e-01]
 [ -2.47391465e+00   3.03384006e+00]
 [  3.57458246e+00   2.05733953e+00]]