[[ 6.81579781  0.44423963]
 [ 1.95784138  2.98286788]
 [-1.18443526 -2.63294095]
 [-5.07718661  2.93848677]
 [ 2.55382191  0.98795859]
 [-2.32681708  5.7346099 ]
 [ 3.37438933 -1.64272147]
 [-4.52411586  0.62774963]
 [ 2.93426723 -4.90447871]
 [ 3.96496791  2.25302954]
 [ 1.54211583  4.9147156 ]
 [ 2.06830585 -0.91231237]
 [ 0.61027738  3.05446085]
 [-2.8588732   1.2433225 ]
 [ 3.20404556  1.4539533 ]
 [ 3.22911163 -3.32897911]
 [-4.16811681  2.15721291]
 [-0.95961123  3.35327614]
 [-6.17388903 -1.49404031]
 [ 5.77871331 -1.32324947]
 [-0.70952481 -7.56863908]
 [-1.50573251  1.71340155]
 [ 3.817755    1.55831748]
 [ 1.65810873 -3.7146268 ]
 [ 1.19862455  4.30380958]
 [-3.38204831  0.99511851]
 [ 3.93178302 -1.15370482]
 [-4.77044666 -1.87192181]
 [-1.84330044 -2.47576641]
 [ 1.38589628 -3.26294431]
 [ 2.06570423 -1.40649192]
 [ 4.47304667  3.87885589]
 [-5.74113229  5.15733835]
 [-6.26062208  2.19692015]
 [-2.45312652 -3.8968895 ]
 [ 2.64473081  4.56151901]
 [ 1.04271959 -1.88854701]
 [-5.00874443  2.03384668]
 [ 1.99708013 -1.94854246]
 [ 4.68203182 -0.56099978]
 [-3.89012917 -2.40685064]
 [-2.82409158  3.29738103]
 [-5.5442975   0.8162196 ]
 [ 0.56459208  2.47884857]
 [-5.18426156 -0.28491682]
 [ 1.32079277 -3.98628601]
 [-2.17338618 -3.03377102]
 [-3.47072722 -4.33853842]
 [ 6.1321559   3.04813669]
 [ 2.20489489 -3.49619032]
 [ 2.6796521  -0.90503444]
 [ 2.53567461  0.13649515]
 [-1.5030442  -3.52636535]
 [-1.79895144 -3.83105972]
 [ 1.33956164 -0.39751866]
 [ 4.37005892 -3.3054234 ]
 [ 1.46266075  3.98890381]
 [-2.64296299  0.24666519]
 [-2.91817266  2.32984164]
 [ 5.84131505 -3.04000451]
 [-3.16280742  4.4731789 ]
 [ 2.58822802 -2.02763317]
 [-4.5942497   1.70149743]
 [ 1.80205536 -4.95464044]
 [-1.70635036 -3.12602039]
 [-1.30178364  0.18115339]
 [-3.84036698 -0.3326113 ]
 [ 3.16167149  0.47434345]
 [-3.98788989  0.38228303]
 [-4.07590745 -3.05373954]
 [ 4.9323897  -3.13841748]
 [ 0.1028599   1.19484111]
 [-3.93934315  3.28279291]
 [-5.37993476  0.05431829]
 [-2.41211857  2.51752244]
 [ 3.19459641  2.33119532]
 [ 5.32795451  3.83050272]
 [ 0.51635704 -7.277299  ]
 [ 2.77096328 -2.3452148 ]
 [ 1.99487506 -2.48599449]
 [ 1.27458139 -2.27264618]
 [-3.78374518  1.30696626]
 [-0.86926577  4.07229931]
 [-2.48462228 -1.56086013]
 [-5.17393601 -0.66820401]
 [ 6.0081674  -2.29502057]
 [ 3.38646727 -0.5317302 ]
 [-3.77174533  2.38673436]
 [ 4.73082967 -1.56291805]
 [ 1.17198974  4.86142209]
 [ 4.31164785  0.87421173]
 [ 4.58195161  4.4600142 ]
 [-5.5277199   1.32871509]
 [ 3.21123186 -2.96573792]
 [-3.32020658  3.75471343]
 [-0.32170924  0.22348089]
 [-0.8673522  -1.96105679]
 [-3.15587954  1.91861675]
 [ 4.12336936  0.60119485]]