[[ 5.76536816 -3.67847744]
 [ 0.9817168   3.65034556]
 [-0.29079091 -2.32800832]
 [-5.9399275   0.60235935]
 [ 2.33153025  2.80221866]
 [-4.27512808 -4.70074463]
 [ 3.84375862 -0.769551  ]
 [-4.4281342   1.15478346]
 [ 5.43410335  1.71740949]
 [ 2.41692063 -3.93280821]
 [ 0.0590307   4.95152302]
 [ 2.40427274  0.26959387]
 [-0.43444504  3.26283334]
 [-3.23704335 -0.38101808]
 [ 2.26024309 -2.82879749]
 [ 4.54571556 -0.54442862]
 [-4.6058579  -0.50325077]
 [-2.27465048 -3.02144503]
 [-5.59433581 -3.01790441]
 [ 5.90740313  1.43935619]
 [ 0.60774036  7.5837226 ]
 [-2.0102416   0.62205374]
 [ 2.642094   -3.189045  ]
 [ 3.40622827  1.92125018]
 [-0.32007622  4.29700897]
 [-3.52244709  0.47888581]
 [ 4.34099104  0.10854529]
 [-4.18174661 -2.85269695]
 [-0.56506553 -3.18656819]
 [ 2.79471626  1.40508185]
 [ 2.54528868 -0.8039046 ]
 [ 2.21585617 -5.56132498]
 [-5.03146307  5.66796903]
 [-6.32263689  1.89160386]
 [-0.98513784 -4.3807485 ]
 [ 2.04692593  4.99524364]
 [ 1.71993194  0.22675832]
 [-4.96933448  2.18152305]
 [ 2.76530672 -0.54636688]
 [ 3.7939826  -3.04377416]
 [-3.07648353 -3.72499861]
 [-4.26391829 -1.05805376]
 [-4.49017277  3.12823821]
 [-0.32072805  2.53614158]
 [-4.7873811   1.90503791]
 [ 3.71582344  1.65296578]
 [-0.88601633 -3.56109851]
 [-1.67228396 -5.31081064]
 [ 4.4929656   5.10364363]
 [ 3.63983653 -1.20727468]
 [ 2.67447693  1.94202163]
 [ 2.20005703  2.12025751]
 [-0.19600184 -3.53039594]
 [-0.43917762 -3.9610622 ]
 [ 1.37144743  0.9048721 ]
 [ 5.01530246  2.53794771]
 [ 0.098904    4.01964657]
 [-2.71706598 -1.38236164]
 [-3.61458318 -0.14541941]
 [ 6.36869586 -1.30166432]
 [-4.00251828  3.601375  ]
 [ 3.298136    0.22673105]
 [-5.06875928 -0.39820117]
 [ 4.03240752  3.42447508]
 [-0.69920908 -2.81577501]
 [-1.33673708 -0.31392825]
 [-3.42429069  1.05933616]
 [ 2.68069303 -1.8064096 ]
 [-3.75343916  1.88760694]
 [-2.94142963 -4.3212951 ]
 [ 3.92813212 -4.19027296]
 [-0.2169966  -0.90013109]
 [-4.93815567 -1.61044349]
 [-5.40764506 -1.02923498]
 [-3.04796158  1.69011802]
 [ 2.07617429  3.34624491]
 [ 3.35127673 -5.71111761]
 [ 2.25573938  6.99420413]
 [ 3.45259222  0.91016023]
 [ 2.8682801   0.18618584]
 [ 2.07783931  0.72066711]
 [-3.88340288  0.93232374]
 [-2.27402298 -3.80629022]
 [-1.67389799  2.31419418]
 [-5.17505447  0.93759398]
 [ 6.31195918 -0.90128577]
 [ 3.18652126  2.56706333]
 [-3.69623985  2.66409842]
 [ 5.16120062  0.20822528]
 [-0.44935871  4.71640783]
 [ 3.38118402 -2.71366102]
 [ 2.71658441 -5.80035049]
 [-5.74670993  0.14219645]
 [ 4.33583485  0.70798035]
 [-4.9262596   0.07608111]
 [-0.40926898  0.17589084]
 [-0.25482388 -1.57254775]
 [-3.77626908 -1.40156542]
 [ 3.03353642 -2.82348897]]