[[ 6.3647779  -2.39463157]
 [ 0.38321635  4.00992468]
 [-0.0187059  -2.38662052]
 [-5.97719487 -0.43388397]
 [ 1.84040339  3.85953014]
 [-3.5915774  -5.02004433]
 [ 3.77358202 -0.21146431]
 [-4.49735279  0.28432357]
 [ 5.49457866  0.83699049]
 [ 2.93547537 -3.16608127]
 [-0.44010953  5.39899801]
 [ 2.51711935  0.19992907]
 [-0.83806995  3.54768852]
 [-3.15703497  0.41831396]
 [ 2.53927847 -2.26199876]
 [ 4.37449207  0.55936895]
 [-4.33845495 -1.39369847]
 [-1.8339191  -2.9460041 ]
 [-5.29562816 -3.29754886]
 [ 5.86954524  1.23625285]
 [ 1.94498413 -7.28984892]
 [-2.10132562  0.79472348]
 [ 3.01387438 -2.53817504]
 [ 3.48221558  0.85252207]
 [-0.74972152  4.76515431]
 [-3.60287654  0.12841063]
 [ 4.1138273   1.60913086]
 [-3.44619865 -3.52047277]
 [-0.1896359  -3.28578572]
 [ 2.27897463  1.71114118]
 [ 2.74908549 -0.10052885]
 [ 3.54278423 -4.64646412]
 [-5.86793468 -4.93461914]
 [-6.50568127  1.31137179]
 [-0.62404437 -4.36896435]
 [ 1.60861663 -4.93904096]
 [ 1.69290717  0.08115093]
 [-5.1271006  -1.63341373]
 [ 2.81804503 -0.35117034]
 [ 4.16844782 -2.14621005]
 [-3.14632332  3.39772884]
 [-3.76267191 -2.22655394]
 [-5.14315338  2.24133155]
 [-0.69409657  2.85624942]
 [-5.279784   -0.63991759]
 [ 3.00803152  2.4410055 ]
 [-0.57337997 -3.538198  ]
 [-1.4485563  -5.17847884]
 [ 2.01382902  6.45314945]
 [ 3.63282767 -0.94866133]
 [ 2.21968031  2.66607614]
 [ 2.00254447  3.24982176]
 [ 0.19681254 -3.61895646]
 [-0.05243919 -3.94900357]
 [ 1.18183726  1.75844262]
 [ 4.77334001  3.09768497]
 [-0.38154935  4.49960443]
 [-2.45794532 -1.22423104]
 [-3.61571322  0.68375173]
 [ 6.48230179 -0.44856871]
 [-4.75763153  2.8807564 ]
 [ 2.83318871  1.59228183]
 [-4.98344227  0.35418571]
 [ 4.97389596 -0.51341288]
 [-0.34591189 -2.94244237]
 [-1.31251042  0.03248824]
 [-3.48284062  1.60872231]
 [ 1.95104118  0.83918789]
 [-3.97960362  1.56730049]
 [-3.153935    3.83006094]
 [ 4.51202648  3.7071027 ]
 [-0.17185348 -0.71033553]
 [-5.11643099 -0.08694566]
 [-5.21951077 -1.30646585]
 [-3.17503795 -0.55547827]
 [ 1.31918491  3.59296609]
 [ 4.1359334  -4.99409492]
 [ 3.60908902  6.43103271]
 [ 3.06919864  1.89653714]
 [ 2.57468956  1.11638769]
 [ 2.16653723 -0.50151934]
 [-3.88740497 -0.59665798]
 [-1.91578011 -3.71696582]
 [-2.05593913  2.57770621]
 [-5.00398413  1.73230201]
 [ 6.36453958 -0.08148629]
 [ 2.62330516  3.44550363]
 [-4.36290284  1.21578716]
 [ 4.19079303  2.92220106]
 [-0.92420456  5.13632641]
 [ 3.63814341 -2.0135269 ]
 [ 4.61310763 -4.3241064 ]
 [-5.70412851  0.66028854]
 [ 3.94164845  1.9804557 ]
 [-4.47440935 -2.09910327]
 [-0.49089422  0.64594689]
 [-0.07793986 -1.51451219]
 [-3.47876553 -1.50920826]
 [ 3.2994829  -2.20979813]]