[[ 6.24204903 -2.56003303]
 [ 0.88232972  3.87337037]
 [-0.33171329 -2.22992984]
 [-5.89896786  0.73651947]
 [ 2.15093759  3.80288042]
 [-4.2071853  -4.4716282 ]
 [ 3.85590378 -0.2640946 ]
 [-4.61673152 -0.22522196]
 [ 5.51128617  1.49193577]
 [ 2.59755988 -3.47974099]
 [ 0.33045801  5.3659897 ]
 [ 2.31460915  0.88851609]
 [-0.36453725  3.53900976]
 [-3.14516681  1.03627534]
 [ 2.24566616 -2.57690416]
 [ 4.45698932  0.22760276]
 [-4.77508573 -0.02959942]
 [-2.19509111 -2.50022535]
 [-5.36413895 -3.04194779]
 [ 5.89035252  0.79406783]
 [ 0.4408753  -7.48260969]
 [-2.05256249  0.91350914]
 [ 2.66962379 -2.87321962]
 [ 3.31314322  1.82496285]
 [-0.08478096  4.74002592]
 [-3.55556188  0.89354497]
 [ 4.2191039   1.20842844]
 [-3.67105919 -3.2190973 ]
 [-0.61122433 -3.2395416 ]
 [ 2.57835422  1.59293763]
 [ 2.68334506 -0.53573532]
 [ 2.85941711 -5.02885943]
 [-6.82207142 -3.54477243]
 [-6.5813147  -0.35634693]
 [-1.31277117 -4.14266429]
 [ 0.7843674  -5.0484961 ]
 [ 1.72684797  0.36586719]
 [-5.34792576 -0.65296255]
 [ 2.78542024 -0.19099309]
 [ 3.92065897 -2.47043372]
 [-2.68309786  3.91281845]
 [-3.79967119  2.4758241 ]
 [-5.18577747 -1.66168677]
 [-0.3717246   2.83215561]
 [-4.6022167   2.74432933]
 [ 3.34254329  2.2984067 ]
 [-1.09233892 -3.38072296]
 [-2.06288834 -4.92765622]
 [ 6.07403636 -3.10640122]
 [ 3.64669116 -0.92008429]
 [ 2.60244625  2.58879252]
 [ 2.33756649  3.30413899]
 [-0.34856508 -3.54969587]
 [-0.70727432 -3.78412229]
 [ 1.41162149  1.62186803]
 [ 4.7116898   3.39549414]
 [ 0.26542049  4.49227896]
 [-2.59666868 -0.34418873]
 [-3.56284757 -0.28322315]
 [ 6.46890939 -0.18585216]
 [-4.72121893 -2.40101364]
 [ 3.14823815  0.87945384]
 [-4.99747693  0.7499076 ]
 [ 4.09617269  3.43864222]
 [-0.72186508 -2.8244876 ]
 [-1.29167574  0.60793488]
 [-3.32217967  2.34560077]
 [ 2.65418252 -1.58505874]
 [-4.03609036  1.03046594]
 [-2.5735064   4.38325672]
 [ 4.16127334 -3.65170203]
 [-0.154273   -0.77719183]
 [-4.96330006  1.36734177]
 [-4.91093431  2.56634587]
 [-3.33040801 -0.97204584]
 [ 1.79900912  2.455489  ]
 [ 3.89042241 -5.17155967]
 [ 3.23570923  6.63043745]
 [ 3.27207997  1.46970474]
 [ 2.87020694  0.34470924]
 [ 2.05934815 -0.18791239]
 [-4.01887514  0.09244837]
 [-1.92676354  3.45002943]
 [-1.63990981 -1.86738866]
 [-4.3147011   3.21499708]
 [ 6.23705441 -0.64744041]
 [ 2.86532421  3.48340705]
 [-4.33113437 -1.40020124]
 [ 4.64640631  2.48121971]
 [-0.17780495  5.18427464]
 [ 3.41483314 -2.34902439]
 [ 3.03960386 -5.51574811]
 [-5.51878344  1.87128256]
 [ 4.19613206  1.51267654]
 [-4.60581866  1.91802214]
 [-0.39917192  0.78321979]
 [-0.25948889 -0.33543127]
 [-3.77026705 -0.77932411]
 [ 3.03038812 -2.44819683]]