[[  5.47439752e+00  -4.04644405e+00]
 [  1.12188589e+00   3.45641303e+00]
 [ -4.86982455e-01  -2.34824388e+00]
 [ -5.70860725e+00   1.56604832e+00]
 [  2.37043438e+00   2.54802839e+00]
 [ -4.63147417e+00  -4.38565772e+00]
 [  3.68482034e+00  -1.15394074e+00]
 [ -4.36527240e+00   1.34783258e+00]
 [  5.61279757e+00   9.63003939e-01]
 [  1.97399828e+00  -4.31245840e+00]
 [  3.15306835e-01   4.82212269e+00]
 [  2.42771817e+00   5.59037445e-01]
 [ -3.03053208e-01   3.13941840e+00]
 [ -3.29897577e+00  -1.19033312e-02]
 [  1.99050315e+00  -2.99718837e+00]
 [  4.36655195e+00  -1.01649001e+00]
 [ -4.53899228e+00   8.35199223e-01]
 [ -2.59993801e+00  -2.88580933e+00]
 [ -5.78181665e+00  -2.67080261e+00]
 [  6.01574691e+00   1.41912996e-01]
 [  1.09778408e+00   7.51981337e+00]
 [ -1.94978656e+00   1.18402328e+00]
 [  2.37699525e+00  -3.27041019e+00]
 [  3.49881526e+00   1.68259360e+00]
 [ -1.00563337e-01   4.15981692e+00]
 [ -3.47641856e+00   8.13981435e-01]
 [  4.17780774e+00   1.08040612e+00]
 [ -4.38418244e+00  -2.54326631e+00]
 [ -7.80530374e-01  -3.28186162e+00]
 [  2.85816131e+00   1.05105635e+00]
 [  2.37454959e+00  -1.24113568e+00]
 [  4.31859073e+00   4.12055908e+00]
 [ -4.55955550e+00   6.06201733e+00]
 [ -6.13156627e+00   2.45026520e+00]
 [ -1.21440904e+00  -4.46399136e+00]
 [  2.25443149e+00   4.82751848e+00]
 [  1.67467887e+00  -1.33107130e-01]
 [ -4.67768219e+00   2.66181713e+00]
 [  2.57275356e+00  -9.32523879e-01]
 [  3.27318409e+00  -3.56945102e+00]
 [ -3.39506122e+00  -3.52008309e+00]
 [ -3.22794805e+00   2.77631792e+00]
 [ -4.23093682e+00   3.48639495e+00]
 [ -2.60063656e-01   2.45301023e+00]
 [ -5.35464591e+00  -4.82454641e-01]
 [  3.69575720e+00   2.37312403e-01]
 [ -1.13260356e+00  -3.61856104e+00]
 [ -1.83573162e+00  -5.34446760e+00]
 [  5.17081865e+00  -4.51870917e+00]
 [  3.45927648e+00  -1.65499732e+00]
 [  2.73029232e+00   1.61280866e+00]
 [  2.25099110e+00   1.90875459e+00]
 [ -4.31644008e-01  -3.66617123e+00]
 [ -7.08381939e-01  -4.05202911e+00]
 [  1.39175796e+00   7.90797163e-01]
 [  5.28006480e+00   1.78637894e+00]
 [  3.48220926e-01   3.95681710e+00]
 [ -2.85329091e+00  -9.10096575e-01]
 [ -3.55935421e+00   4.56046208e-01]
 [  6.13367430e+00  -2.06118971e+00]
 [ -3.72768987e+00   3.95088259e+00]
 [  3.13466952e+00  -3.25756213e-01]
 [ -5.02224467e+00   5.48510291e-01]
 [  4.39049147e+00   2.72310244e+00]
 [ -9.09499740e-01  -2.91290098e+00]
 [ -1.42626084e+00  -2.57698652e-01]
 [ -3.97369400e+00  -8.77772338e-01]
 [  2.45902264e+00  -2.25549659e+00]
 [ -3.69203433e+00   1.95014834e+00]
 [ -3.30107707e+00  -4.09379718e+00]
 [  3.00751547e+00  -4.87135153e+00]
 [ -3.12573608e-01  -4.21608721e-01]
 [ -4.92457934e+00   1.55418559e+00]
 [ -5.39183522e+00  -8.19184885e-01]
 [ -2.84900641e+00   2.09562432e+00]
 [  2.32803606e+00   3.14585173e+00]
 [  2.29051317e+00  -6.15580356e+00]
 [  2.51787954e+00   6.89233241e+00]
 [  3.37364894e+00   6.12098522e-01]
 [  2.67002148e+00  -3.44468885e-01]
 [  2.05505535e+00   3.15172151e-01]
 [ -3.65180232e+00   1.56345156e+00]
 [ -2.58005224e+00  -3.73262835e+00]
 [ -2.06031299e+00  -2.27396575e+00]
 [ -5.14948295e+00  -1.36795476e+00]
 [  6.12146940e+00  -1.66743177e+00]
 [  3.19089183e+00   2.32175826e+00]
 [ -3.69119932e+00   2.79213104e+00]
 [  5.03200451e+00  -4.59043769e-01]
 [ -1.52786588e-01   4.65813300e+00]
 [  2.89604606e+00  -3.27165966e+00]
 [  5.32632495e+00   3.70180264e+00]
 [ -5.78182102e+00   4.66356358e-01]
 [  4.31938050e+00   7.01064273e-03]
 [ -4.96324124e+00   1.04995795e-01]
 [ -4.81059265e-01   2.75816346e-01]
 [ -3.94349157e-01  -1.66482135e+00]
 [ -3.89506297e+00  -3.50671638e-01]
 [  2.90539591e+00  -2.91942582e+00]]