[[ 3.36353748  3.85797944]
 [-0.62957202  4.11071257]
 [ 4.53284096 -2.06001969]
 [-4.01377225  2.4482546 ]
 [ 0.48997265 -4.0773638 ]
 [ 2.69619754 -2.19073809]
 [ 0.09454904  1.62817018]
 [-2.38227016  3.93890881]
 [-1.05255222  0.06309077]
 [-2.31097045 -2.11009506]
 [ 0.04290968 -2.0501241 ]
 [ 1.05162306  4.40254351]
 [ 1.92150732 -3.96201354]
 [-4.40452159  0.29116739]
 [-1.22557899 -4.102188  ]
 [ 3.57737386  1.47835439]
 [ 1.60892728 -1.29290623]
 [-1.83276795  2.14524074]
 [ 4.22749127  0.16065228]
 [ 2.04866359  2.41859076]
 [-2.94745671 -3.37812777]
 [-2.9572071   0.02556115]
 [ 2.07204938  0.04196824]
 [-3.97097366 -1.78761855]]