[[ 3.17978265 -3.98012361]
 [ 3.58091144 -1.94081012]
 [ 4.58400248  1.4527872 ]
 [-3.53833149 -3.34068827]
 [-0.55151033 -4.29350337]
 [-1.51614791 -3.13199271]
 [ 2.10667697  0.32502777]
 [ 2.76059351  3.74763685]
 [-0.07033754  0.88777558]
 [-1.9481538   3.68369561]
 [ 1.50213776 -1.88655315]
 [ 4.44584394 -0.64201101]
 [-0.71247628  4.03711084]
 [ 0.8232352   4.2567377 ]
 [ 2.82239916  2.13222914]
 [-2.08628866  0.21569836]
 [-1.88459158 -1.70564256]
 [-3.87288349  0.12279952]
 [-4.0707268  -1.39940968]
 [ 0.98527207 -3.86850664]
 [-3.08787802  2.66803801]
 [ 0.62366343  2.51989979]
 [-0.14618487 -1.6766519 ]
 [-3.92900783  1.81645665]]