[[ 3.62798918 -3.57522857]
 [-1.79640191 -4.13920136]
 [-4.93398606 -0.34617351]
 [ 4.5363394  -1.14680357]
 [-3.17402976 -0.67882769]
 [ 1.32719292  1.89449421]
 [-0.12241542  3.28385197]
 [-3.71285852 -2.82337844]
 [ 1.8432658  -0.17237603]
 [ 1.42783696 -3.79401733]
 [-1.88022078  2.20260762]
 [ 4.1905041   2.07797183]
 [-3.86577354  1.34329714]
 [ 3.85278513  0.410355  ]
 [-0.04341816 -4.14716581]
 [-1.95707825 -2.22100109]
 [ 0.04321898  0.6364638 ]
 [ 2.35997314 -1.82724595]
 [-3.12133847  3.18306513]
 [-1.36991317  4.22135531]
 [ 2.66537254  3.38579777]
 [ 0.16649244 -2.24381617]
 [-1.40592405  0.29226283]
 [ 1.3423875   4.18371292]]