[[ 4.64680832 -2.14572638]
 [ 2.69511764 -3.45904455]
 [ 0.36666416 -4.90791938]
 [ 0.64497628  4.77885959]
 [-3.38350894  2.25624264]
 [-0.15665913  0.9706464 ]
 [ 2.17365665  0.96068011]
 [-4.34682892 -1.91348015]
 [ 1.43154786 -1.04876212]
 [ 3.57527547  2.33528615]
 [-3.07450968  0.08676273]
 [-4.71773808  0.81249881]
 [-0.91616614  3.96468878]
 [ 4.28554977  0.77166545]
 [ 2.48439067  3.44223218]
 [ 3.21347844 -0.99148748]
 [-0.62581962 -1.16659234]
 [-2.67172421 -1.71523769]
 [-2.49022824 -3.50570143]
 [-1.10693751 -3.58320218]
 [-2.38885964  3.4698185 ]
 [ 0.90079372  2.86383689]
 [-1.62028422  0.89553869]
 [ 1.08100536 -3.17160323]]