[[-3.52232034  3.58952903]
 [-3.69327894 -2.8250127 ]
 [-1.45653242  4.51148995]
 [ 1.39392517  4.46671372]
 [ 4.09004394  0.97754256]
 [ 1.57766658 -2.01058388]
 [-1.57475681  1.80654881]
 [-4.69678744  0.27126219]
 [-1.64493372 -0.09336056]
 [ 3.71942484 -2.06758765]
 [ 0.76793141  1.64759011]
 [ 3.22356225  3.41477963]
 [-3.43811671  1.52629311]
 [ 2.75890474 -3.50303945]
 [ 4.18322226 -0.67243954]
 [-0.22668958 -3.56338889]
 [ 0.20105334 -1.05981791]
 [-3.46246564 -0.94281414]
 [ 0.10182046  3.41223369]
 [ 2.889779    1.86837915]
 [ 0.82189233 -4.42308169]
 [-1.92686078 -2.20540293]
 [ 1.64306601 -0.06231818]
 [-1.72954992 -4.06351442]]