[[ 0.01775249 -5.1206968 ]
 [ 2.15151988 -3.70491166]
 [ 4.15460511 -2.60682022]
 [ 4.63891661  0.8961131 ]
 [ 0.14698894 -3.23033549]
 [-1.71264088 -1.65762438]
 [ 1.85930157  0.75262391]
 [ 0.69917697  4.67404539]
 [-0.4736498   1.74733761]
 [-2.34572106  3.5611329 ]
 [ 0.30475757 -1.10403544]
 [-4.80422079  0.56700092]
 [ 3.33382808  2.23408087]
 [ 2.51902791  3.54605212]
 [-0.98902342  4.00167097]
 [-3.4612155   2.19308854]
 [-2.85791749  0.49975611]
 [-3.85243802 -1.22861253]
 [-3.27090397 -2.91339055]
 [-1.85988816 -3.63811732]
 [ 3.74978635 -0.61559623]
 [ 0.94004705  2.79999335]
 [-1.50349019  0.05498978]
 [ 2.61540075 -1.70774496]]