[[-4.3451338  -2.73016902]
 [-4.37874352  0.94118418]
 [-1.06218707 -4.80467013]
 [-3.65992284  3.04368494]
 [ 2.55850233 -3.52490684]
 [ 1.62604749 -1.17272343]
 [ 1.73652007  1.62432661]
 [ 1.7255869   4.38095253]
 [-0.53238656  0.93562653]
 [-0.37417562  4.24521189]
 [ 3.1383625  -2.10876582]
 [ 4.48289032  1.57449012]
 [-3.6395096  -0.30606568]
 [ 4.4119102  -0.84650699]
 [-2.52506722  1.62842544]
 [ 0.96753329 -4.00490272]
 [ 0.35151382 -2.4269491 ]
 [ 3.23708519  0.20509063]
 [-2.71116917 -1.87565252]
 [-1.84159992 -3.1862428 ]
 [-1.80172413  3.67365623]
 [ 0.1787918   2.75793882]
 [-0.36986296 -1.01391027]
 [ 2.82673848  2.99087739]]