[[ 2.79777909 -4.32757765]
 [-4.52826201  0.59825449]
 [-0.18775853  4.93280034]
 [-2.79984765  3.85851631]
 [ 1.96280938  3.57020886]
 [ 0.78361025 -1.13089087]
 [ 0.38660409  3.07258872]
 [ 3.66083461  2.95008636]
 [ 1.50139168  1.52046154]
 [ 3.98812898  1.24415737]
 [-2.60568041  0.18419651]
 [-2.77928509 -3.92841979]
 [-1.11984445 -3.5514524 ]
 [-3.5252133   2.16736512]
 [ 0.17635757 -4.19707672]
 [ 1.3725672  -2.94429335]
 [-0.51252722  0.70947089]
 [-2.80745128 -2.1033948 ]
 [-4.08460692 -1.31292179]
 [ 4.20662383 -0.74479496]
 [ 3.46081635 -2.12644607]
 [-1.36970852  2.73000632]
 [-0.95217173 -0.99569493]
 [ 2.97483408 -0.17514951]]