[[ 2.02206436  4.7267299 ]
 [-0.36925329  4.40769014]
 [ 3.16240941 -3.76491216]
 [ 0.6689849  -4.67398479]
 [ 4.02917425  1.30327667]
 [ 0.85263336  0.06469661]
 [-2.9735549  -1.40645447]
 [-3.64622402 -2.97031884]
 [-1.81049551  0.04078122]
 [-3.41238751  2.58131396]
 [ 2.56181538  0.33796349]
 [-1.83671747 -4.26131685]
 [ 1.63951616 -2.63796819]
 [ 4.33740981 -0.69935648]
 [ 3.32706251 -1.87865547]
 [ 1.4920066   2.75300181]
 [-1.50937169  1.94046202]
 [-0.2139226  -3.04298342]
 [-1.88621335  3.82309586]
 [ 3.13146217  2.66698487]
 [-4.22354964  1.05404035]
 [-1.05339726 -1.79913537]
 [ 0.01823858  1.77635641]
 [-4.30769026 -0.34130727]]