[[-4.57553906 -2.24553285]
 [-3.58024022  2.62636932]
 [-4.7251827   0.95095138]
 [ 4.82865477  0.06513779]
 [ 2.08217722 -3.40381119]
 [-2.21590905  0.43612505]
 [ 3.05404259  0.8513738 ]
 [-1.60431208  4.43874318]
 [ 1.48735528 -0.34713523]
 [ 2.29186007  3.54028436]
 [-3.11474442 -0.92306883]
 [-2.64783996 -3.85065309]
 [ 0.85629636  4.2677238 ]
 [ 3.63449611  2.5394684 ]
 [-0.16986766  3.20456444]
 [-0.86230237 -3.92166065]
 [-1.60035117 -1.79269882]
 [ 0.2539924  -2.45699235]
 [ 0.92216829 -4.29238868]
 [ 3.48248337 -1.35304871]
 [ 3.4428051  -2.60947275]
 [ 1.3794898   1.89433939]
 [-0.60245084 -0.21544216]
 [-2.01708182  2.59682437]]