[[-4.97102658 -0.70711215]
 [-3.8041797   2.56227502]
 [-3.87627434 -2.59856828]
 [ 2.25161801 -4.21750961]
 [-0.14371947  4.20726231]
 [ 1.72734746  0.2011502 ]
 [ 0.94667489 -1.82207229]
 [-0.83756618 -4.48570324]
 [-0.75541628  0.69406666]
 [ 3.19410826 -2.69195728]
 [-0.82331469 -1.53318836]
 [-2.43162022 -3.64446259]
 [-2.13935289  2.37519091]
 [ 4.49451315 -0.40543466]
 [ 0.53633785 -3.65495051]
 [ 1.41779114  4.00275089]
 [ 0.61830603  2.28447431]
 [ 3.31713391 -1.1321237 ]
 [ 4.07955224  1.70362932]
 [ 3.01739143  3.1906553 ]
 [-1.99874232  3.89666516]
 [-2.38818264 -0.71254389]
 [ 2.20037825  1.55475568]
 [-3.63175732  0.93275081]]