[[ 5.1288402   0.38613342]
 [-3.24474972 -2.99719086]
 [-4.28349588  2.46572441]
 [ 3.00622781 -3.68391473]
 [ 3.59307615 -1.93356124]
 [ 1.02906272 -1.38770758]
 [-1.2555038  -2.27978949]
 [-1.78185062 -4.32123923]
 [ 2.13284366  0.58617488]
 [-0.12605868 -4.05582466]
 [ 1.1217081   2.22483468]
 [ 1.03711355  4.6451454 ]
 [ 1.22532551 -3.76986429]
 [-4.01423773 -1.53083326]
 [-4.24949603  0.23935921]
 [-2.39586927  2.18685203]
 [-0.59591503 -0.31717916]
 [ 3.16361397 -0.65546943]
 [ 3.60112463  2.06917106]
 [-1.95839776  3.67291446]
 [ 2.44020295  3.48394646]
 [-2.79671734 -0.17943181]
 [-0.28628789  1.20883266]
 [-0.4905595   3.94291707]]