[[ 2.75932713 -4.33874607]
 [-4.42685901 -0.38576308]
 [ 4.94205922  0.11831936]
 [-4.09011167 -2.35684597]
 [ 3.67505051 -1.58103862]
 [ 0.9640947  -0.65634426]
 [-2.54992429  1.41448269]
 [-0.33200324 -4.56720517]
 [ 0.50458217  1.46695775]
 [ 1.60669698  3.82814838]
 [-2.11177992 -2.15257581]
 [-2.25280777 -4.05781496]
 [ 0.31243556  4.24021669]
 [-1.39088364  4.24591517]
 [-2.97470537  3.22642981]
 [ 0.73325392 -3.26370157]
 [-1.68195905 -0.38498222]
 [ 2.35470555 -2.33425615]
 [ 2.84593276  2.86703789]
 [ 2.97319963  0.33521817]
 [ 3.64108568  1.90801306]
 [-0.9979407   2.64742005]
 [-0.44533488 -1.54442165]
 [-4.05811429  1.32553649]]