[[ 3.20831536 -3.95700888]
 [ 4.56790177  0.77224943]
 [ 0.08254949 -4.86208123]
 [-3.97401082 -2.52574251]
 [ 3.45143349  2.05584918]
 [ 1.25509225 -1.44698952]
 [ 0.90723306  3.17550652]
 [ 0.3611853   4.79504445]
 [-0.92593398 -0.85073684]
 [-4.06948899  1.4631617 ]
 [-2.38525701 -1.01385926]
 [-4.6162933  -0.48432847]
 [-3.11203836  3.08814435]
 [-2.42851911 -3.42628495]
 [-0.97787059 -3.44296468]
 [-0.87745983  2.40529746]
 [ 0.50042988  0.28892341]
 [-1.46583278  3.80502862]
 [ 1.52374096 -3.22328051]
 [ 3.41096547 -0.51082099]
 [ 3.88416633 -1.72466923]
 [-2.66410289  1.08641494]
 [ 1.65385693  1.12147603]
 [ 2.68993738  3.41167098]]