[[-4.30453616 -2.79472902]
 [ 3.92948366  2.40857322]
 [-4.37004532  2.09056289]
 [-2.30640184  4.18784196]
 [ 3.96959059 -1.48871401]
 [-2.38179049 -0.09132365]
 [ 2.82201643  0.15082402]
 [-1.40269753 -4.55024224]
 [ 1.13495176  0.81871286]
 [ 0.58103438  4.21054609]
 [-0.87351854  1.00559416]
 [-4.53810705 -0.19553225]
 [ 4.38692651  0.47375773]
 [ 2.4368977  -3.74854853]
 [ 2.07914084  3.82120727]
 [ 0.73739605 -3.96808389]
 [-0.72622738 -1.18367389]
 [-0.92874866 -3.12648091]
 [-2.60747494  2.22636775]
 [ 2.98772633 -2.4444508 ]
 [-0.79063406  3.4612511 ]
 [ 2.0976476   2.39116354]
 [ 0.88631903 -1.65491127]
 [-2.81894892 -1.99971214]]