[[ 2.63969643  4.4354944 ]
 [-0.96262695  4.38409287]
 [-4.43585327 -2.09882253]
 [-4.56391433  0.39914623]
 [ 0.62340659  3.71729628]
 [-1.1358097   2.20098376]
 [ 1.46143722 -1.82220786]
 [-2.84227121  3.55701487]
 [ 1.97088952  0.06588483]
 [-2.9976683  -1.45975918]
 [-2.07852199  0.54657857]
 [-3.94228371  2.13900037]
 [-0.73051844 -4.28113796]
 [-2.52631198 -3.52499332]
 [ 0.91214178 -4.28616547]
 [ 2.26126384  2.52367979]
 [-0.39468774 -0.38545801]
 [ 3.68065067 -1.01790025]
 [ 3.56289007 -2.62421067]
 [-1.00654117 -2.61173286]
 [ 4.40734914  0.3957345 ]
 [ 1.89859913 -3.36642826]
 [ 0.34425803  1.44056448]
 [ 3.85442639  1.67334543]]