[[-3.28798     3.89283494]
 [-2.01312048 -4.12885166]
 [-4.56988682  1.21695226]
 [ 3.10772263 -3.68876383]
 [ 4.01479143  1.91094372]
 [-0.30863855  2.09488271]
 [-1.59080482 -0.01203288]
 [-4.50122568 -0.6835157 ]
 [ 2.78447264  0.89930421]
 [ 1.45327181 -2.75844109]
 [ 2.22644297 -0.56492009]
 [ 0.42537286  4.76065615]
 [ 0.84698722 -4.21690398]
 [-3.13382485 -2.8363889 ]
 [ 3.63427304 -2.01916419]
 [ 2.74313974  3.36564688]
 [ 1.2926352   2.92394919]
 [ 4.24684982 -0.18648116]
 [-2.66266362  2.00963546]
 [-1.24394451  3.6333355 ]
 [-3.12112696 -1.40066934]
 [-0.50778539 -1.70348013]
 [ 0.93266598  1.07870265]
 [-0.76762367 -3.58723071]]