[[ 5.10673024 -0.59412921]
 [-4.3464665   1.13636008]
 [-3.58601547  3.22536238]
 [-1.44960503  4.39276338]
 [-0.65562975 -4.39684948]
 [-1.5901686  -1.7037742 ]
 [ 0.37114334  1.7868824 ]
 [ 3.3722945   3.24813626]
 [ 1.87445876 -0.54807957]
 [ 1.69056645  3.33367421]
 [-0.67541025 -0.06152891]
 [ 0.53453872  4.54482682]
 [ 3.90810935  1.20847595]
 [-4.18854792 -0.66406246]
 [ 3.60608701 -1.6134622 ]
 [ 1.32475281 -4.13722246]
 [ 0.86644851 -2.27169941]
 [ 2.68114248 -3.11401358]
 [-2.60019554 -3.56849738]
 [-2.72386994  0.70383139]
 [-1.7013243   2.66499245]
 [ 2.35265634  1.26205772]
 [-0.51590569 -2.8110537 ]
 [-3.65578951 -2.02299047]]