[[ 5.14766591 -0.12816319]
 [-4.06090834 -1.62477388]
 [ 0.12064597 -4.88174506]
 [-3.77609559  3.08111941]
 [ 0.73513375 -2.01052941]
 [ 0.31425087  0.15245901]
 [-0.69257265  3.8846017 ]
 [-4.65513121  0.08555247]
 [ 0.97443572  2.1834342 ]
 [ 3.52788234 -1.8905423 ]
 [-1.9884106   3.10638051]
 [-1.91739722 -4.16723659]
 [ 2.8922979  -3.14941884]
 [ 2.41020545  3.67974837]
 [ 0.80830355  4.29428397]
 [-3.37208157  1.19294667]
 [-1.107089    1.60831269]
 [-1.3444385  -2.02733792]
 [ 3.57118267  2.35499266]
 [ 3.07697298  1.18812874]
 [-2.93295084 -2.80898451]
 [ 2.87162112 -0.48088647]
 [-1.72171556  0.02242046]
 [ 1.11819284 -3.66476268]]