[[-1.89273573  4.77452054]
 [-3.84379825 -2.26438211]
 [ 1.55856785  4.63642199]
 [ 4.71869386  0.68829066]
 [ 2.53043286  0.75622787]
 [-1.78661002  2.53657725]
 [ 0.75160913 -2.26705426]
 [-4.69573894  0.51787461]
 [-0.99381334 -1.7006879 ]
 [ 0.51021098 -4.26923028]
 [ 0.31457876  1.57968466]
 [-2.78148272 -3.78184901]
 [ 3.32195241 -2.70854669]
 [ 2.1312048  -3.86025957]
 [ 4.00273709 -1.25828986]
 [-3.50449182  2.36204089]
 [-2.40149248  0.98093178]
 [-0.12188852  3.4194189 ]
 [-1.24503887 -3.72314525]
 [-3.47804637 -0.86153033]
 [ 2.40760157  3.05035334]
 [ 2.0752993  -1.13939331]
 [-1.02504466  0.23320033]
 [ 3.44729311  2.29882574]]