[[ 5.08224796  0.71411172]
 [-3.79380911  2.45482755]
 [-0.61470594 -4.92309634]
 [-2.36818749  4.07243584]
 [ 2.9752058  -2.86246008]
 [ 0.80994242  1.35411463]
 [-1.92543542 -1.67130448]
 [ 2.76324587  3.73317219]
 [-1.20574592 -0.16582151]
 [-2.15777152 -3.51988813]
 [ 3.08398681 -0.09070864]
 [ 0.00866795  4.69624837]
 [-4.1657524   0.602123  ]
 [ 3.33158645  2.13046108]
 [ 1.03511657  3.41348729]
 [-0.97425504  2.76863143]
 [ 1.35471846 -0.07716713]
 [ 0.14357219 -3.22029765]
 [ 3.9226141  -1.71296328]
 [ 1.84341683 -3.83062696]
 [-4.19581581 -1.09176825]
 [-2.4600439   1.20193916]
 [ 1.10332906 -1.58144106]
 [-3.59612791 -2.39400875]]