[[ 2.668409    4.40537007]
 [-4.56825656  0.30778341]
 [-1.3205469   4.76128011]
 [ 4.71728784  1.02377793]
 [ 1.10747661  3.55734502]
 [-0.43477176  2.91607058]
 [-0.84791423 -1.5669401 ]
 [ 4.19729673 -2.15667585]
 [-2.24804644 -0.33360468]
 [-3.91575735 -1.47256673]
 [-1.6495794   1.49512949]
 [-0.9118121  -4.66580208]
 [-3.30721657 -2.87168116]
 [ 0.84828762 -2.66952357]
 [ 0.72315663 -4.14216299]
 [ 2.97761631  2.25561782]
 [ 1.4857409   0.71926173]
 [ 2.52810466 -1.32938521]
 [-2.72907122  3.20963781]
 [ 3.50515981  0.11626544]
 [ 2.50558488 -3.45542322]
 [-1.84180265 -3.07682032]
 [ 0.27273321  1.27164924]
 [-3.76207902  1.70139726]]