[[ -7.16908507e-01   5.06940436e+00]
 [ -4.53281481e+00   1.29548550e-01]
 [ -1.07417202e+00  -4.75490046e+00]
 [  1.11084932e+00  -4.52540441e+00]
 [  4.24897792e+00  -5.27212496e-01]
 [  1.17110992e+00   7.03654561e-01]
 [ -1.96400480e+00   1.13553482e+00]
 [ -4.05033965e+00   2.04038917e+00]
 [ -3.85132383e-01  -1.82921543e+00]
 [  2.80234363e+00   3.37697383e+00]
 [  2.69497617e+00   1.75202414e+00]
 [ -2.81610177e+00   3.57974480e+00]
 [  4.26211945e+00   1.41922037e+00]
 [ -3.02383353e+00  -3.17051780e+00]
 [  1.26291217e+00   3.86147065e+00]
 [ -7.90467612e-01   3.11977660e+00]
 [ -4.95888848e-03   1.40210541e+00]
 [  1.22865649e+00  -1.90307182e+00]
 [ -2.85276064e+00  -4.30332966e-01]
 [ -3.72348365e+00  -1.59781092e+00]
 [  2.59592615e+00  -3.37137186e+00]
 [ -1.47230993e+00  -2.76004077e+00]
 [  2.42628341e+00  -3.50251274e-01]
 [  3.60313356e+00  -2.36971707e+00]]