[[-4.99038443  1.25123613]
 [-3.29565945  2.92045073]
 [ 1.38617754  4.73916072]
 [ 3.96148846  2.62022209]
 [-3.78478959 -1.48056553]
 [ 0.50588771  0.94099197]
 [ 2.18172735 -1.70462746]
 [ 3.34149154 -3.34374981]
 [ 0.33156134 -2.73070785]
 [ 3.0830743   1.18809502]
 [-1.96840258  0.42664276]
 [ 4.63725284  0.09099174]
 [ 2.09701223  2.93222122]
 [-1.53946232  4.10472328]
 [ 0.14320116  3.59444241]
 [-1.95781993 -3.44952694]
 [ 0.63827178 -0.58217615]
 [-3.50979809  0.14460602]
 [-3.29304855 -2.91543481]
 [-0.73669459 -4.30373374]
 [ 1.53324181 -4.08894189]
 [-1.316551    2.46144033]
 [-1.20808048 -1.33621719]
 [ 3.76030295 -1.47954306]]