[[-0.07775414 -5.15645716]
 [ 1.55893584  4.26442805]
 [ 4.85836787  0.69579104]
 [ 4.25300136 -2.17976094]
 [-3.25452271  0.90691238]
 [-1.73281502 -0.61608905]
 [ 1.03984642  2.17674512]
 [-4.33925953 -1.80776471]
 [-0.81384905 -2.30889069]
 [-3.37032449  2.61346755]
 [ 1.53807255 -0.03622887]
 [-4.71109178  0.32020158]
 [ 2.79692523  3.14939602]
 [-0.30478317  4.35457001]
 [-3.02650622 -2.29653957]
 [ 3.27714648 -0.76571656]
 [ 0.92283815 -1.61029687]
 [ 1.07253241 -3.53269982]
 [-1.84211248 -3.79716322]
 [ 2.55618094 -3.21033885]
 [-2.11378905  3.83227397]
 [-1.05012515  2.70312656]
 [-0.60436328  0.52026525]
 [ 3.36744883  1.78076878]]