[[ 4.3847116   2.5100321 ]
 [ 2.7041018  -3.19042201]
 [ 4.73703279  0.06641654]
 [ 4.13273643 -2.10374154]
 [ 0.83621679  3.98681039]
 [-1.15540336 -1.82519538]
 [ 2.5311812   1.46183019]
 [ 1.54784873 -4.33576601]
 [ 1.0839734   0.74133436]
 [-2.10089664  3.5873779 ]
 [-2.5005048   0.03192031]
 [-4.76376319 -0.31314133]
 [-3.13460111  2.73948855]
 [ 2.31294538  3.5581289 ]
 [-0.80753184  4.24342512]
 [-2.81501837 -2.976939  ]
 [-0.89473942  0.17239271]
 [ 2.63105444 -0.81668068]
 [-3.92408443  1.29405062]
 [-3.70976351 -1.71172128]
 [-1.44630851 -4.14010215]
 [-0.11025378  2.54969469]
 [ 0.55828498 -1.54761609]
 [-0.09721858 -3.98157692]]