[[  4.39361208e+00  -2.64625602e+00]
 [ -3.76052972e+00   2.65717712e+00]
 [  1.19058776e+00  -4.69721602e+00]
 [ -1.17559180e+00  -4.51391073e+00]
 [  3.28012634e+00  -1.17376953e+00]
 [ -7.09715908e-02   3.16979847e+00]
 [ -2.41942670e+00   6.12714240e-01]
 [ -3.11358522e+00  -3.41098839e+00]
 [ -1.09951878e+00  -5.76094831e-01]
 [ -4.14805480e+00  -8.40206789e-01]
 [  1.01615602e+00   4.04103384e+00]
 [  3.27066560e+00   3.56206926e+00]
 [  4.22348791e+00   1.80493795e-01]
 [ -4.28691300e+00   7.78651300e-01]
 [ -3.18971071e+00  -1.87124277e+00]
 [  3.61264271e+00   1.77358816e+00]
 [  1.66448929e+00   2.29705219e+00]
 [ -2.10607315e+00   2.89220350e+00]
 [  9.40291702e-01  -1.73122573e+00]
 [ -1.30958894e+00   4.24687731e+00]
 [  1.89184989e+00  -3.24651167e+00]
 [  1.83355423e+00   7.29003945e-04]
 [  9.86480452e-02   1.46560353e+00]
 [ -7.36147161e-01  -2.97056923e+00]]