[[-1.75128189 -4.79440112]
 [ 3.85659048  2.2061099 ]
 [ 2.83924818  4.0425743 ]
 [-4.71325877 -0.25590135]
 [-0.40714378  4.34039361]
 [-0.98857633  0.84792109]
 [ 1.62069578 -1.46458577]
 [-4.24946621  1.88499395]
 [ 2.0052199   0.12601655]
 [ 2.3628997  -3.52258349]
 [ 1.02424671  3.43825634]
 [-3.88936235 -2.52628777]
 [ 4.14644101 -0.98365417]
 [ 3.60650047 -2.48045311]
 [-3.06636597 -0.42121309]
 [-2.05916553  3.74651645]
 [ 1.1731503   1.71222531]
 [-2.70020698  2.33022876]
 [-2.05560754 -2.89630406]
 [-1.45084816 -1.36692133]
 [ 0.79760263 -4.20756848]
 [ 0.32621574 -2.69618458]
 [-0.48582112  2.36441665]
 [ 4.05829371  0.57640542]]