[[-4.44938745  2.64200222]
 [-3.25948703 -2.83486913]
 [ 2.43881933 -4.18915256]
 [-1.93650878 -4.35591359]
 [ 2.35243263 -1.20230806]
 [-2.25016825  2.26075535]
 [ 1.04097538  2.24891207]
 [ 3.85314012 -2.53215937]
 [ 1.06545047  0.30693582]
 [ 4.15795394 -0.6976411 ]
 [-1.84595222 -1.20498266]
 [-4.5060452  -1.28869843]
 [ 1.40875863  4.08400505]
 [ 0.61554798 -4.10113255]
 [-0.75866112 -3.2060654 ]
 [-1.86628016  3.75903346]
 [-2.21061346  0.44797919]
 [-3.85827784  0.40925172]
 [ 2.66312368  3.27963104]
 [-0.28584423  4.20392026]
 [ 3.96353329  1.94031821]
 [ 0.83721624 -2.10327355]
 [-0.85662298  1.27432035]
 [ 3.68689703  0.85913166]]