[[-3.17379892  3.97090726]
 [-4.17101831  1.72214233]
 [ 3.88132187 -3.08937593]
 [ 4.05279275  2.66509415]
 [-3.86720313  0.12644421]
 [-0.43812351 -1.72763996]
 [-0.57794227  1.68492568]
 [-0.90241234 -4.5820594 ]
 [-2.28667679  1.13218802]
 [ 4.36586617  0.09909304]
 [ 2.67850243  1.00661797]
 [-0.03054071  4.7351813 ]
 [ 0.57631597 -3.9481034 ]
 [-4.09879309 -1.43473247]
 [ 2.0012972  -3.55759048]
 [ 2.28424059  2.78825505]
 [ 0.90888688  0.44768811]
 [ 3.48192798 -0.95139586]
 [-1.18257164  3.47737378]
 [ 1.24921642  3.73030789]
 [-2.31948746 -3.46442927]
 [ 1.82889564 -1.83141888]
 [-1.1352461  -0.42070992]
 [-3.12544965 -2.57876322]]