[[ 4.49700908 -2.47544436]
 [-0.90070189  4.42269469]
 [-0.42192025 -4.93276581]
 [-4.45120527 -1.84406917]
 [ 1.5331674   2.55689014]
 [-1.93378352 -2.01976705]
 [ 1.76780581  0.83496283]
 [ 2.69525486  3.90259078]
 [ 1.83177185 -1.38365769]
 [-2.25591732  3.46299969]
 [-0.0995864  -0.68315728]
 [ 2.42003115 -3.97613073]
 [ 0.50720221  4.05686622]
 [-4.35935797  0.62444389]
 [-3.62934214  2.48348895]
 [ 3.43420377 -1.02082061]
 [ 0.74446076 -2.98777491]
 [-0.5390498   1.55227126]
 [-2.66544572 -3.46458987]
 [-2.99228385 -0.6448039 ]
 [ 4.23981402  0.7397775 ]
 [-2.50520132  1.51832685]
 [-0.60121788 -2.70397158]
 [ 3.68429242  1.98164016]]