[[-4.74909602 -1.91009372]
 [-3.10120057  3.34523578]
 [-2.90962135 -3.83218608]
 [ 0.60190755 -4.72196315]
 [ 3.2940925   2.0076417 ]
 [ 0.77424418 -2.73786428]
 [ 1.68851995  0.98947507]
 [ 4.61602938  1.20784117]
 [ 0.08377167  1.80507587]
 [-1.17959588 -3.65058975]
 [ 2.12819659 -1.39676562]
 [ 2.86519666 -3.76791902]
 [-1.59135858  3.5962024 ]
 [-3.77812751  1.85572323]
 [ 2.40086639  3.35861419]
 [-3.77323113  0.30263464]
 [-1.25922305 -1.46472649]
 [ 3.58011025 -1.95968168]
 [-3.09084216 -1.19385421]
 [ 3.94354868 -0.42264335]
 [-0.17513487  4.3235854 ]
 [-1.64165481  1.23432662]
 [ 0.17699456 -1.05293771]
 [ 1.09560757  4.084869  ]]