[[  3.43861738e+00   3.75907747e+00]
 [  4.40381864e+00  -1.14638685e+00]
 [ -4.82880105e+00  -5.56033099e-01]
 [ -2.85809161e+00   3.77946180e+00]
 [ -8.26829832e-01  -4.34429169e+00]
 [ -1.98307697e+00  -2.85240875e-04]
 [  2.50185986e+00  -6.11008989e-01]
 [  1.15541197e+00   4.40103835e+00]
 [  9.33206064e-01   6.37001566e-01]
 [ -9.76184529e-01   2.78313619e+00]
 [ -3.95342500e-01  -2.98561138e+00]
 [ -4.37665515e+00   1.51265803e+00]
 [  4.08477964e+00   6.76168514e-01]
 [  3.30284736e+00   1.95593323e+00]
 [ -5.75293943e-01   4.08736049e+00]
 [  1.91574861e+00  -2.98345867e+00]
 [ -1.63395353e+00  -1.58463404e+00]
 [ -3.40988469e+00  -1.88174161e+00]
 [  3.31528287e+00  -2.84140675e+00]
 [  1.25971114e+00  -4.22787442e+00]
 [ -2.83112582e+00  -3.40445062e+00]
 [  1.17284159e+00   2.37638870e+00]
 [  3.94881294e-02  -1.14261261e+00]
 [ -2.82837365e+00   1.74157160e+00]]