[[-4.99832234 -1.03995146]
 [-3.42270206  2.9137052 ]
 [ 3.70374103 -3.21892145]
 [-3.46753755 -3.06948183]
 [ 3.71480247  2.12742713]
 [ 2.38783918 -1.27655685]
 [ 0.46203734  3.01835421]
 [ 2.30227255  4.18256415]
 [-1.51108641  0.37923926]
 [-0.29806628  4.38054026]
 [ 2.06870696  2.15832264]
 [-0.29272011 -4.71256583]
 [-1.89577508  3.80245654]
 [-3.89428844  1.39252312]
 [-3.38635317 -0.3652308 ]
 [ 0.59285859 -2.87032073]
 [ 0.63031885 -0.75813502]
 [-1.54969083 -1.80083436]
 [ 4.19221643 -0.93045984]
 [ 4.19610808  0.57901712]
 [-1.66910997 -3.65713207]
 [-1.28985935  2.08201332]
 [ 1.73520776  0.49040429]
 [ 1.68940233 -3.80697698]]