[[-5.10339892 -0.44094809]
 [ 4.38448049 -0.42916173]
 [ 4.22529073 -2.4756149 ]
 [-3.69291471 -2.98358088]
 [-3.80561092  1.18686482]
 [ 0.34440194  2.05171075]
 [-2.91557905 -1.17578431]
 [ 0.60238329 -4.71336874]
 [-1.98994543  0.30683772]
 [ 3.15164529  2.95598561]
 [-1.27110789 -2.41881345]
 [ 1.79429773  4.37106518]
 [-1.5960245   4.08629228]
 [ 2.43512197 -3.39221196]
 [-3.25124     2.94022779]
 [-1.76466621  2.33597415]
 [ 0.78899808  0.3470187 ]
 [ 0.49486389 -3.06028428]
 [ 0.08671409  4.07463676]
 [ 2.43888321 -1.36386188]
 [-1.65547375 -4.00435642]
 [ 2.47842755  1.63072714]
 [-0.18589317 -0.84929234]
 [ 4.0063463   1.01993805]]