[[-4.31523122  2.65693614]
 [-4.46116335  0.14212781]
 [ 3.84353923 -3.12310932]
 [-2.13570022  4.17831254]
 [ 2.83223823 -1.19235011]
 [ 3.44010996  2.17876476]
 [ 0.46958101 -1.57799229]
 [-1.93673839 -4.30500721]
 [-0.45669165  0.35082902]
 [-3.04954193 -2.81537957]
 [ 3.84246293  0.88827886]
 [ 1.83275227  4.45539936]
 [-0.4303207   4.03655759]
 [ 0.784664   -4.3362328 ]
 [-3.83926923 -1.54019345]
 [ 4.24923201 -0.56137013]
 [ 1.75991423  0.85117293]
 [ 0.40288437  2.73462253]
 [-0.4333231  -3.46293824]
 [-2.74758799  0.57114896]
 [ 2.03881076 -3.217172  ]
 [-1.75984028 -1.55261787]
 [ 2.21493968  2.44605735]
 [-2.14572062  2.19415514]]