[[ 4.68632119 -1.78704592]
 [ 4.15036163 -0.05409175]
 [ 0.97321209 -4.72667219]
 [ 2.93832064 -3.52543579]
 [ 2.84373597  1.12013296]
 [ 1.10301453  0.04730643]
 [-2.77265747 -0.35995435]
 [-2.45986064 -3.94716784]
 [-1.21817607 -1.30721073]
 [-4.23414955 -1.06810367]
 [-2.08721181  2.06921768]
 [ 4.18464429  2.24324703]
 [-0.84370088 -3.81708115]
 [-3.38931419 -2.51826688]
 [ 2.16762579 -2.09457389]
 [-0.38057733  3.99673147]
 [ 0.68151712  2.04548739]
 [-3.3524157   2.61305568]
 [-1.87452692  4.03362283]
 [ 1.07859064  4.18778609]
 [-4.25589712  1.01869755]
 [ 0.26053807 -2.52325542]
 [-0.65528616  1.10571254]
 [ 2.45589186  3.24786194]]