[[-5.08406244 -0.90485285]
 [-2.37171469 -3.90922475]
 [-3.3097565   3.58825361]
 [ 2.60914346  3.95167806]
 [-2.54828709  1.92111692]
 [ 0.98649108 -1.79416292]
 [ 1.26099178  2.45838361]
 [ 0.56562481  4.46975926]
 [ 0.89139801  0.60157984]
 [-3.88334546  1.12110026]
 [-0.79172926  1.89003492]
 [-1.30702009  4.30077171]
 [-0.51762479 -4.22717061]
 [ 3.73047075 -2.42747003]
 [ 1.07729823 -4.15233049]
 [-2.97602041 -2.39063031]
 [-0.71357182 -2.11199137]
 [ 3.88480098 -0.88969011]
 [ 2.38409028 -3.40811233]
 [-3.20038471 -0.68755817]
 [ 4.31676429  1.01230649]
 [ 2.60800465 -0.08960387]
 [-1.10568436 -0.48439335]
 [ 3.49412331  2.1622065 ]]