[[-4.72381672  2.11130841]
 [ 3.3580347   2.77837902]
 [-0.63618173 -4.90200365]
 [ 2.13883826 -4.18322106]
 [-4.25595636 -0.64387339]
 [-2.05557071 -1.63747723]
 [ 1.66820443  1.18965267]
 [-0.40373305  4.67982834]
 [-0.11716245  1.49327596]
 [ 3.31860048 -0.01021959]
 [-0.10162132 -1.46297894]
 [ 2.13354585  4.10803577]
 [ 4.23977104 -1.08334291]
 [ 4.23144603  1.16034936]
 [ 3.35151832 -2.55419621]
 [-2.8374902   2.34076706]
 [-2.92227708  0.42651875]
 [-3.55660605 -2.24220161]
 [ 0.14136618 -3.52897371]
 [-2.21569429 -3.50519068]
 [-1.76898831  3.67468855]
 [ 2.01175098 -1.66554985]
 [-1.46523951  0.07589811]
 [ 0.46726154  3.38052684]]