[[-0.70542195  5.11930725]
 [ 2.59611127  3.81328642]
 [ 3.51089617 -3.47162977]
 [ 0.8334164  -4.56652536]
 [-2.0803004   3.43078933]
 [-0.99138524 -0.18852879]
 [-0.04972713 -2.41903353]
 [-1.12415694 -4.43572653]
 [ 1.1135786  -0.67151405]
 [ 2.03478464 -2.79267194]
 [-2.8973924  -0.11879967]
 [-3.69096434 -2.9588189 ]
 [ 4.33757939 -0.0435157 ]
 [ 4.02588884  1.78437018]
 [ 3.69099999 -1.48306634]
 [ 1.98809634  2.49951019]
 [-0.06991941  1.70445701]
 [-4.12480486  0.84589586]
 [-3.53802082  2.59367304]
 [ 0.31821435  3.67168233]
 [-4.04665515 -1.3410233 ]
 [ 2.73726545  0.37308974]
 [-1.78401835  1.52946967]
 [-2.08406444 -2.87467715]]