[[-4.98408646  1.12790429]
 [-3.2837581   2.76489556]
 [ 3.4232811  -3.63019459]
 [-1.98358662  4.1664458 ]
 [ 2.44748784  3.47564604]
 [ 1.96484391  1.63747884]
 [-0.31540414 -2.14805248]
 [-2.71588971 -3.84899197]
 [-1.41401329 -0.7229515 ]
 [ 0.4773379  -4.30449236]
 [ 2.67903464 -1.42854612]
 [-0.00553813  4.71488029]
 [ 4.27393374 -1.11123249]
 [ 3.89503187  2.23919028]
 [-3.08051642  0.68825655]
 [ 1.71952456 -3.13558566]
 [ 0.32694993  0.86764597]
 [ 3.94626202  0.57264186]
 [ 0.74680392  3.46797755]
 [-1.01317042 -3.73414209]
 [-4.00707794 -1.13746584]
 [-1.40157367  1.88916266]
 [ 1.59661958 -0.25137885]
 [-3.29249611 -2.15909177]]