[[ 4.92078728  1.36524633]
 [ 0.70563755 -4.51135412]
 [-4.40116832 -2.29438909]
 [-1.82059148 -4.4578736 ]
 [ 1.92667942 -3.42885681]
 [-0.63287595 -2.83873338]
 [ 2.00546154  0.71628438]
 [ 3.88938994 -2.719681  ]
 [ 0.33223394  1.37186798]
 [-1.78802354  3.75396227]
 [-2.33986683 -2.42149764]
 [-3.57177541  3.13785349]
 [-3.68744129  1.54126694]
 [ 3.20812719  2.47364964]
 [ 2.16569403  3.42392029]
 [-4.09895027 -0.08377216]
 [ 0.61876717 -1.77278495]
 [-2.75551934 -0.69031606]
 [ 0.91028608  4.12973074]
 [-0.32097638  3.94043105]
 [ 3.9308102  -0.39516315]
 [-1.52032235  1.8752341 ]
 [-0.67863806 -0.67026791]
 [ 3.0022749  -1.44475732]]