[[ 2.10510743  4.67278191]
 [-3.1773116  -3.23306837]
 [ 4.95504726 -0.36307329]
 [-1.85033097  4.4351472 ]
 [ 3.12925454 -2.73471305]
 [-1.51938708 -0.55790039]
 [ 1.85856861  2.01344372]
 [ 1.6539298  -4.502813  ]
 [ 0.4251247   1.15348936]
 [ 3.68141389  1.03383673]
 [-0.84214456  2.64451069]
 [-4.71312098 -0.54986521]
 [ 3.4812641  -1.03176146]
 [-3.30631914  2.84367211]
 [ 3.38107567  2.56156878]
 [-0.11657096 -3.76333298]
 [-0.76761715 -1.84799936]
 [ 0.29003186  3.7546186 ]
 [-1.50344144 -4.00976319]
 [ 1.60146819 -2.78819172]
 [-4.04261003  0.96497698]
 [-2.18490149  1.49822426]
 [ 0.95719768 -0.68685501]
 [-3.49572832 -1.5069333 ]]