[[ 3.47372119  3.70247077]
 [ 3.01936095 -3.40212319]
 [ 0.00922448 -4.96544735]
 [-1.18731546  4.63128073]
 [-0.68557394  2.56215048]
 [-1.9104401  -1.28781485]
 [-0.94744384  0.73621887]
 [ 4.07004493  1.69114791]
 [ 1.5586979   1.10480575]
 [-2.51256488  3.23742436]
 [ 2.48400635 -0.48554714]
 [ 4.65270173 -0.19417973]
 [ 0.75301829  4.1355354 ]
 [-4.05063038 -1.73603549]
 [-4.26747769 -0.15956344]
 [-2.80157597 -3.13309204]
 [-0.42550108 -2.05675641]
 [-1.29041235 -3.65015505]
 [ 3.60194383 -1.88608921]
 [ 1.45733954 -3.50281181]
 [-3.88398764  2.11445984]
 [ 1.42418921  2.7517743 ]
 [ 0.82142943 -1.27503239]
 [-3.3627545   1.0673797 ]]