[[-1.59080615  4.87278039]
 [ 3.33990197 -3.14664246]
 [-4.23425222  2.4679946 ]
 [ 3.9973581   2.75380378]
 [-0.2584802   3.4451312 ]
 [-1.24574077 -2.34243852]
 [-2.38645311 -0.99122208]
 [-4.62777853 -0.19006081]
 [ 0.47471872 -2.94199103]
 [-3.72041108 -1.93142069]
 [ 0.18093021 -0.6306087 ]
 [-2.89411368 -3.7628224 ]
 [ 1.34526768  4.09012756]
 [ 4.44804582 -0.01037148]
 [ 3.79007256 -1.46341214]
 [ 3.2165494   0.91161803]
 [-0.76643567  0.97128352]
 [ 2.11132898  2.81349004]
 [-3.08911724  1.1656367 ]
 [-2.1484843   2.79285255]
 [ 1.51284825 -4.21371394]
 [ 1.37249088  1.18737891]
 [ 1.6757567  -1.45532239]
 [-0.5031963  -4.39207067]]