[[-2.09651225  4.5938852 ]
 [ 2.12616169  3.7140051 ]
 [ 0.59935258  4.73895263]
 [ 4.38253697  1.99745419]
 [-1.56833265 -3.83718771]
 [ 0.26515976 -2.09502102]
 [-0.49168984 -0.84601341]
 [-4.06644316  2.07596159]
 [ 1.71636196  0.44101881]
 [ 0.1385041  -4.42253742]
 [-2.22076439 -1.77872254]
 [-4.66069031  0.22543964]
 [ 2.71037999 -1.86694847]
 [-3.1393822  -3.26386556]
 [ 2.99101111 -3.34525896]
 [ 3.98942454 -1.28848068]
 [-2.00861987  0.53006034]
 [-0.33850158  2.93452273]
 [-2.52546469  2.57006411]
 [-3.84792272 -1.20661769]
 [ 2.82617838  2.29633882]
 [ 1.43487177 -3.65532301]
 [-0.17338612  1.12355213]
 [ 3.95776695  0.36472118]]