[[-4.41192897 -2.56353873]
 [-4.29761204 -0.49329347]
 [ 0.41378737 -4.94933359]
 [-2.46226593  4.07772092]
 [-0.99975497 -3.68994173]
 [-0.1231436  -0.71099139]
 [ 2.3018347   1.23491516]
 [ 3.94755193  2.56966887]
 [-1.7960448  -1.51180699]
 [ 4.18267745 -1.39821067]
 [-2.1009849   0.44321783]
 [-0.30305612  4.66926857]
 [-4.01604489  1.16124678]
 [ 3.23856163 -2.99057089]
 [ 1.01276093  3.54926647]
 [ 1.51283488 -3.49402705]
 [ 0.30206119  0.90839336]
 [-1.08729194  2.58950252]
 [-2.5048161  -3.21412447]
 [-3.16003859  2.32409177]
 [ 2.46721453  3.43375711]
 [ 2.91120502 -0.82013877]
 [ 0.80444124 -1.86768975]
 [ 4.16805198  0.74261814]]