[[ 4.33248522  2.58258381]
 [ 4.20849659  0.18927173]
 [ 4.5588742  -1.75948662]
 [ 2.40443118  3.98514695]
 [-4.22430276  1.03986133]
 [-2.25277296  1.83238126]
 [ 0.01364352 -2.20692223]
 [-3.44308838  3.31250316]
 [ 0.73758211  1.24834574]
 [ 2.80551848 -1.92022143]
 [ 1.2456707  -0.51836841]
 [-0.25543504  4.70938676]
 [ 0.92624925  3.25364075]
 [ 2.54593062 -3.43978767]
 [-3.49628486 -2.6054772 ]
 [-1.49861928  3.43451738]
 [-2.64860484  0.15936838]
 [ 2.61903475  1.31850655]
 [-2.21063663 -3.75818503]
 [-4.2377072  -0.90343406]
 [ 1.0474472  -4.1569997 ]
 [-1.86678449 -2.05362755]
 [-1.01078178  0.5034561 ]
 [-0.30034559 -4.24646001]]