[[-4.36483272 -2.65714969]
 [-1.82756377 -4.0369794 ]
 [-0.69669566  4.89555412]
 [ 3.67633528 -2.95765517]
 [-3.42312548  2.61610552]
 [-2.08141805 -0.49567565]
 [ 1.98452072 -1.45690734]
 [ 2.04744598 -3.99313947]
 [ 1.9211709   0.70200005]
 [-1.55939944  3.62989443]
 [-2.07444131  1.69025945]
 [ 0.04958537 -4.62492635]
 [ 1.14402564  4.07694352]
 [ 3.99327336  1.9284351 ]
 [ 2.89586159  3.22452788]
 [ 3.88178256  0.28108875]
 [-0.20064587 -0.65817751]
 [ 0.14921288 -2.70247497]
 [-4.10789444 -0.4475102 ]
 [-4.10084279  1.01788293]
 [ 3.98756503 -1.22394069]
 [ 1.3492602   2.62563807]
 [-0.45339781  1.12270368]
 [-2.1897822  -2.55649704]]