[[-4.39421473  2.61168862]
 [-4.53374176  0.00893925]
 [ 4.65076704  1.49266246]
 [ 0.34630263  4.72210422]
 [-3.11703148 -0.83808807]
 [-1.07771557  0.40491451]
 [-2.60487761  1.30242029]
 [ 2.39363915  3.93874382]
 [ 2.54772849  0.43162797]
 [ 2.95212152  2.34772931]
 [-0.9864347  -2.18161798]
 [ 4.60737971 -0.95074778]
 [-2.36469848  3.21942285]
 [-2.57926523 -3.4843766 ]
 [-1.07406723  3.75303155]
 [ 0.62844144  2.62068518]
 [ 0.47815635 -1.46318403]
 [ 1.80150417 -3.44085892]
 [ 0.70702453 -4.30215485]
 [ 3.22439404 -2.91031081]
 [-3.69757286 -2.33591734]
 [ 2.67341683 -1.27151793]
 [ 0.55371788  0.450776  ]
 [-1.13497412 -4.12597173]]