[[ 2.44639001 -4.46113974]
 [-2.32800848 -3.96389921]
 [ 4.73127758  1.27050913]
 [-4.75144822  1.20468282]
 [-1.94307491  3.98009994]
 [ 0.799894    1.48248125]
 [ 1.54166899 -1.30865872]
 [ 4.35620775 -1.05091135]
 [-0.33275334 -1.49767475]
 [ 2.97223669  0.14659727]
 [-2.87801795  2.66663765]
 [ 3.47701995 -2.65768942]
 [-0.49371742 -4.03827381]
 [ 0.93688132 -3.54911326]
 [ 3.24986033  2.22891816]
 [ 2.14896262  3.28850228]
 [-0.88563403  0.34832318]
 [-3.05573516  0.99748621]
 [-3.82036315 -2.01888807]
 [-3.87116987 -0.6805886 ]
 [ 1.07681366  4.34857613]
 [-0.10979073  3.64612351]
 [-1.11915672  1.99709718]
 [-2.14834292 -2.37919778]]