[[ -4.81370447e+00  -1.42013235e+00]
 [ -3.16168280e+00  -2.18458755e+00]
 [ -2.55400442e+00  -4.11214283e+00]
 [  2.47685326e-01  -4.72093071e+00]
 [  2.81946398e+00   3.13560225e+00]
 [ -1.22177960e-01  -3.82717891e-03]
 [  1.31988674e+00   3.58301828e+00]
 [  3.36482077e+00  -3.29907540e+00]
 [ -1.90525070e+00  -4.10460860e-01]
 [ -3.13958295e+00   1.34837993e+00]
 [  2.49590753e+00  -1.26051487e+00]
 [ -4.52800657e+00   6.60949677e-01]
 [ -1.84093748e+00   3.96082430e+00]
 [ -1.18199042e+00  -3.18053612e+00]
 [  1.50093574e+00  -3.56798985e+00]
 [  4.06816900e+00  -1.16614064e+00]
 [  8.03623035e-01   1.55249982e+00]
 [  5.77560255e-01  -2.02155454e+00]
 [  3.89560553e+00   2.02408872e+00]
 [  4.23508020e+00   5.66886383e-01]
 [ -3.44435291e-02   4.45722292e+00]
 [ -1.04614998e+00   2.55916121e+00]
 [  2.06356587e+00   5.71360878e-01]
 [ -3.06437269e+00   2.92789854e+00]]