[[ 4.73734871 -1.78140579]
 [-1.50326564 -4.38886155]
 [-3.82033403  3.1261805 ]
 [ 3.34510529  3.40799226]
 [ 3.10408005  1.55902475]
 [-2.21601161  1.21773432]
 [ 1.1406031  -1.9394472 ]
 [ 3.03156654 -3.37434552]
 [-0.54089626  1.8679563 ]
 [ 1.25312746  4.06606474]
 [-1.06665134 -0.32882375]
 [ 4.5764827   0.65981372]
 [ 1.40537425 -3.96369652]
 [-0.43447625  4.37321454]
 [-3.80153629 -1.8782974 ]
 [-0.11396211 -3.67138985]
 [ 1.09575264  0.12493097]
 [ 2.90966239 -0.77727072]
 [-2.79393938 -3.09425641]
 [-1.92157316  3.48168657]
 [-4.22537275  0.89811862]
 [ 1.15865794  2.53268226]
 [-1.24455058 -1.73679019]
 [-4.07519168 -0.38081462]]