[[-2.59161004  4.41546166]
 [ 4.27817548 -0.31322743]
 [ 4.56378052  1.49537352]
 [ 1.40703932  4.53918071]
 [-1.52936165 -2.99522477]
 [-3.24658569 -2.36177065]
 [ 0.21414587 -1.30964737]
 [ 3.27164147  3.05406391]
 [-0.99808449  1.4231815 ]
 [ 3.88944619 -1.9577824 ]
 [-2.18618989 -0.54554555]
 [-4.25587954  1.92476609]
 [-0.47517471  3.77759141]
 [ 1.2184982   2.97194231]
 [-2.33465279  2.58845388]
 [-4.17267024  0.12087478]
 [-3.55098338 -1.18156092]
 [ 2.19685975 -3.1307096 ]
 [-2.03677733 -4.11837017]
 [ 1.24125908 -4.23056974]
 [ 2.59270569 -1.5702878 ]
 [ 2.23907226  1.15126213]
 [ 0.14716403  0.15692903]
 [ 0.11818186 -3.90438453]]