[[ 4.35723136 -2.67715664]
 [ 4.54511579  0.48724668]
 [-4.93280102 -0.15436816]
 [-2.90432454  3.66266062]
 [ 2.32220561 -3.47032857]
 [ 1.23910814 -0.98117115]
 [-0.68909012 -2.58129024]
 [-3.89642609  2.18303514]
 [-0.71094321  1.9133837 ]
 [ 3.60324333  2.15555004]
 [ 2.01020876  0.87076377]
 [ 0.33617468 -4.76831959]
 [ 1.46241279  3.84328418]
 [ 2.71563678  3.30902617]
 [-1.2088124   3.72484637]
 [-1.63634291 -3.89494966]
 [-1.42586549 -0.70430205]
 [ 1.29377486 -2.79091266]
 [-3.24298051  0.45482552]
 [-3.60893846 -1.6126715 ]
 [ 0.04097005  4.16555389]
 [ 3.36940173 -0.56075818]
 [-0.07502072  0.29133585]
 [-2.96393842 -2.86528351]]