[[-3.76175349  3.53494704]
 [-4.60622614  0.19698817]
 [ 4.88261077 -0.6854001 ]
 [-3.24153201 -3.60801999]
 [-1.82050258  3.30637865]
 [-0.63624285 -0.64219488]
 [ 1.98437633  0.74293932]
 [ 2.3921837  -4.04922451]
 [ 0.51196115  1.64550758]
 [ 3.94342107  1.01336791]
 [-3.21434656  1.33291808]
 [ 2.38217358  4.1038754 ]
 [ 3.36498447  2.42587107]
 [-0.4040075   4.34861569]
 [ 0.67999785 -3.95617593]
 [-3.80718855 -1.4965656 ]
 [-1.52012533  1.21645856]
 [-1.85189491 -2.62646167]
 [ 3.34046992 -2.40372512]
 [ 0.83552938  3.53126914]
 [-0.82081044 -4.18164565]
 [ 0.97879242 -2.08027633]
 [-2.32942846 -0.50887991]
 [ 2.71755817 -1.16056693]]