[[-3.69953901 -3.44123912]
 [-4.26918862 -1.26001938]
 [ 2.12788453 -4.31918981]
 [ 3.50680187  3.27957353]
 [ 1.10266196  4.1739233 ]
 [-2.29836899  1.77736597]
 [ 0.38227235 -1.78423543]
 [-1.0676665  -4.49725673]
 [ 0.84334086  0.0891869 ]
 [ 4.14849735 -0.60332678]
 [-2.48580793 -0.79382088]
 [ 3.73714595 -2.79572026]
 [-4.20006005  0.59076957]
 [ 4.23356729  1.14621215]
 [ 2.71132245 -1.64985556]
 [ 1.72090664  2.77703837]
 [-0.4358961   2.17948921]
 [-0.45586035  4.05675604]
 [-3.61044011  2.65794129]
 [-2.13405103  3.82195696]
 [ 0.3885381  -3.68880853]
 [ 2.69976898  0.70884127]
 [-1.32999966  0.47196863]
 [-1.61582998 -2.89755071]]