[[ 4.84430841 -1.54581097]
 [-4.21440851 -1.91911586]
 [ 2.02192905  4.40076285]
 [ 3.68125917  2.77577468]
 [ 0.25076565  3.44028825]
 [-0.3822477   1.55739454]
 [ 1.51557041 -0.22270756]
 [ 4.35683101  0.92755741]
 [-0.91612597 -2.21213082]
 [ 2.92769183 -2.83225581]
 [-2.27856234  1.94344462]
 [-0.98144066  4.60907337]
 [ 1.7458492  -3.97496032]
 [ 0.0332035  -4.39330059]
 [-1.596754   -4.04525035]
 [-2.9011397  -2.66899791]
 [-0.92239253 -0.14648941]
 [-3.83853068  1.71989581]
 [-4.34139059  0.09321278]
 [ 1.90690814  2.16366179]
 [-2.60763179  3.48001645]
 [ 1.06935701 -2.48721283]
 [-2.52375723 -0.21802331]
 [ 3.15070833 -0.44482681]]