[[-3.2810518   3.79649991]
 [-4.35197168  0.18631581]
 [ 0.79710751  4.73834719]
 [ 4.05058513  2.71479466]
 [ 0.49688129  2.3712284 ]
 [ 2.58684721 -0.22668645]
 [-1.79665717  0.32370803]
 [-3.98827705  1.76301725]
 [-0.15246883 -1.80951221]
 [-3.85154264 -1.34709463]
 [ 4.13858237 -0.04204772]
 [-1.11077981  4.26458347]
 [ 2.51832005 -3.63341597]
 [-1.95779362 -3.97147299]
 [-3.29476083 -2.82831418]
 [ 3.97334759 -1.89200417]
 [ 0.84415544  0.12649774]
 [ 3.04799904  1.49273139]
 [ 2.05248507  3.24937629]
 [-0.25021367 -4.03519806]
 [-1.72531734  2.2569012 ]
 [-1.98900004 -1.80360714]
 [ 2.18586165 -1.71124676]
 [ 1.05766213 -3.98340104]]