[[ 4.72119379  2.04870387]
 [-1.56735297 -4.26988266]
 [-3.30730626  3.70608702]
 [ 4.17980997 -2.31298911]
 [ 2.61532111  2.27563938]
 [ 0.60323017  2.56130794]
 [-0.57487032 -1.6999012 ]
 [ 2.17837464  4.07559845]
 [-2.28504509  0.29956877]
 [-4.37156602  0.19710967]
 [-1.28792139  3.23806882]
 [-0.0135037   4.72090706]
 [-4.1336307  -1.69050388]
 [ 2.45608245 -3.30598367]
 [-2.82972688 -3.08472353]
 [-3.39224639  1.9449158 ]
 [ 0.75494563  0.66918035]
 [ 1.54850018 -1.3194442 ]
 [ 3.64883845 -0.76809684]
 [ 3.48621724  0.53702578]
 [ 1.14277654 -4.11569569]
 [-2.66517947 -1.39923188]
 [-0.87133054  1.56483978]
 [-0.03561041 -3.87250003]]