[[ 4.78856564  1.57644236]
 [-4.18206607 -1.73509463]
 [ 2.84333844  3.97846759]
 [ 1.04081123 -4.68610539]
 [ 0.87594155  3.90736922]
 [-1.11732009  1.54555232]
 [-0.30255168 -1.52545397]
 [-1.29366394 -4.4724107 ]
 [ 1.91065976 -0.82359553]
 [-4.06289897 -0.24342093]
 [-1.8165619  -0.01514932]
 [ 4.49093608 -0.40068931]
 [-3.02040602 -3.01064308]
 [ 3.69168955 -2.02152245]
 [-4.06742082  1.18734483]
 [ 1.01053802 -2.99032261]
 [ 0.39729739  2.01547708]
 [ 2.70275407  1.97881409]
 [-2.05251706  3.51720131]
 [ 2.65693587 -3.04080858]
 [-0.90095526  4.31426666]
 [-1.66009857 -2.53014501]
 [ 1.38167731  0.75191268]
 [-3.31468452  2.7225134 ]]