[[-0.86505543  4.99694027]
 [-2.82608888  3.35285247]
 [-4.44339683  2.0000406 ]
 [ 4.81702263  0.61598908]
 [ 3.80290791 -1.26486491]
 [ 0.90744232  1.08622671]
 [-1.7633879   2.04107401]
 [ 2.47431372 -4.0086368 ]
 [-0.18233274  2.85977591]
 [ 0.84803076 -3.84679793]
 [-1.96282017 -0.41695986]
 [ 1.69565938  4.40089932]
 [ 3.49463955  2.37810388]
 [-2.29845041 -3.82105072]
 [-3.3128712  -2.56403651]
 [-0.45871469 -4.06414019]
 [-0.27235048 -0.05620937]
 [ 1.97117631  2.74248902]
 [ 3.15495857 -2.44260825]
 [ 3.1755805   0.27659477]
 [-4.21126292 -1.01800234]
 [-1.04714577 -2.45976611]
 [ 1.18445336 -1.11524372]
 [-3.88230756  0.32733067]]