[[ 0.60871445  4.97258041]
 [-1.19410162  4.0588822 ]
 [-4.2627859   2.47989738]
 [-2.77333266 -3.90814475]
 [ 2.0893843   1.59638107]
 [ 0.43275109 -3.51866719]
 [ 0.16466337  2.2490935 ]
 [ 3.76958594  2.636514  ]
 [-0.87237208 -0.72962267]
 [-3.87782555 -1.83464963]
 [ 2.58390861 -2.64843769]
 [ 2.23581995  3.81999435]
 [-4.2252803  -0.28695877]
 [-2.51761585  3.05821842]
 [-3.37189926  0.88803319]
 [ 1.82512228 -4.07422317]
 [ 0.74014655 -1.97231472]
 [ 3.70717679 -2.02287321]
 [ 3.95825508  0.78924112]
 [ 4.184601   -0.49222725]
 [-1.12840918 -4.01884859]
 [-2.41426109 -1.72097824]
 [ 1.68094848 -0.5812652 ]
 [-1.34319439  1.26037545]]