[[-4.07443804 -2.98245285]
 [ 3.49981788 -2.68328971]
 [-0.3318888  -4.85269561]
 [-4.46198352 -0.87149123]
 [ 2.33499477  3.69796585]
 [-2.23003859  1.00869634]
 [ 1.68709499  0.90705688]
 [ 1.88670743 -4.20042029]
 [-0.90722803  2.71268197]
 [-2.2286485   3.81331007]
 [ 1.028245    3.17648103]
 [ 4.62246932 -0.93313777]
 [-3.48422631  2.58891529]
 [-4.18888428  0.92566672]
 [ 1.59417391 -2.62967553]
 [-0.05861565  4.3919995 ]
 [-0.19118817  0.97598772]
 [ 2.8464877  -0.45536318]
 [ 3.51834469  2.48351545]
 [ 4.00797037  1.15321266]
 [-2.31064467 -2.94320836]
 [ 0.16982127 -1.52344937]
 [-1.64880464 -0.43706392]
 [-1.07953813 -3.32324167]]