[[-2.82826831 -4.14971274]
 [ 4.53006525 -0.42727627]
 [-0.16172625 -4.87953415]
 [ 4.4591346   1.6066113 ]
 [-1.39328718 -2.52280804]
 [ 1.21266548  2.06451574]
 [ 2.12186802  0.10664448]
 [-3.80479158 -2.22569093]
 [ 0.52126065 -1.12651001]
 [ 3.12829449 -2.78894306]
 [-2.05344181  2.18038882]
 [-4.65513258 -0.41920532]
 [ 0.44866182 -3.36697336]
 [-3.69232918  2.56788707]
 [-3.71889199  0.82236163]
 [ 0.08887924  4.36833569]
 [-0.51743244  0.77761351]
 [-1.81557502  3.89411157]
 [ 2.01084261 -3.50024682]
 [ 1.90056003  3.8606805 ]
 [ 3.24000212  2.53235111]
 [-2.18190243 -0.82216419]
 [-0.30144574  2.68125674]
 [ 3.4619902  -1.23369329]]