[[ 3.49993933  3.79086149]
 [-3.77329878 -2.28836249]
 [-4.60360047  1.17615706]
 [-0.89573698  4.70502884]
 [ 0.10222184  3.22627836]
 [ 2.24505423  1.76298913]
 [-1.89610766 -0.4136305 ]
 [-3.55805831  2.85346121]
 [ 0.80881685 -1.6641697 ]
 [-2.01545177  3.01365815]
 [ 3.88169856 -0.23053693]
 [-4.39626628 -0.62541622]
 [-2.53251924 -3.40810366]
 [ 3.09109265 -3.0566035 ]
 [-1.45093413 -2.1167046 ]
 [ 4.03819092  1.30797431]
 [ 0.63480503  0.85480609]
 [ 3.81055087 -1.58286783]
 [-0.91711769 -3.96904816]
 [ 1.46330483  3.67562807]
 [ 0.55870656 -4.30080033]
 [-1.88860717  1.11918552]
 [ 2.11774106 -0.08701241]
 [ 1.67557577 -3.74277188]]