[[ 1.97557096 -4.73781287]
 [ 1.47276212  4.12375455]
 [ 4.58112379  1.67094449]
 [-2.84652527 -3.93914505]
 [-0.39298829 -4.15951126]
 [-1.368287   -2.67762896]
 [-1.58736203  1.44316393]
 [ 3.03114206  3.36982666]
 [ 0.55444281  1.08595082]
 [-4.34989621 -0.31051836]
 [-2.41583383 -0.7943383 ]
 [ 4.02535499 -2.34819853]
 [-3.43430238  2.55582341]
 [ 4.12356694 -0.32641099]
 [-0.24884672  3.04792106]
 [ 2.5324421   1.39697766]
 [ 0.45769319 -2.36863685]
 [-3.51799749 -2.0295914 ]
 [-3.98213698  1.03947311]
 [ 2.22663665 -2.77526623]
 [-0.56770984  4.41944507]
 [ 2.29323506 -0.40781251]
 [-0.41110487 -0.99559146]
 [-2.15097974  3.71718201]]