[[-3.77146418 -3.44177425]
 [ 4.17352763  1.84801242]
 [ 1.042115    4.79465049]
 [ 4.80669989 -0.34931409]
 [ 0.46531142 -4.17445734]
 [ 1.74215118 -0.057509  ]
 [ 2.36559821  1.76305608]
 [-2.32378864  4.06533   ]
 [ 0.58254618  2.05009507]
 [-0.59417056  3.82770785]
 [ 3.16715527 -0.99232369]
 [-4.63258911 -0.69427533]
 [-3.90259666  1.08937925]
 [-3.42458251  2.52517805]
 [-1.42626128 -4.01264622]
 [ 2.58844029  3.21559773]
 [ 1.34133831 -2.07454732]
 [-1.29693249 -2.59849634]
 [ 3.42530202 -2.78086075]
 [ 2.07468968 -3.79746651]
 [-3.0854362  -1.38451492]
 [-1.98123094  0.26473808]
 [ 0.11971291 -1.08301408]
 [-1.45553541  1.99745483]]