[[ 4.21081952 -2.90848836]
 [-3.31402999  2.82553927]
 [-3.19860017 -3.72173613]
 [-1.98605109  4.37515917]
 [-4.08594202 -0.54555543]
 [ 2.27421634  1.99667197]
 [-1.44989468  1.24892245]
 [ 1.67939666 -4.36182368]
 [-0.01332266 -0.79363071]
 [ 0.38179644 -3.49937929]
 [-0.64753846  3.16681311]
 [-4.53274737  1.28114257]
 [ 3.55137883 -1.17689888]
 [-1.09062065 -4.17066619]
 [ 2.08836681 -2.46182491]
 [-2.65393073  0.23654756]
 [ 1.55403489  0.36728871]
 [ 2.2693486   3.61444648]
 [ 0.58563274  4.35612879]
 [-3.3224655  -1.80995053]
 [ 4.05602438  1.89297081]
 [-1.12972564 -2.34824739]
 [ 0.58648213  2.0086401 ]
 [ 4.1873716   0.42793053]]