[[-4.06229315 -3.02531048]
 [ 4.07910451 -2.00121076]
 [ 4.91233445  0.20272463]
 [-4.45539006  1.72662803]
 [ 2.33118163  3.74397506]
 [ 2.1164653   0.84607004]
 [-1.8542526  -1.18450006]
 [-2.84808794  3.68663571]
 [ 2.70397397 -0.70868529]
 [ 2.6688973  -3.36504162]
 [-0.37938581  0.48188399]
 [-2.18361179 -3.96646695]
 [-0.414299   -4.11898976]
 [-3.91901247 -1.13932412]
 [-2.49491653  1.94299947]
 [ 3.69105047  2.09422039]
 [ 1.81947009  2.26891243]
 [-0.46223847 -2.02634457]
 [ 0.49655711  4.34330552]
 [-0.93242545  3.97940822]
 [-3.48195234  0.22756053]
 [ 1.45638879 -2.10094597]
 [ 0.11999716  2.13867065]
 [ 1.09244483 -4.04617511]]