[[-3.48584264 -3.74780018]
 [ 3.96043677 -2.37746758]
 [ 4.60883453  1.77534827]
 [-1.55599215  4.43688232]
 [-4.12409304  0.49980257]
 [-2.60615221 -0.80796351]
 [ 1.69499643 -2.22305768]
 [ 0.45290199  4.59270819]
 [-0.05150088  2.1343935 ]
 [-1.65300101 -2.92745923]
 [ 0.44074478  0.01823762]
 [-4.46370887 -1.44390479]
 [ 2.92808347  2.98127629]
 [-2.4892333   3.23538155]
 [ 4.18895491 -0.2522531 ]
 [-3.62729806  1.97325399]
 [-1.89303102  0.99848333]
 [ 2.44844881 -0.82350862]
 [ 0.53521548 -4.02860612]
 [-0.72988506 -4.13009245]
 [ 1.56677359  3.44906623]
 [ 2.51965454  1.23028523]
 [-0.9804547  -0.90486885]
 [ 2.31514764 -3.65813697]]