[[-5.06760662  0.95692886]
 [ 2.95955605  3.34929876]
 [ 4.82544038 -0.66882312]
 [ 3.69992762 -3.01724974]
 [-3.09415479 -2.71684759]
 [-0.57639128  0.48550775]
 [ 2.51972639 -1.24167862]
 [ 4.22042004  1.87240032]
 [-2.56990209 -0.30796974]
 [ 1.9744406  -3.23747215]
 [ 1.39234344  1.22397847]
 [-1.62963924  4.40909226]
 [-2.04449876 -3.76103471]
 [-3.00230361  3.02409562]
 [-4.04705313 -1.34380964]
 [-3.13389436  1.35540281]
 [ 0.46143442 -1.1715753 ]
 [ 3.05652191  0.48936834]
 [-0.52141611 -4.18847205]
 [ 0.78754779 -4.10700026]
 [ 0.42621014  4.24164723]
 [-1.00853838  2.45962177]
 [-1.0399797  -1.65519395]
 [ 1.4118093   3.54978469]]