[[ 4.67152789 -1.88650459]
 [-1.32123453 -4.4979763 ]
 [ 2.82629005 -3.96280344]
 [ 3.83655788  2.57020945]
 [-2.53216344 -1.1535529 ]
 [-1.06051041 -2.69793168]
 [ 0.51962538  2.09543512]
 [ 2.38315286  3.93656815]
 [-2.35665746  0.76504808]
 [-0.82567619  4.07450362]
 [-2.71540761 -2.91598852]
 [ 4.50742786  0.5695779 ]
 [ 3.00527419 -0.69648222]
 [-2.43022077  3.81624746]
 [-3.80978558  2.19097041]
 [ 1.84774629 -2.4859405 ]
 [ 0.00720802 -1.50891798]
 [ 2.32096323  1.1121694 ]
 [ 0.61764873 -4.04075018]
 [ 0.76177871  3.86333252]
 [-4.44136907  0.09637762]
 [-1.89955662  2.3469618 ]
 [ 0.27648027 -0.07191274]
 [-4.18909967 -1.5186405 ]]