[[-0.45018597  5.15072403]
 [ 3.50911485  2.95176532]
 [-1.5744932  -4.58511012]
 [-4.48267337  1.64209268]
 [-2.61564156 -1.62909378]
 [-1.79697307  1.56749526]
 [ 2.34952658  0.16963015]
 [-3.20116156 -3.24571421]
 [ 0.97420697 -1.15221619]
 [ 4.03661658  1.15220556]
 [ 1.64811037  2.33192027]
 [-4.57975914 -1.0525655 ]
 [ 1.73823691 -3.60110741]
 [ 3.83250093 -1.89752563]
 [ 0.47350664 -4.19232126]
 [-1.17262942  3.47101706]
 [ 0.03500633  1.71505579]
 [-3.22786539  0.23219497]
 [-2.89802036  3.12389481]
 [ 1.37345985  3.89309345]
 [ 4.28539843 -0.46848906]
 [-0.39604739 -2.70397607]
 [-0.85599382 -0.00742808]
 [ 2.9957598  -2.86554205]]