[[ 4.48007845  2.54411475]
 [-4.58459054 -0.62736123]
 [-1.95070621 -4.52777504]
 [ 0.82152011  4.72551231]
 [ 2.89007651  1.49016883]
 [-0.74774654 -0.78495234]
 [ 0.72062542 -2.1498128 ]
 [ 2.86621105 -3.65342547]
 [-2.60260778 -0.03275373]
 [-2.7721797  -2.97703604]
 [ 0.62079423  2.45861738]
 [-2.38157218  4.16383115]
 [-4.15577803  1.18172225]
 [-0.41800613 -3.95124144]
 [ 1.0831595  -3.95384536]
 [-2.96142837  2.48318618]
 [-1.0313277   1.31479703]
 [-0.81379983  3.50269327]
 [ 3.65331005 -2.01552944]
 [ 2.2937741   3.22466287]
 [ 4.27383296 -0.17061735]
 [-3.13533662 -1.79718008]
 [ 0.81986618  0.38028886]
 [ 3.03183108 -0.82806456]]