[[ 0.67100428 -5.08943485]
 [-1.4579965   4.1112097 ]
 [ 0.3554552   4.84520351]
 [ 3.14901043  3.56465488]
 [-1.61555098 -4.05720448]
 [-2.13738812 -2.61587825]
 [ 1.27102205 -2.77298386]
 [ 4.23341001 -2.03541086]
 [ 0.83623282  0.06768588]
 [ 2.72807447 -3.19674852]
 [-3.46523315 -2.29729484]
 [-4.79450117  0.33869862]
 [ 2.55667161  1.75532627]
 [ 1.36261593  3.30822909]
 [-3.61760424  1.9562471 ]
 [-2.11633549  0.89462099]
 [-0.5168467  -2.51128802]
 [-3.64965567 -0.84539428]
 [-2.66484886  3.04610681]
 [-0.42625916  2.23107988]
 [ 4.12827009  1.25819597]
 [ 2.37952874 -1.01233909]
 [-1.27083615 -0.88371759]
 [ 4.06176055 -0.05956406]]