[[-0.23211948 -5.07800957]
 [ 2.45748655 -3.81649135]
 [-0.6909615   4.90683615]
 [-3.96168783 -2.49813699]
 [ 0.98519532 -3.15263678]
 [-0.27476305  2.1068889 ]
 [ 1.74980076  2.73485378]
 [ 4.71104678 -0.46585078]
 [ 1.74209025  0.83890613]
 [ 3.41801236 -2.33038916]
 [ 0.74253488 -1.24075519]
 [-2.43559934 -3.86976511]
 [-3.85734827  2.1886545 ]
 [-4.32617589  0.49106472]
 [-3.70291004 -0.7994958 ]
 [ 2.98286346 -0.78693898]
 [-0.86010303  0.525264  ]
 [-1.02418507 -2.8077964 ]
 [ 1.07726392  4.11071688]
 [-1.90147998  3.58808448]
 [ 4.01938391  1.5078776 ]
 [-2.56949879  1.94007268]
 [-1.41001196 -0.90199839]
 [ 3.36116603  2.80904468]]