[[ 2.50196251 -4.44203716]
 [-1.55212036 -3.76365498]
 [-0.15924067 -4.75602555]
 [-3.36278348 -3.35708068]
 [ 4.17665921 -1.18100254]
 [ 1.48289305  1.13491311]
 [-1.29693067  0.51141764]
 [-3.07952549  3.57646682]
 [-0.81886749 -1.35810494]
 [ 3.28300677  2.28485587]
 [ 1.05708625 -2.7035112 ]
 [ 2.91782515  3.7602696 ]
 [-4.11270014  0.53349998]
 [-1.23060694  4.11416252]
 [-3.64913256  1.83845833]
 [ 4.23878007  0.68060545]
 [ 2.68057021 -0.11952506]
 [ 2.97795018 -2.41926145]
 [ 0.9000166   4.20790441]
 [ 0.52032456  3.02590285]
 [-4.09346336 -1.11011413]
 [-1.76183227  2.12144858]
 [ 1.26524974 -0.87456737]
 [-2.88512089 -1.70502009]]