[[ 3.05439525  4.14808831]
 [ 4.28597623  1.35183311]
 [-4.46317824 -1.81735518]
 [-4.67794496  0.45452388]
 [ 0.30369841  4.22162124]
 [-0.91342543 -0.28357646]
 [ 0.47065378 -1.93884046]
 [-1.43481579 -4.29451753]
 [ 1.28801297  0.51791863]
 [ 4.22113101 -0.44505782]
 [ 0.92907376  2.80152995]
 [-2.95298884 -3.35731989]
 [ 3.78970999 -2.07580694]
 [-2.80718162  3.34224108]
 [ 2.74880873 -3.13290103]
 [-3.49023557  1.8882891 ]
 [-2.19380731  0.70218049]
 [ 2.6101779   2.20202831]
 [-1.32904849  4.03067214]
 [-2.58064208 -1.47131958]
 [ 0.0970167  -3.98497047]
 [ 2.53519507 -0.79250783]
 [-0.83449484  1.90131395]
 [ 1.34391338 -3.968067  ]]