[[ 2.53695992  4.44100547]
 [ 2.95702637 -3.61695082]
 [-0.57489307  4.74468211]
 [-4.45802399  1.61558863]
 [ 4.03818262  0.86667868]
 [ 1.50627967 -2.20129954]
 [-2.624185    0.35665138]
 [-4.60241476 -0.64267674]
 [ 1.96242919 -0.12723608]
 [-0.79399291 -4.18960916]
 [-0.1443538  -0.15979339]
 [-2.24705471  3.91984151]
 [-2.93837932  2.31623315]
 [-2.29715901 -3.73999894]
 [ 0.81648452 -4.2616782 ]
 [ 0.63600925  3.30110217]
 [-0.11120772 -1.99379877]
 [ 3.35296516 -1.85551212]
 [ 4.32838379 -0.63611997]
 [ 1.73275793  1.99627811]
 [ 3.41122202  2.31848434]
 [-2.37130007 -1.56584495]
 [-0.62742879  1.5239133 ]
 [-3.4883073  -2.40994017]]