[[ 4.94000281 -1.43907304]
 [ 4.16222396  1.11680372]
 [-3.33864276  3.66987609]
 [ 3.71550858  2.84939594]
 [ 3.23278447 -0.62251339]
 [ 1.02477715 -0.67693101]
 [-2.96295438 -0.21942408]
 [-1.01157103 -4.58631307]
 [-1.84523527  2.00802301]
 [-4.47330902 -0.04964878]
 [ 0.43563924  2.34208649]
 [ 0.66224997  4.66638823]
 [-3.8781886  -2.126992  ]
 [-2.57287101 -3.47660278]
 [ 0.46469106 -4.02696497]
 [-3.52431364  1.71132939]
 [ 1.7113497   0.93603861]
 [-0.05708339 -2.27123751]
 [ 2.20610871 -3.621209  ]
 [ 2.89876122 -2.51854475]
 [ 1.9531003   3.55383285]
 [-2.16263012 -1.74625169]
 [-0.52683896  0.56718986]
 [-1.05355898  3.96074188]]