[[-5.01293532 -1.03377116]
 [ 3.50846769  2.87658916]
 [ 4.81747703  0.92168911]
 [-3.25827499  3.58291352]
 [-1.49147101  2.75824768]
 [-1.24902127  0.44569859]
 [ 2.28642906 -0.65393543]
 [ 3.77925731 -2.69956771]
 [ 0.68695978  1.30501699]
 [ 1.92067592  3.47882548]
 [ 1.44159221 -2.32978197]
 [ 1.96273317 -4.33816069]
 [-4.03786456  0.80380307]
 [-0.89545771 -4.33485409]
 [-0.76225726  4.19104599]
 [-3.03015581  1.67394377]
 [-0.40127473 -1.28552024]
 [ 0.27730093 -3.46817329]
 [-3.37735053 -2.37766918]
 [-2.34153009 -3.36479976]
 [ 0.79984959  4.15194341]
 [ 2.46901965  1.39192968]
 [-2.04864393 -1.02086128]
 [ 3.95647489 -0.67455163]]