[[ 1.52143122  4.92871936]
 [-0.32248201 -4.52337397]
 [ 4.80725378  0.01507742]
 [ 4.13475064  2.20957745]
 [-1.02524299  3.97088025]
 [ 1.74997178  1.20439699]
 [-1.37241266 -2.21180767]
 [ 4.08056647 -2.1227    ]
 [-1.88738266  0.89957306]
 [-4.17140577  0.80813605]
 [ 2.69201739 -0.13590853]
 [ 2.15507364 -4.21196773]
 [-3.55377351 -2.58835552]
 [-3.70383575  2.32120713]
 [-4.31132139 -0.82115976]
 [ 2.41368456  2.88652729]
 [ 0.51447379 -0.56055568]
 [ 0.33485824  3.27916054]
 [ 2.46416652 -2.42242284]
 [ 0.75063455 -2.96520792]
 [-2.51178527  3.32401827]
 [-2.73443144 -0.86117061]
 [-0.01231521  1.31067873]
 [-2.01249391 -3.7333223 ]]