[[-2.19356421  4.61756582]
 [-3.41468639 -2.77046986]
 [-4.61993175  1.51172803]
 [-4.54659897 -1.10682138]
 [ 3.32524277 -2.37500253]
 [ 0.69608635 -0.0974824 ]
 [-1.78223785 -1.888528  ]
 [-2.05887863 -4.19284346]
 [-1.32421062  0.22972276]
 [-2.93701655  2.46244664]
 [ 1.10767703  1.91357844]
 [ 1.5411112   4.43065894]
 [-0.06279718  3.87491923]
 [ 3.07514492  3.1666921 ]
 [-0.46279803 -3.93091225]
 [ 4.20633824  0.57175633]
 [ 0.5366975  -1.79585509]
 [-3.06685836  0.13545662]
 [-1.21599052  2.53947245]
 [ 1.05591699 -4.02757906]
 [ 4.25897456 -1.24388469]
 [ 3.16060436  1.76546651]
 [ 2.26982848 -0.34897892]
 [ 2.45194667 -3.44110621]]