[[ 4.53696512  2.28300858]
 [ 4.32321689  0.21238775]
 [ 3.91045498 -2.97938296]
 [-4.05210644  2.56285719]
 [-4.01063769 -1.31678832]
 [-2.64802275  0.34602111]
 [ 1.4763912  -0.72956573]
 [-2.10699825  4.19897147]
 [-1.96727861  2.15906459]
 [ 2.06816009 -2.86033792]
 [-0.37304208 -2.39038908]
 [ 1.2417138  -4.51427978]
 [-3.31152533 -2.8022792 ]
 [ 1.65901157  3.92025128]
 [ 3.51315379 -1.18252145]
 [-0.26982728  2.66283236]
 [-0.4570376   0.52647376]
 [-1.9925121  -3.40092291]
 [-0.6989224  -4.22011529]
 [-4.29183744  0.31128897]
 [ 2.54842116  2.92247057]
 [ 2.25129879  0.98444071]
 [-1.45889265 -0.93908917]
 [ 0.10985323  4.24560346]]