[[-0.3519763   5.11970634]
 [-4.31340869  1.16075593]
 [ 4.92290989  0.51810677]
 [-3.63100832  3.0476089 ]
 [-1.91709243 -3.89182128]
 [-2.89498086 -0.89552366]
 [-2.00355995  1.44615417]
 [ 2.43396401 -4.04329811]
 [ 0.95275716  0.22316499]
 [-1.79641385  3.32830803]
 [ 1.21349406 -1.89362945]
 [ 3.63877928  2.90391705]
 [-0.114312    3.14590674]
 [ 0.18388034 -4.49744945]
 [ 1.75031584  2.20971494]
 [-4.26990245 -0.8410044 ]
 [-1.57471456 -1.82819738]
 [-3.27798853 -2.76890262]
 [ 3.17219053  0.56215305]
 [ 3.18564706 -2.45656862]
 [ 1.82388419  3.74597927]
 [ 0.09492804 -3.0575014 ]
 [-0.98829037 -0.18805859]
 [ 3.7608979  -1.04952121]]