[[ 1.97957569 -4.74070012]
 [-4.28654441  1.35604603]
 [ 2.78324769  3.99208521]
 [-3.45706204  3.3766397 ]
 [-2.01876658  2.8634995 ]
 [-2.06411564  0.90580952]
 [ 0.91577471 -1.28998278]
 [ 4.14702424  2.05745961]
 [-0.42279736 -2.23665453]
 [-3.84429156 -2.00361719]
 [ 2.15379707  1.77473392]
 [ 4.39105867 -1.83834976]
 [ 4.04920688  0.31612074]
 [-1.79088431 -4.07624572]
 [ 2.4672743  -2.93890689]
 [-2.66100715 -2.71671462]
 [-1.77463196 -0.53558503]
 [ 2.85787951 -0.99345475]
 [-4.1527453  -0.42257204]
 [-0.0965281  -3.97686448]
 [ 0.71672381  4.18059057]
 [ 0.12996338  2.22469666]
 [ 0.69380867  0.51317208]
 [-0.71596022  4.20879436]]