[[-0.67605375 -5.1136514 ]
 [ 4.42867087 -0.55551069]
 [ 4.64360029  1.54592838]
 [ 0.07578676  4.76721376]
 [-4.19746904 -0.05293255]
 [-1.72823698  0.49338804]
 [-0.90963146  2.32043639]
 [ 2.32983948  4.01718907]
 [ 2.08419741 -0.5544382 ]
 [-3.95495875  1.66010913]
 [ 1.84420727  0.90333318]
 [ 2.95127275 -3.68799363]
 [-1.86739792  3.86298179]
 [-2.92561982 -3.20293877]
 [-3.13037605  2.86991158]
 [ 3.3333313  -1.98459387]
 [ 0.76096057 -1.94374598]
 [-2.45105704 -1.21087004]
 [ 0.9973394  -3.82321885]
 [-3.92636658 -1.7820301 ]
 [-1.07631317 -3.22300969]
 [ 0.59973903  2.88440716]
 [-0.22198058 -0.4795364 ]
 [ 3.01651599  2.2895717 ]]