[[ 4.85954651 -1.60569998]
 [ 3.17719145 -2.94836306]
 [-4.44784382 -2.0323641 ]
 [-3.65870748  3.2273652 ]
 [-2.95846949  1.77712634]
 [ 0.29078418 -0.57212994]
 [ 2.2086485  -0.7648963 ]
 [-0.37736211 -4.68254358]
 [ 0.38377888  2.1874435 ]
 [ 4.01244449  1.73046431]
 [-1.29120309 -2.79352576]
 [-2.8054849  -3.74940405]
 [ 2.55167145  1.93195164]
 [-0.41718616  4.39432448]
 [ 1.19292053  4.09310401]
 [-1.7232131   3.35630587]
 [-0.92671387  0.84019151]
 [ 0.65430356 -2.82710856]
 [-4.29357534  0.54015263]
 [ 3.66260163 -0.03172673]
 [ 1.80121096 -3.86165385]
 [-3.06712976 -0.38497444]
 [-1.56461574 -1.14361604]
 [ 2.73640273  3.31957691]]