[[  3.93649225e+00  -3.22896362e+00]
 [ -4.26046646e+00   1.70487406e+00]
 [  2.75238098e+00   4.03113778e+00]
 [  6.02672388e-02   4.72341400e+00]
 [ -2.68362325e+00  -3.46071911e+00]
 [ -2.65995294e+00  -9.94237687e-01]
 [  2.06441738e+00   4.57444226e-01]
 [ -2.54083630e+00   3.96979099e+00]
 [ -1.01783011e+00  -3.28744171e+00]
 [  3.37792994e+00   2.18461053e+00]
 [  9.00199619e-01  -2.07103347e+00]
 [  1.85743345e+00  -4.19468910e+00]
 [  4.16966408e+00  -6.56865801e-01]
 [  4.01911449e-02  -4.40579507e+00]
 [  4.13624104e+00   9.15597926e-01]
 [ -3.79659970e+00  -2.07908890e+00]
 [ -1.31420769e+00   6.56385623e-02]
 [  3.99039971e-01   1.22329507e+00]
 [ -2.73833225e+00   1.99216909e+00]
 [  9.66297686e-01   3.10116738e+00]
 [ -4.31056493e+00  -1.94799770e-03]
 [  2.73090873e+00  -1.48197718e+00]
 [ -8.65643885e-01  -1.58993794e+00]
 [ -1.20340598e+00   3.08355796e+00]]