[[ 4.13414836  3.05128788]
 [ 1.810974   -4.22761888]
 [-1.28304716  4.62609089]
 [-3.14076067  3.47934669]
 [-1.62125836 -3.90428334]
 [-2.12033444  0.89667767]
 [ 2.56407798 -1.11171085]
 [ 4.48723107 -1.4004516 ]
 [ 0.85104994 -0.2677494 ]
 [-0.01072319 -4.22854691]
 [ 0.26361815  2.54553223]
 [ 1.05017422  4.52038755]
 [-4.16865232 -0.02954461]
 [-4.05736094 -1.4916534 ]
 [ 2.9954637  -2.90959326]
 [-1.72069038 -2.29450757]
 [-1.17992063  2.02568297]
 [ 2.43734667  1.25656116]
 [ 4.0708327   0.63030685]
 [ 2.157687    2.94578618]
 [-3.99316387  1.57694624]
 [ 0.8124325  -2.56128944]
 [-1.03331749 -0.35565879]
 [-3.30580683 -2.77199827]]