[[-5.03987456 -0.63757787]
 [ 3.02427547 -3.34487403]
 [-2.39163094 -4.13721349]
 [ 0.18497005 -4.74203193]
 [ 0.24844465  4.38256183]
 [-0.34167999  1.28614946]
 [-2.1947134   1.36327335]
 [-4.18036307  2.02454577]
 [ 0.51538247 -1.37432442]
 [-3.21530191 -0.13087375]
 [ 0.8241418   3.02842672]
 [-3.67780287 -2.47922105]
 [ 2.49234927  3.69426205]
 [ 4.47320566 -0.41126907]
 [-1.8456143  -1.43720948]
 [ 3.48060052  2.40048258]
 [ 1.40205413  1.27139766]
 [-2.47668747  3.15181594]
 [ 3.60963266 -1.77080635]
 [-1.29296843  3.98077084]
 [ 1.41474534 -3.54979273]
 [ 3.69950661  0.85855847]
 [ 1.89489489 -0.23583522]
 [-0.60756657 -3.19121529]]