[[  4.85472279e+00   1.57051415e+00]
 [  4.04860609e+00  -4.21807469e-01]
 [  2.91853258e+00  -3.76211260e+00]
 [  4.06815666e+00  -2.07724852e+00]
 [ -1.96907967e+00  -2.97973227e+00]
 [ -3.53146127e-01  -7.81117730e-01]
 [  1.74037301e+00  -1.67430701e+00]
 [  9.97331621e-01  -4.48306154e+00]
 [ -1.87957228e+00   1.37052569e-02]
 [ -3.45809277e+00  -2.72131088e+00]
 [ -1.85261847e+00   1.87643199e+00]
 [ -6.66096511e-01   4.79721670e+00]
 [ -3.09819728e+00   3.13103108e+00]
 [ -4.11213022e+00   1.58042470e+00]
 [ -4.26955770e+00  -3.40362372e-04]
 [  1.01096819e+00   3.74942244e+00]
 [  1.72298062e+00   4.16057325e-01]
 [ -9.16559803e-01   3.23126270e+00]
 [  2.51061730e+00   3.44927772e+00]
 [  2.99921767e+00   2.05690730e+00]
 [ -1.18557792e+00  -4.22972674e+00]
 [  9.19011807e-02  -2.78073433e+00]
 [  5.15825822e-01   1.47917310e+00]
 [ -3.71860478e+00  -1.43992500e+00]]