[[-3.86129996 -3.27184993]
 [ 4.54635051  0.98232994]
 [-4.77279472 -0.75794221]
 [-1.44163327 -4.44613509]
 [-3.44459811  0.51448271]
 [-0.61218109  2.09114575]
 [-1.84434595 -0.02250058]
 [ 1.72717013 -4.37143281]
 [ 2.62769199 -0.77978446]
 [ 0.05053911 -3.68626098]
 [ 2.94463309  1.09429713]
 [ 4.52326298 -1.4225433 ]
 [-2.8794086   3.03188744]
 [-0.07646039  4.4161147 ]
 [-3.81320344  1.90700606]
 [ 1.61753025  3.88893256]
 [ 0.60309664  0.6244005 ]
 [-0.62365209 -1.57646453]
 [-1.51872366  3.94331648]
 [ 3.11116504  3.05957615]
 [-2.43767009 -2.33638379]
 [ 1.26811605 -2.08724941]
 [ 1.33325318  2.09432158]
 [ 2.97316241 -2.88926393]]