[[-3.6632583   3.59160961]
 [-4.58542635  0.72322512]
 [-0.7861578  -4.92346076]
 [ 3.9205784   2.67334006]
 [-1.41605258  3.37447384]
 [-1.61213241 -0.43276816]
 [ 2.18502016 -0.19499678]
 [ 4.09163897 -2.29913465]
 [ 0.04771023 -1.40127098]
 [ 2.48656977 -3.53379213]
 [-2.50066067  1.74978095]
 [-0.41170519  4.72203865]
 [ 3.94007366  0.86936841]
 [-1.49880159 -3.37166511]
 [ 4.07394248 -0.63643433]
 [-3.80013348 -1.56600554]
 [-0.6287285   1.31923015]
 [-3.38839127 -0.06377438]
 [ 2.30648634  3.31353313]
 [ 1.07200871  3.72871184]
 [-2.9919426  -3.07688551]
 [ 1.80892046 -2.21901096]
 [ 0.83473857  1.48558297]
 [ 0.51570298 -3.83169546]]