[[-4.40179054 -2.60605946]
 [ 4.29711319 -1.65971517]
 [-4.81762654  1.04555179]
 [ 0.42163708 -4.70150068]
 [ 3.54407695 -0.07356793]
 [-1.91692418  0.41956703]
 [-1.0810698   2.61803724]
 [ 2.39619562 -3.9489341 ]
 [ 1.93684931  1.4600056 ]
 [-2.56328251 -2.9519948 ]
 [ 0.52986424 -2.44482572]
 [ 4.54923612  1.32680994]
 [-0.48090587  4.4162526 ]
 [ 1.75502217  4.14872984]
 [-1.24845902 -3.90065057]
 [-3.21978162  2.05917605]
 [-0.14624292  0.41480644]
 [-1.41863012 -1.70088015]
 [-2.55285439  3.57554083]
 [-3.66578457 -0.44368398]
 [ 3.27632148  2.73924217]
 [ 0.70681335  3.06059684]
 [ 1.1921257  -0.62730041]
 [ 2.90809688 -2.22520338]]