[[ 4.54597233 -2.30946477]
 [-1.85455211 -3.89208413]
 [-4.76993648 -1.17960415]
 [ 2.6369499  -3.84067437]
 [-2.47148123  3.46738913]
 [-0.91899531 -1.85911768]
 [ 1.72348485  0.44557363]
 [-3.43280584 -2.97609226]
 [-0.19350323  2.19177437]
 [ 4.14304058  0.71808203]
 [-2.30103691  1.60810509]
 [-0.20759779 -4.62909862]
 [ 3.63382135  1.99448991]
 [ 0.98408868  4.36243101]
 [ 2.83170652  3.36923087]
 [ 1.34979175 -1.68506597]
 [-2.25718527 -0.93058456]
 [-3.75434067  0.38208177]
 [-1.06933661  4.18462022]
 [-3.80681622  2.22398109]
 [ 3.4205196  -1.05508793]
 [ 1.52290789  2.66514652]
 [-0.84876315  0.1220095 ]
 [ 1.09406738 -3.37804071]]