[[-2.26585274 -4.54899778]
 [ 4.07935719 -1.77824633]
 [-4.23739561 -2.40661746]
 [ 3.14240908 -3.53079647]
 [-4.24825699 -0.24950489]
 [ 1.57076863 -0.85303922]
 [-2.7386376  -0.09994571]
 [-0.14960717  4.70015188]
 [-1.53805026  1.7878255 ]
 [-1.787526    3.81734562]
 [-2.12976588 -2.01828009]
 [ 0.76311322 -4.60462997]
 [ 2.93425201  3.16148098]
 [-3.37254666  3.00040063]
 [ 1.53948399  3.9430255 ]
 [ 1.53476906 -2.75809808]
 [-0.43747016 -1.13533753]
 [ 0.44246358  2.55609434]
 [ 3.94707098 -0.24921965]
 [ 2.71985289  1.26136542]
 [ 4.21384255  1.37204465]
 [-3.55244028  1.57277642]
 [ 0.16772967  0.45259957]
 [-0.59756348 -3.39239731]]