[[-3.12074074  3.99562308]
 [-1.23147259 -4.19289147]
 [ 0.52995041 -4.84187499]
 [-4.80725043 -0.41429471]
 [ 4.15584243 -1.44617212]
 [-0.15929558  1.62055902]
 [-0.68848838 -2.16085886]
 [ 0.83956881  4.54554597]
 [-1.15335981 -0.12592238]
 [-3.42344031 -2.18548347]
 [ 3.01188275 -0.51634272]
 [-1.0360319   4.29937311]
 [-2.52654087 -3.21683867]
 [-3.27648893 -0.48566357]
 [ 2.6205498   3.41736856]
 [ 4.26433527  0.64547149]
 [ 1.49606393  0.4760571 ]
 [ 3.529898    1.96333262]
 [ 3.12393953 -2.99613669]
 [ 1.77417096 -3.41566834]
 [-3.77539692  1.54158114]
 [ 1.11949023  2.66819378]
 [ 1.24734356 -1.29209765]
 [-2.51452923  2.11713975]]