[[ 3.40539226  3.78666506]
 [ 2.71721832 -3.75421215]
 [-4.53378812 -1.94067331]
 [-0.40717782  4.66355596]
 [-4.07584805  0.02016936]
 [-0.36654008 -0.75665944]
 [ 1.08920333 -2.09573885]
 [ 1.37933541  4.06379248]
 [ 1.12718407  1.26833732]
 [-2.83460745 -3.25616764]
 [-0.47671771  2.13216344]
 [-3.45810417  3.20513672]
 [-1.65631951  3.50065477]
 [ 3.26292075  2.01222596]
 [ 4.25585244  0.60445453]
 [ 4.04724225 -1.15850809]
 [-1.70338263  0.66793996]
 [ 2.98156985 -2.12429812]
 [-3.74978067  1.47526245]
 [-1.59706903 -2.98650819]
 [ 0.83319077 -4.21613791]
 [ 2.47057153  0.055139  ]
 [-2.20622718 -0.89443637]
 [-0.50411856 -4.27215692]]