[[ -1.33531761e+09   2.77939937e+09]
 [  2.75209125e+06  -5.72834664e+06]
 [  2.35644971e+09  -4.90483672e+09]
 [ -1.82501839e+05   3.79876487e+05]
 [ -2.54324712e+08   5.29364652e+08]
 [ -4.19006463e+06   8.72141764e+06]
 [  3.00997998e+05  -6.26514134e+05]
 [  4.85730837e+07  -1.01102536e+08]
 [  8.83378011e+04  -1.83875963e+05]
 [  2.15830587e+07  -4.49240974e+07]
 [ -8.31808005e+08   1.73136835e+09]
 [ -1.07126157e+07   2.22977941e+07]
 [  7.64055933e+07  -1.59034566e+08]
 [  1.32341672e+07  -2.75462777e+07]
 [  4.94397832e+07  -1.02906530e+08]
 [ -3.78423030e+07   7.87669290e+07]
 [ -7.90178405e+05   1.64471830e+06]
 [ -2.58555160e+07   5.38170129e+07]
 [ -4.71454421e+07   9.81309698e+07]
 [ -3.42266474e+07   7.12411201e+07]
 [  1.26836663e+07  -2.64004446e+07]
 [  1.57886209e+06  -3.28632540e+06]
 [ -3.20281413e+06   6.66650347e+06]
 [  2.50905679e+06  -5.22248104e+06]]