[[ -3.34794135e+08  -3.06529719e+09]
 [  6.90011805e+05   6.31758222e+06]
 [  5.90814901e+08   5.40936375e+09]
 [ -4.57615264e+04  -4.18949817e+05]
 [ -6.37649201e+07  -5.83816777e+08]
 [ -1.05054286e+06  -9.61853040e+06]
 [  7.54676513e+04   6.90959035e+05]
 [  1.21783616e+07   1.11502263e+08]
 [  2.21510514e+04   2.02788727e+05]
 [  5.41135627e+06   4.95451326e+07]
 [ -2.08552961e+08  -1.90946238e+09]
 [ -2.68589353e+06  -2.45914159e+07]
 [  1.91565976e+07   1.75393365e+08]
 [  3.31809594e+06   3.03797768e+07]
 [  1.23956640e+07   1.13491822e+08]
 [ -9.48790905e+06  -8.68691463e+07]
 [ -1.98115417e+05  -1.81389924e+06]
 [ -6.48255897e+06  -5.93528013e+07]
 [ -1.18204218e+07  -1.08225032e+08]
 [ -8.58138969e+06  -7.85692073e+07]
 [  3.18008532e+06   2.91160767e+07]
 [  3.95856073e+05   3.62436727e+06]
 [ -8.03017416e+05  -7.35224115e+06]
 [  6.29076979e+05   5.75968196e+06]]