[[ -1.05138062e+09  -2.89874676e+09]
 [  2.16689659e+06   5.97432177e+06]
 [  1.85538297e+09   5.11545037e+09]
 [ -1.43694755e+05  -3.96187940e+05]
 [ -2.00246048e+08  -5.52095566e+08]
 [ -3.29910523e+06  -9.09591513e+06]
 [  2.36994820e+05   6.53416567e+05]
 [  3.82446849e+07   1.05443877e+08]
 [  6.95536081e+04   1.91771302e+05]
 [  1.69937184e+07   4.68531374e+07]
 [ -6.54935432e+08  -1.80571329e+09]
 [ -8.43472469e+06  -2.32552613e+07]
 [  6.01589925e+07   1.65863508e+08]
 [  1.04201088e+07   2.87291130e+07]
 [  3.89270915e+07   1.07325335e+08]
 [ -2.97956615e+07  -8.21491786e+07]
 [ -6.22157853e+05  -1.71534247e+06]
 [ -2.03576949e+07  -5.61279150e+07]
 [ -3.71206100e+07  -1.02344713e+08]
 [ -2.69488199e+07  -7.43002132e+07]
 [  9.98665436e+06   2.75340807e+07]
 [  1.24313881e+06   3.42744016e+06]
 [ -2.52177964e+06  -6.95276307e+06]
 [  1.97554020e+06   5.44673435e+06]]