[[  2.88202715e+09  -1.09638198e+09]
 [ -5.93986256e+06   2.25964471e+06]
 [ -5.08594510e+09   1.93479737e+09]
 [  3.93903147e+05  -1.49844512e+05]
 [  5.48911150e+08  -2.08817009e+08]
 [  9.04345158e+06  -3.44031260e+06]
 [ -6.49647827e+05   2.47138535e+05]
 [ -1.04835693e+08   3.98816339e+07]
 [ -1.90665440e+05   7.25301778e+04]
 [ -4.65828961e+07   1.77210817e+07]
 [  1.79529817e+09  -6.82968083e+08]
 [  2.31211277e+07  -8.79574960e+06]
 [ -1.64906831e+08   6.27339221e+07]
 [ -2.85634146e+07   1.08660914e+07]
 [ -1.06706297e+08   4.05932529e+07]
 [  8.16753598e+07  -3.10709607e+07]
 [  1.70544867e+06  -6.48787357e+05]
 [  5.58041763e+07  -2.12290483e+07]
 [  1.01754402e+08  -3.87094522e+07]
 [  7.38716591e+07  -2.81022876e+07]
 [ -2.73752623e+07   1.04141194e+07]
 [ -3.40767125e+06   1.29634748e+06]
 [  6.91266047e+06  -2.62971712e+06]
 [ -5.41531822e+06   2.06009775e+06]]