[[  2.96722500e+09   8.38874093e+08]
 [ -6.11545528e+06  -1.72892109e+06]
 [ -5.23629469e+09  -1.48037036e+09]
 [  4.05545353e+05   1.14656153e+05]
 [  5.65137940e+08   1.59772035e+08]
 [  9.31079163e+06   2.63228543e+06]
 [ -6.68852171e+05  -1.89093966e+05]
 [ -1.07934820e+08  -3.05146154e+07]
 [ -1.96300342e+05  -5.54987616e+04]
 [ -4.79599679e+07  -1.35589241e+07]
 [  1.84837037e+09   5.22558963e+08]
 [  2.38046296e+07   6.72988612e+06]
 [ -1.69781768e+08  -4.79995724e+07]
 [ -2.94077933e+07  -8.31398152e+06]
 [ -1.09860725e+08  -3.10590931e+07]
 [  8.40898224e+07   2.37733203e+07]
 [  1.75586470e+06   4.96406432e+05]
 [  5.74538471e+07   1.62429690e+07]
 [  1.04762443e+08   2.96177402e+07]
 [  7.60554367e+07   2.15018866e+07]
 [ -2.81845285e+07  -7.96813790e+06]
 [ -3.50840796e+06  -9.91873830e+05]
 [  7.11701097e+06   2.01207398e+06]
 [ -5.57540471e+06  -1.57624124e+06]]