[[ -2.96835495e+09   8.34866967e+08]
 [  6.11779150e+06  -1.72063614e+06]
 [  5.23828874e+09  -1.47329888e+09]
 [ -4.05570023e+05   1.14568481e+05]
 [ -5.65352937e+08   1.59009594e+08]
 [ -9.31423073e+06   2.62009021e+06]
 [  6.69080252e+05  -1.88285236e+05]
 [  1.07975412e+08  -3.03706685e+07]
 [  1.96287725e+05  -5.55430658e+04]
 [  4.79778706e+07  -1.34954388e+07]
 [ -1.84907423e+09   5.20062892e+08]
 [ -2.38137229e+07   6.69763828e+06]
 [  1.69845985e+08  -4.77718435e+07]
 [  2.94175632e+07  -8.27928008e+06]
 [  1.09902379e+08  -3.09113767e+07]
 [ -8.41202754e+07   2.36653383e+07]
 [ -1.75651918e+06   4.94085532e+05]
 [ -5.74757316e+07   1.61653600e+07]
 [ -1.04802328e+08   2.94762940e+07]
 [ -7.60843979e+07   2.13991816e+07]
 [  2.81962433e+07  -7.92665197e+06]
 [  3.50971600e+06  -9.87235390e+05]
 [ -7.11971117e+06   2.00249835e+06]
 [  5.57753910e+06  -1.56867200e+06]]