[[ -2.77799796e+09  -1.33823067e+09]
 [  5.72545782e+06   2.75809611e+06]
 [  4.90236363e+09   2.36159041e+09]
 [ -3.79681749e+05  -1.82906632e+05]
 [ -5.29097740e+08  -2.54879531e+08]
 [ -8.71702053e+06  -4.19920474e+06]
 [  6.26197713e+05   3.01655730e+05]
 [  1.01051560e+08   4.86790451e+07]
 [  1.83781140e+05   8.85349059e+04]
 [  4.49014471e+07   2.16301409e+07]
 [ -1.73049537e+09  -8.33622631e+08]
 [ -2.22865513e+07  -1.07359858e+07]
 [  1.58954380e+08   7.65722731e+07]
 [  2.75323934e+07   1.32630280e+07]
 [  1.02854644e+08   4.95476373e+07]
 [ -7.87272182e+07  -3.79248482e+07]
 [ -1.64388905e+06  -7.91902120e+05]
 [ -5.37898776e+07  -2.59119211e+07]
 [ -9.80814909e+07  -4.72482919e+07]
 [ -7.12051993e+07  -3.43013143e+07]
 [  2.63871297e+07   1.27113435e+07]
 [  3.28466848e+06   1.58230626e+06]
 [ -6.66314218e+06  -3.20980112e+06]
 [  5.21984776e+06   2.51453048e+06]]