[[ -4.08148597e+08  -3.05639472e+09]
 [  8.41195386e+05   6.29923422e+06]
 [  7.20264330e+08   5.39365347e+09]
 [ -5.57869995e+04  -4.17733021e+05]
 [ -7.77360178e+07  -5.82121212e+08]
 [ -1.28072044e+06  -9.59059552e+06]
 [  9.20026936e+04   6.88952291e+05]
 [  1.48466806e+07   1.11178430e+08]
 [  2.70037446e+04   2.02199739e+05]
 [  6.59700257e+06   4.94012399e+07]
 [ -2.54247579e+08  -1.90391677e+09]
 [ -3.27438131e+06  -2.45199956e+07]
 [  2.33538702e+07   1.74883975e+08]
 [  4.04510535e+06   3.02915454e+07]
 [  1.51115940e+07   1.13162210e+08]
 [ -1.15667440e+07  -8.66168542e+07]
 [ -2.41523174e+05  -1.80863118e+06]
 [ -7.90290830e+06  -5.91804244e+07]
 [ -1.44103140e+07  -1.07910717e+08]
 [ -1.04615995e+07  -7.83410206e+07]
 [  3.87684930e+06   2.90315158e+07]
 [  4.82589473e+05   3.61384110e+06]
 [ -9.78961123e+05  -7.33088821e+06]
 [  7.66909720e+05   5.74295426e+06]]