[[ -2.96030926e+09  -8.62961782e+08]
 [  6.10120188e+06   1.77856600e+06]
 [  5.22409040e+09   1.52287817e+09]
 [ -4.04600103e+05  -1.17948392e+05]
 [ -5.63820767e+08  -1.64359778e+08]
 [ -9.28909104e+06  -2.70786909e+06]
 [  6.67293270e+05   1.94523638e+05]
 [  1.07683256e+08   3.13908190e+07]
 [  1.95842798e+05   5.70923406e+04]
 [  4.78481877e+07   1.39482573e+07]
 [ -1.84406236e+09  -5.37563882e+08]
 [ -2.37491479e+07  -6.92313033e+06]
 [  1.69386057e+08   4.93778448e+07]
 [  2.93392547e+07   8.55270330e+06]
 [  1.09604671e+08   3.19509326e+07]
 [ -8.38938357e+07  -2.44559467e+07]
 [ -1.75177231e+06  -5.10660319e+05]
 [ -5.73199388e+07  -1.67093747e+07]
 [ -1.04518272e+08  -3.04681930e+07]
 [ -7.58781735e+07  -2.21192984e+07]
 [  2.81188368e+07   8.19694347e+06]
 [  3.50023092e+06   1.02035465e+06]
 [ -7.10042330e+06  -2.06984923e+06]
 [  5.56241004e+06   1.62150198e+06]]