[[  9.98377795e+08  -2.91742622e+09]
 [ -2.05765840e+06   6.01281991e+06]
 [ -1.76184830e+09   5.14841422e+09]
 [  1.36457377e+05  -3.98738574e+05]
 [  1.90151126e+08  -5.55653258e+08]
 [  3.13278949e+06  -9.15452879e+06]
 [ -2.25048444e+05   6.57626758e+05]
 [ -3.63166741e+07   1.06123355e+08]
 [ -6.60516341e+04   1.93005488e+05]
 [ -1.61370231e+07   4.71550573e+07]
 [  6.21918438e+08  -1.81734927e+09]
 [  8.00950789e+06  -2.34051179e+07]
 [ -5.71262241e+07   1.66932329e+08]
 [ -9.89481414e+06   2.89142396e+07]
 [ -3.69646768e+07   1.08016937e+08]
 [  2.82935944e+07  -8.26785432e+07]
 [  5.90793358e+05  -1.72639607e+06]
 [  1.93314106e+07  -5.64896021e+07]
 [  3.52492638e+07  -1.03004220e+08]
 [  2.55902600e+07  -7.47790022e+07]
 [ -9.48319399e+06   2.77115120e+07]
 [ -1.18046911e+06   3.44952646e+06]
 [  2.39465023e+06  -6.99756651e+06]
 [ -1.87594801e+06   5.48183302e+06]]