[[ -2.24907410e+09   2.10945482e+09]
 [  4.63534486e+06  -4.34759007e+06]
 [  3.96896587e+09  -3.72257819e+09]
 [ -3.07390505e+05   2.88312580e+05]
 [ -4.28358856e+08   4.01766954e+08]
 [ -7.05732176e+06   6.61921271e+06]
 [  5.06971108e+05  -4.75499790e+05]
 [  8.18115964e+07  -7.67328475e+07]
 [  1.48789150e+05  -1.39555457e+05]
 [  3.63523244e+07  -3.40956223e+07]
 [ -1.40101338e+09   1.31404049e+09]
 [ -1.80432477e+07   1.69231489e+07]
 [  1.28689864e+08  -1.20700980e+08]
 [  2.22902962e+07  -2.09065371e+07]
 [  8.32713772e+07  -7.81020090e+07]
 [ -6.37377544e+07   5.97809974e+07]
 [ -1.33089671e+06   1.24827647e+06]
 [ -4.35484196e+07   4.08449965e+07]
 [ -7.94070206e+07   7.44775471e+07]
 [ -5.76479077e+07   5.40692086e+07]
 [  2.13630852e+07  -2.00369024e+07]
 [  2.65927586e+06  -2.49419166e+06]
 [ -5.39449660e+06   5.05961394e+06]
 [  4.22600180e+06  -3.96365777e+06]]