[[  3.08224003e+09  -8.90524652e+07]
 [ -6.35250150e+06   1.83537740e+05]
 [ -5.43926298e+09   1.57151867e+08]
 [  4.21265747e+05  -1.21752748e+04]
 [  5.87043713e+08  -1.69609409e+07]
 [  9.67169493e+06  -2.79436046e+05]
 [ -6.94778221e+05   2.00743036e+04]
 [ -1.12118570e+08   3.23934471e+06]
 [ -2.03909777e+05   5.89404218e+03]
 [ -4.98189837e+07   1.43937699e+06]
 [  1.92001657e+09  -5.54733593e+07]
 [  2.47273402e+07  -7.14425205e+05]
 [ -1.76362818e+08   5.09549744e+06]
 [ -3.05476944e+07   8.82590950e+05]
 [ -1.14119126e+08   3.29714442e+06]
 [  8.73492981e+07  -2.52370981e+06]
 [  1.82392522e+06  -5.26971060e+04]
 [  5.96808625e+07  -1.72430695e+06]
 [  1.08823225e+08  -3.14413426e+06]
 [  7.90034836e+07  -2.28257854e+06]
 [ -2.92770109e+07   8.45872819e+05]
 [ -3.64440025e+06   1.05294510e+05]
 [  7.39287925e+06  -2.13596000e+05]
 [ -5.79151751e+06   1.67329222e+05]]