[[ -2.79701177e+09   1.29802124e+09]
 [  5.76464539e+06  -2.67522429e+06]
 [  4.93591751e+09  -2.29063239e+09]
 [ -3.82280774e+05   1.77410474e+05]
 [ -5.32719112e+08   2.47221240e+08]
 [ -8.77668344e+06   4.07303266e+06]
 [  6.30483728e+05  -2.92591907e+05]
 [  1.01743200e+08  -4.72164009e+07]
 [  1.85039227e+05  -8.58744517e+04]
 [  4.52087715e+07  -2.09802270e+07]
 [ -1.74233962e+09   8.08575014e+08]
 [ -2.24390900e+07   1.04134047e+07]
 [  1.60042331e+08  -7.42715289e+07]
 [  2.77208352e+07  -1.28645207e+07]
 [  1.03558625e+08  -4.80588941e+07]
 [ -7.92660595e+07   3.67853341e+07]
 [ -1.65514052e+06   7.68108095e+05]
 [ -5.41580387e+07   2.51333531e+07]
 [ -9.87528027e+07   4.58286362e+07]
 [ -7.16925583e+07   3.32706727e+07]
 [  2.65677358e+07  -1.23294073e+07]
 [  3.30715013e+06  -1.53476322e+06]
 [ -6.70874757e+06   3.11335717e+06]
 [  5.25557465e+06  -2.43897709e+06]]