[[  5.85085009e+08  -3.02750879e+09]
 [ -1.20586179e+06   6.23970021e+06]
 [ -1.03250597e+09   5.34267816e+09]
 [  7.99707058e+04  -4.13784670e+05]
 [  1.11435342e+08  -5.76619596e+08]
 [  1.83592513e+06  -9.49995507e+06]
 [ -1.31886670e+05   6.82440958e+05]
 [ -2.12828613e+07   1.10127685e+08]
 [ -3.87097968e+04   2.00288513e+05]
 [ -9.45686725e+06   4.89343500e+07]
 [  3.64466393e+08  -1.88592289e+09]
 [  4.69385772e+06  -2.42882576e+07]
 [ -3.34780009e+07   1.73231150e+08]
 [ -5.79869607e+06   3.00052616e+07]
 [ -2.16626176e+07   1.12092716e+08]
 [  1.65810385e+07  -8.57982410e+07]
 [  3.46225814e+05  -1.79153785e+06]
 [  1.13288964e+07  -5.86211113e+07]
 [  2.06573261e+07  -1.06890855e+08]
 [  1.49968053e+07  -7.76006212e+07]
 [ -5.55750283e+06   2.87571388e+07]
 [ -6.91796695e+05   3.57968678e+06]
 [  1.40335034e+06  -7.26160414e+06]
 [ -1.09937261e+06   5.68867770e+06]]