[[ -2.35512026e+09   1.99036241e+09]
 [  4.85390687e+06  -4.10213963e+06]
 [  4.15610670e+09  -3.51241449e+09]
 [ -3.21888692e+05   2.72030764e+05]
 [ -4.48556416e+08   3.79084603e+08]
 [ -7.39008114e+06   6.24551584e+06]
 [  5.30876034e+05  -4.48653977e+05]
 [  8.56690949e+07  -7.24007830e+07]
 [  1.55807618e+05  -1.31673547e+05]
 [  3.80663720e+07  -3.21707052e+07]
 [ -1.46707261e+09   1.23985438e+09]
 [ -1.88940055e+07   1.59677273e+07]
 [  1.34757722e+08  -1.13886629e+08]
 [  2.33412979e+07  -1.97262365e+07]
 [  8.71977075e+07  -7.36926447e+07]
 [ -6.67430470e+07   5.64059807e+07]
 [ -1.39364978e+06   1.17780325e+06]
 [ -4.56017725e+07   3.85390313e+07]
 [ -8.31511433e+07   7.02728063e+07]
 [ -6.03660659e+07   5.10166509e+07]
 [  2.23703828e+07  -1.89056828e+07]
 [  2.78466329e+06  -2.35337853e+06]
 [ -5.64885260e+06   4.77396598e+06]
 [  4.42526220e+06  -3.73988350e+06]]