[[  1.05269307e+09  -2.89827039e+09]
 [ -2.16960226e+06   5.97333973e+06]
 [ -1.85769906e+09   5.11460973e+09]
 [  1.43880214e+05  -3.96120626e+05]
 [  2.00496017e+08  -5.52004838e+08]
 [  3.30322384e+06  -9.09442024e+06]
 [ -2.37291699e+05   6.53308812e+05]
 [ -3.82924273e+07   1.05426549e+08]
 [ -6.96444583e+04   1.91738328e+05]
 [ -1.70149327e+07   4.68454375e+07]
 [  6.55752993e+08  -1.80541655e+09]
 [  8.44525351e+06  -2.32514398e+07]
 [ -6.02340905e+07   1.65836251e+08]
 [ -1.04331207e+07   2.87243902e+07]
 [ -3.89756849e+07   1.07307698e+08]
 [  2.98328598e+07  -8.21356772e+07]
 [  6.22934540e+05  -1.71506057e+06]
 [  2.03831075e+07  -5.61186913e+07]
 [  3.71669479e+07  -1.02327894e+08]
 [  2.69824603e+07  -7.42880032e+07]
 [ -9.99911756e+06   2.75295571e+07]
 [ -1.24469069e+06   3.42687689e+06]
 [  2.52492760e+06  -6.95162049e+06]
 [ -1.97800624e+06   5.44583928e+06]]