[[ -2.59229071e+09   1.66977928e+09]
 [  5.34271491e+06  -3.44141813e+06]
 [  4.57464400e+09  -2.94667792e+09]
 [ -3.54299810e+05   2.28220751e+05]
 [ -4.93727920e+08   3.18026312e+08]
 [ -8.13429343e+06   5.23956465e+06]
 [  5.84336735e+05  -3.76391199e+05]
 [  9.42963316e+07  -6.07393534e+07]
 [  1.71495179e+05  -1.10468731e+05]
 [  4.18998154e+07  -2.69890425e+07]
 [ -1.61481294e+09   1.04015387e+09]
 [ -2.07967108e+07   1.33958419e+07]
 [  1.48328388e+08  -9.55431692e+07]
 [  2.56918679e+07  -1.65489734e+07]
 [  9.59788811e+07  -6.18231386e+07]
 [ -7.34643541e+07   4.73207953e+07]
 [ -1.53399616e+06   9.88097138e+05]
 [ -5.01940613e+07   3.23316377e+07]
 [ -9.15248107e+07   5.89541260e+07]
 [ -6.64451808e+07   4.27995155e+07]
 [  2.46231711e+07  -1.58605900e+07]
 [  3.06509059e+06  -1.97432516e+06]
 [ -6.21771568e+06   4.00503415e+06]
 [  4.87090456e+06  -3.13750903e+06]]