[[ -2.78776504e+09  -1.31776328e+09]
 [  5.74558788e+06   2.71591261e+06]
 [  4.91959971e+09   2.32547139e+09]
 [ -3.81017032e+05  -1.80108545e+05]
 [ -5.30957979e+08  -2.50981312e+08]
 [ -8.74766825e+06  -4.13498096e+06]
 [  6.28399397e+05   2.97042005e+05]
 [  1.01406843e+08   4.79345317e+07]
 [  1.84427533e+05   8.71803989e+04]
 [  4.50593142e+07   2.12993228e+07]
 [ -1.73657957e+09  -8.20872904e+08]
 [ -2.23649080e+07  -1.05717856e+07]
 [  1.59513242e+08   7.54011503e+07]
 [  2.76291910e+07   1.30601839e+07]
 [  1.03216267e+08   4.87898383e+07]
 [ -7.90040103e+07  -3.73448169e+07]
 [ -1.64966873e+06  -7.79790533e+05]
 [ -5.39789959e+07  -2.55156147e+07]
 [ -9.84263326e+07  -4.65256594e+07]
 [ -7.14555476e+07  -3.37766976e+07]
 [  2.64799054e+07   1.25169277e+07]
 [  3.29621690e+06   1.55810599e+06]
 [ -6.68656890e+06  -3.16070929e+06]
 [  5.23820008e+06   2.47607230e+06]]