[[ -2.69460968e+09   1.49907059e+09]
 [  5.55360291e+06  -3.08957217e+06]
 [  4.75520742e+09  -2.64542640e+09]
 [ -3.68102912e+05   2.05215157e+05]
 [ -5.13215319e+08   2.85513626e+08]
 [ -8.45521836e+06   4.70415238e+06]
 [  6.07364096e+05  -3.37977196e+05]
 [  9.80175995e+07  -5.45308848e+07]
 [  1.78142370e+05  -9.93942260e+04]
 [  4.35531553e+07  -2.42306750e+07]
 [ -1.67855035e+09   9.33814568e+08]
 [ -2.16176059e+07   1.20262577e+07]
 [  1.54182417e+08  -8.57763955e+07]
 [  2.67040678e+07  -1.48604429e+07]
 [  9.97669751e+07  -5.55031237e+07]
 [ -7.63620042e+07   4.24866248e+07]
 [ -1.59452515e+06   8.87113139e+05]
 [ -5.21752521e+07   2.90262236e+07]
 [ -9.51373274e+07   5.29270145e+07]
 [ -6.90678021e+07   3.84239416e+07]
 [  2.55963483e+07  -1.42367977e+07]
 [  3.18603505e+06  -1.77254640e+06]
 [ -6.46311886e+06   3.59560584e+06]
 [  5.06317632e+06  -2.81672145e+06]]