[[ -1.61448526e+09  -2.62708419e+09]
 [  3.32745639e+06   5.41442475e+06]
 [  2.84909994e+09   4.63604443e+09]
 [ -2.20657790e+05  -3.59058779e+05]
 [ -3.07495006e+08  -5.00354689e+08]
 [ -5.06605844e+06  -8.24347131e+06]
 [  3.63926224e+05   5.92180258e+05]
 [  5.87279946e+07   9.55619687e+07]
 [  1.06806947e+05   1.73799347e+05]
 [  2.60953111e+07   4.24621912e+07]
 [ -1.00570962e+09  -1.63648681e+09]
 [ -1.29522446e+07  -2.10758421e+07]
 [  9.23792971e+07   1.50319238e+08]
 [  1.60009574e+07   2.60367041e+07]
 [  5.97758914e+07   9.72671007e+07]
 [ -4.57537838e+07  -7.44503879e+07]
 [ -9.55376688e+05  -1.55458534e+06]
 [ -3.12609893e+07  -5.08677613e+07]
 [ -5.70018853e+07  -9.27532480e+07]
 [ -4.13822279e+07  -6.73370017e+07]
 [  1.53353761e+07   2.49536592e+07]
 [  1.90894617e+06   3.10622997e+06]
 [ -3.87240915e+06  -6.30116927e+06]
 [  3.03361180e+06   4.93628135e+06]]