[[ -4.59724041e+08  -3.04906343e+09]
 [  9.47491706e+05   6.28412451e+06]
 [  8.11280085e+08   5.38071585e+09]
 [ -6.28290545e+04  -4.16732020e+05]
 [ -8.75590803e+07  -5.80724893e+08]
 [ -1.44255723e+06  -9.56759092e+06]
 [  1.03627279e+05   6.87299892e+05]
 [  1.67227695e+07   1.10911750e+08]
 [  3.04111323e+04   2.01715393e+05]
 [  7.43062669e+06   4.92827427e+07]
 [ -2.86375417e+08  -1.89934990e+09]
 [ -3.68814693e+06  -2.44611801e+07]
 [  2.63049652e+07   1.74464485e+08]
 [  4.55625341e+06   3.02188873e+07]
 [  1.70211602e+07   1.12890771e+08]
 [ -1.30283597e+07  -8.64090900e+07]
 [ -2.72043012e+05  -1.80429288e+06]
 [ -8.90155442e+06  -5.90384698e+07]
 [ -1.62312643e+07  -1.07651874e+08]
 [ -1.17835731e+07  -7.81531060e+07]
 [  4.36675149e+06   2.89618775e+07]
 [  5.43571456e+05   3.60517270e+06]
 [ -1.10266690e+06  -7.31330381e+06]
 [  8.63819867e+05   5.72917877e+06]]