[[  3.82583907e+07  -3.08328887e+09]
 [ -7.88510335e+04   6.35466316e+06]
 [ -6.75150039e+07   5.44111387e+09]
 [  5.23258223e+03  -4.21409168e+05]
 [  7.28669681e+06  -5.87243474e+08]
 [  1.20050356e+05  -9.67498606e+06]
 [ -8.62456836e+03   6.95014656e+05]
 [ -1.39167559e+06   1.12156723e+08]
 [ -2.53342419e+03   2.03979211e+05]
 [ -6.18380039e+05   4.98359363e+07]
 [  2.38322594e+07  -1.92066992e+09]
 [  3.06928626e+05  -2.47357546e+07]
 [ -2.18910903e+06   1.76422832e+08]
 [ -3.79176501e+05   3.05580893e+07]
 [ -1.41650711e+06   1.14157959e+08]
 [  1.08422784e+06  -8.73790217e+07]
 [  2.26395459e+04  -1.82454587e+06]
 [  7.40790371e+05  -5.97011710e+07]
 [  1.35077133e+06  -1.08860256e+08]
 [  9.80632943e+05  -7.90303672e+07]
 [ -3.63400004e+05   2.92869734e+07]
 [ -4.52362499e+04   3.64564038e+06]
 [  9.17643236e+04  -7.39539493e+06]
 [ -7.18873522e+04   5.79348827e+06]]