[[  2.81806434e+09   1.25165785e+09]
 [ -5.80803484e+06  -2.57966911e+06]
 [ -4.97306921e+09  -2.20881441e+09]
 [  3.85158539e+05   1.71072986e+05]
 [  5.36728786e+08   2.38390866e+08]
 [  8.84274372e+06   3.92755024e+06]
 [ -6.35229321e+05  -2.82140860e+05]
 [ -1.02509001e+08  -4.55299023e+07]
 [ -1.86432251e+05  -8.28067179e+04]
 [ -4.55490488e+07  -2.02308452e+07]
 [  1.75545388e+09   7.79693917e+08]
 [  2.26079848e+07   1.00414533e+07]
 [ -1.61246938e+08  -7.16186612e+07]
 [ -2.79294828e+07  -1.24050226e+07]
 [ -1.04338090e+08  -4.63423023e+07]
 [  7.98626781e+07   3.54714200e+07]
 [  1.66759843e+06   7.40672449e+05]
 [  5.45656757e+07   2.42356271e+07]
 [  9.94960959e+07   4.41917055e+07]
 [  7.22321743e+07   3.20822938e+07]
 [ -2.67677072e+07  -1.18890167e+07]
 [ -3.33204238e+06  -1.47994382e+06]
 [  6.75924300e+06   3.00215271e+06]
 [ -5.29513236e+06  -2.35186043e+06]]