[[ -2.78492758e+09  -1.32374934e+09]
 [  5.73973992e+06   2.72824982e+06]
 [  4.91459242e+09   2.33603506e+09]
 [ -3.80628890e+05  -1.80927375e+05]
 [ -5.30417557e+08  -2.52121419e+08]
 [ -8.73876435e+06  -4.15376515e+06]
 [  6.27759728e+05   2.98391485e+05]
 [  1.01303628e+08   4.81522815e+07]
 [  1.84239593e+05   8.75768752e+04]
 [  4.50134507e+07   2.13960790e+07]
 [ -1.73481203e+09  -8.24601796e+08]
 [ -2.23421445e+07  -1.06198087e+07]
 [  1.59350884e+08   7.57436693e+07]
 [  2.76010649e+07   1.31195203e+07]
 [  1.03111210e+08   4.90114716e+07]
 [ -7.89235940e+07  -3.75144679e+07]
 [ -1.64798961e+06  -7.83332892e+05]
 [ -5.39240548e+07  -2.56315217e+07]
 [ -9.83261519e+07  -4.67370066e+07]
 [ -7.13828184e+07  -3.39301314e+07]
 [  2.64529566e+07   1.25737804e+07]
 [  3.29286186e+06   1.56518399e+06]
 [ -6.67976312e+06  -3.17506717e+06]
 [  5.23286855e+06   2.48732001e+06]]