[[ -1.21219384e+08  -3.08114262e+09]
 [  2.49833854e+05   6.35023972e+06]
 [  2.13917183e+08   5.43732635e+09]
 [ -1.65710788e+04  -4.21115739e+05]
 [ -2.30874542e+07  -5.86834699e+08]
 [ -3.80371421e+05  -9.66825139e+06]
 [  2.73250340e+04   6.94530847e+05]
 [  4.40943604e+06   1.12078651e+08]
 [  8.02167469e+03   2.03837164e+05]
 [  1.95929702e+06   4.98012460e+07]
 [ -7.55110640e+07  -1.91933295e+09]
 [ -9.72485215e+05  -2.47185362e+07]
 [  6.93605587e+06   1.76300025e+08]
 [  1.20138605e+06   3.05368183e+07]
 [  4.48811538e+06   1.14078494e+08]
 [ -3.43529906e+06  -8.73181981e+07]
 [ -7.17319126e+04  -1.82327582e+06]
 [ -2.34714926e+06  -5.96596135e+07]
 [ -4.27983675e+06  -1.08784479e+08]
 [ -3.10707584e+06  -7.89753548e+07]
 [  1.15141912e+06   2.92665868e+07]
 [  1.43328131e+05   3.64310269e+06]
 [ -2.90749627e+05  -7.39024705e+06]
 [  2.27770799e+05   5.78945547e+06]]