[[ -3.07455036e+09  -2.35104323e+08]
 [  6.33665313e+06   4.84549832e+05]
 [  5.42569293e+09   4.14891192e+08]
 [ -4.20215140e+05  -3.21294731e+04]
 [ -5.85579137e+08  -4.47779910e+07]
 [ -9.64756565e+06  -7.37729179e+05]
 [  6.93044929e+05   5.29950993e+04]
 [  1.11838853e+08   8.55208065e+06]
 [  2.03401307e+05   1.55513663e+04]
 [  4.96946936e+07   3.80004862e+06]
 [ -1.91522645e+09  -1.46453291e+08]
 [ -2.46656497e+07  -1.88612974e+06]
 [  1.75922823e+08   1.34524451e+07]
 [  3.04714827e+07   2.33009464e+06]
 [  1.13834418e+08   8.70467619e+06]
 [ -8.71313760e+07  -6.66275579e+06]
 [ -1.81937483e+06  -1.39123770e+05]
 [ -5.95319688e+07  -4.55228294e+06]
 [ -1.08551730e+08  -8.30071979e+06]
 [ -7.88063831e+07  -6.02615642e+06]
 [  2.92039699e+07   2.23316172e+06]
 [  3.63530808e+06   2.77984373e+05]
 [ -7.37443525e+06  -5.63907419e+05]
 [  5.77706865e+06   4.41760106e+05]]