[[ -2.15374638e+09  -2.20669674e+09]
 [  4.43887435e+06   4.54800571e+06]
 [  3.80073998e+09   3.89418208e+09]
 [ -2.94361063e+05  -3.01603434e+05]
 [ -4.10202727e+08  -4.20287659e+08]
 [ -6.75819433e+06  -6.92434667e+06]
 [  4.85482851e+05   4.97419497e+05]
 [  7.83439833e+07   8.02700909e+07]
 [  1.42482272e+05   1.45988832e+05]
 [  3.48115176e+07   3.56673686e+07]
 [ -1.34163098e+09  -1.37461530e+09]
 [ -1.72784791e+07  -1.77032742e+07]
 [  1.23235301e+08   1.26265072e+08]
 [  2.13455066e+07   2.18702983e+07]
 [  7.97418923e+07   8.17023664e+07]
 [ -6.10362015e+07  -6.25367979e+07]
 [ -1.27448615e+06  -1.30581976e+06]
 [ -4.17026059e+07  -4.27278744e+07]
 [ -7.60413286e+07  -7.79108227e+07]
 [ -5.52044827e+07  -5.65616979e+07]
 [  2.04576099e+07   2.09605598e+07]
 [  2.54656146e+06   2.60916938e+06]
 [ -5.16584908e+06  -5.29285274e+06]
 [  4.04688143e+06   4.14637491e+06]]