[[  3.03256035e+09  -5.58311483e+08]
 [ -6.25011151e+06   1.15068135e+06]
 [ -5.35159269e+09   9.85258430e+08]
 [  4.14475168e+05  -7.63112167e+04]
 [  5.77581715e+08  -1.06336055e+08]
 [  9.51580612e+06  -1.75191361e+06]
 [ -6.83579654e+05   1.25851546e+05]
 [ -1.10311438e+08   2.03089585e+07]
 [ -2.00622755e+05   3.69384247e+04]
 [ -4.90159991e+07   9.02412208e+06]
 [  1.88906965e+09  -3.47788389e+08]
 [  2.43287838e+07  -4.47906635e+06]
 [ -1.73520194e+08   3.19460474e+07]
 [ -3.00553254e+07   5.53335464e+06]
 [ -1.12279749e+08   2.06713357e+07]
 [  8.59413982e+07  -1.58222962e+07]
 [  1.79452711e+06  -3.30382569e+05]
 [  5.87189236e+07  -1.08104854e+07]
 [  1.07069208e+08  -1.97120456e+07]
 [  7.77301018e+07  -1.43105506e+07]
 [ -2.88051226e+07   5.30318603e+06]
 [ -3.58565965e+06   6.60140166e+05]
 [  7.27372048e+06  -1.33913299e+06]
 [ -5.69816956e+06   1.04906519e+06]]