[[  2.26375044e+09  -2.09369719e+09]
 [ -4.66559341e+06   4.31511292e+06]
 [ -3.99486537e+09   3.69477052e+09]
 [  3.09400830e+05  -2.86154142e+05]
 [  4.31154112e+08  -3.98765753e+08]
 [  7.10337424e+06  -6.56976725e+06]
 [ -5.10280093e+05   4.71947011e+05]
 [ -8.23454578e+07   7.61596533e+07]
 [ -1.49763013e+05   1.38509843e+05]
 [ -3.65895412e+07   3.38409282e+07]
 [  1.41015570e+09  -1.30422460e+09]
 [  1.81609888e+07  -1.67967331e+07]
 [ -1.29529630e+08   1.19799344e+08]
 [ -2.24357503e+07   2.07503664e+07]
 [ -8.38147646e+07   7.75185869e+07]
 [  6.41536741e+07  -5.93344343e+07]
 [  1.33958147e+06  -1.23895185e+06]
 [  4.38325949e+07  -4.05398842e+07]
 [  7.99251912e+07  -7.39211996e+07]
 [  5.80240892e+07  -5.36653114e+07]
 [ -2.15024909e+07   1.98872259e+07]
 [ -2.67662893e+06   2.47556008e+06]
 [  5.42969838e+06  -5.02181863e+06]
 [ -4.25357859e+06   3.93404923e+06]]