[[ -2.09866469e+09  -2.25914597e+09]
 [  4.32535173e+06   4.65610286e+06]
 [  3.70353672e+09   3.98673980e+09]
 [ -2.86838387e+05  -3.08766589e+05]
 [ -3.99711863e+08  -4.30277144e+08]
 [ -6.58535433e+06  -7.08892627e+06]
 [  4.73067632e+05   5.09241367e+05]
 [  7.63403480e+07   8.21779683e+07]
 [  1.38841982e+05   1.49455147e+05]
 [  3.39212180e+07   3.65151190e+07]
 [ -1.30731900e+09  -1.40728744e+09]
 [ -1.68365849e+07  -1.81240494e+07]
 [  1.20083578e+08   1.29266167e+08]
 [  2.07995939e+07   2.23901204e+07]
 [  7.77025068e+07   8.36442855e+07]
 [ -5.94752065e+07  -6.40231896e+07]
 [ -1.24189134e+06  -1.33685680e+06]
 [ -4.06360691e+07  -4.37434393e+07]
 [ -7.40965848e+07  -7.97626232e+07]
 [ -5.37926376e+07  -5.79060681e+07]
 [  1.99344137e+07   2.14587516e+07]
 [  2.48143349e+06   2.67118475e+06]
 [ -5.03373334e+06  -5.41865440e+06]
 [  3.94338318e+06   4.24492677e+06]]