[[  2.69923665e+09   1.49072314e+09]
 [ -5.56313075e+06  -3.07238307e+06]
 [ -4.76337268e+09  -2.63069556e+09]
 [  3.68917034e+05   2.03748101e+05]
 [  5.14096854e+08   2.83923263e+08]
 [  8.46987670e+06   4.67770841e+06]
 [ -6.08443842e+05  -3.36029532e+05]
 [ -9.81865623e+07  -5.42260655e+07]
 [ -1.78570574e+05  -9.86229536e+04]
 [ -4.36284080e+07  -2.40949157e+07]
 [  1.68143267e+09   9.28614608e+08]
 [  2.16546870e+07   1.19593598e+07]
 [ -1.54447732e+08  -8.52977489e+07]
 [ -2.67517942e+07  -1.47743733e+07]
 [ -9.99385263e+07  -5.51936321e+07]
 [  7.64951527e+07   4.22464272e+07]
 [  1.59728175e+06   8.82140128e+05]
 [  5.22648365e+07   2.88646055e+07]
 [  9.53007017e+07   5.26322733e+07]
 [  6.91864021e+07   3.82099770e+07]
 [ -2.56390105e+07  -1.41598026e+07]
 [ -3.19154204e+06  -1.76261156e+06]
 [  6.47422991e+06   3.57556065e+06]
 [ -5.07185560e+06  -2.80106318e+06]]