[[ -1.06592080e+09  -2.89343167e+09]
 [  2.19686493e+06   5.96336699e+06]
 [  1.88104218e+09   5.10607078e+09]
 [ -1.45688421e+05  -3.95459164e+05]
 [ -2.03015370e+08  -5.51083255e+08]
 [ -3.34472978e+06  -9.07923731e+06]
 [  2.40273414e+05   6.52218093e+05]
 [  3.87735904e+07   1.05250539e+08]
 [  7.05197440e+04   1.91418135e+05]
 [  1.72287323e+07   4.67672292e+07]
 [ -6.63992928e+08  -1.80240237e+09]
 [ -8.55137359e+06  -2.32126209e+07]
 [  6.09909647e+07   1.65559385e+08]
 [  1.05642039e+07   2.86764397e+07]
 [  3.94654366e+07   1.07128546e+08]
 [ -3.02077133e+07  -8.19985551e+07]
 [ -6.30761945e+05  -1.71219729e+06]
 [ -2.06392337e+07  -5.60249999e+07]
 [ -3.76339732e+07  -1.02157056e+08]
 [ -2.73215113e+07  -7.41639778e+07]
 [  1.01247735e+07   2.74835920e+07]
 [  1.26033072e+06   3.42115574e+06]
 [ -2.55665475e+06  -6.94001465e+06]
 [  2.00286122e+06   5.43674729e+06]]