[[ -2.20090838e+09  -2.15966115e+09]
 [  4.53607599e+06   4.45106460e+06]
 [  3.88396729e+09   3.81117785e+09]
 [ -3.00812149e+05  -2.95169642e+05]
 [ -4.19185206e+08  -4.11329256e+08]
 [ -6.90618298e+06  -6.77675468e+06]
 [  4.96114675e+05   4.86816170e+05]
 [  8.00595331e+07   7.85591393e+07]
 [  1.45605783e+05   1.42873695e+05]
 [  3.55738084e+07   3.49071211e+07]
 [ -1.37100956e+09  -1.34531547e+09]
 [ -1.76568371e+07  -1.73259303e+07]
 [  1.25933866e+08   1.23573740e+08]
 [  2.18129234e+07   2.14041344e+07]
 [  8.14880531e+07   7.99608859e+07]
 [ -6.23727516e+07  -6.12038303e+07]
 [ -1.30239441e+06  -1.27798630e+06]
 [ -4.26157953e+07  -4.18171326e+07]
 [ -7.77064555e+07  -7.62501587e+07]
 [ -5.64133315e+07  -5.53560892e+07]
 [  2.09055834e+07   2.05137868e+07]
 [  2.60232518e+06   2.55355513e+06]
 [ -5.27896906e+06  -5.18003596e+06]
 [  4.13549865e+06   4.05799521e+06]]