[[ -1.59009301e+09   2.64191941e+09]
 [  3.27718477e+06  -5.44499967e+06]
 [  2.80605467e+09  -4.66222432e+09]
 [ -2.17329951e+05   3.61082759e+05]
 [ -3.02849257e+08   5.03180208e+08]
 [ -4.98951832e+06   8.29002257e+06]
 [  3.58428882e+05  -5.95523712e+05]
 [  5.78407092e+07  -9.61016106e+07]
 [  1.05197194e+05  -1.74778395e+05]
 [  2.57010527e+07  -4.27019770e+07]
 [ -9.90514981e+08   1.64572810e+09]
 [ -1.27565571e+07   2.11948581e+07]
 [  9.09835954e+07  -1.51168096e+08]
 [  1.57592059e+07  -2.61837359e+07]
 [  5.88727746e+07  -9.78163712e+07]
 [ -4.50625156e+07   7.48708133e+07]
 [ -9.40942471e+05   1.56336415e+06]
 [ -3.07886867e+07   5.11550131e+07]
 [ -5.61406795e+07   9.32770285e+07]
 [ -4.07570098e+07   6.77172558e+07]
 [  1.51036857e+07  -2.50945720e+07]
 [  1.88010503e+06  -3.12377099e+06]
 [ -3.81390331e+06   6.33675220e+06]
 [  2.98777888e+06  -4.96415668e+06]]