[[  3.08352607e+09  -9.64260107e+05]
 [ -6.35515204e+06   1.98762899e+03]
 [ -5.44153246e+09   1.70164054e+06]
 [  4.21441631e+05  -1.35216942e+02]
 [  5.87288652e+08  -1.83654173e+05]
 [  9.67573037e+06  -3.02638669e+03]
 [ -6.95068131e+05   2.17960225e+02]
 [ -1.12165351e+08   3.50783495e+04]
 [ -2.03994933e+05   6.60657110e+01]
 [ -4.98397703e+07   1.55875872e+04]
 [  1.92081768e+09  -6.00665839e+05]
 [  2.47376575e+07  -7.73547854e+03]
 [ -1.76436404e+08   5.51763591e+04]
 [ -3.05604402e+07   9.56588209e+03]
 [ -1.14166741e+08   3.57024413e+04]
 [  8.73857439e+07  -2.73353890e+04]
 [  1.82468624e+06  -5.70692022e+02]
 [  5.97057639e+07  -1.86707714e+04]
 [  1.08868631e+08  -3.40447288e+04]
 [  7.90364471e+07  -2.47157639e+04]
 [ -2.92892264e+07   9.15255705e+03]
 [ -3.64592085e+06   1.14027747e+03]
 [  7.39596387e+06  -2.31286839e+03]
 [ -5.79393397e+06   1.81176663e+03]]