[[ -3.07580284e+09  -2.18107480e+08]
 [  6.33923441e+06   4.49520285e+05]
 [  5.42790319e+09   3.84896675e+08]
 [ -4.20385860e+05  -2.98126652e+04]
 [ -5.85817684e+08  -4.15407698e+07]
 [ -9.65149582e+06  -6.84394527e+05]
 [  6.93327178e+05   4.91648077e+04]
 [  1.11884413e+08   7.93380633e+06]
 [  2.03483862e+05   1.44310336e+04]
 [  4.97149379e+07   3.52532260e+06]
 [ -1.91600665e+09  -1.35865465e+08]
 [ -2.46756977e+07  -1.74977217e+06]
 [  1.75994488e+08   1.24798999e+07]
 [  3.04838965e+07   2.16163218e+06]
 [  1.13880790e+08   8.07537168e+06]
 [ -8.71668712e+07  -6.18106454e+06]
 [ -1.82011599e+06  -1.29065751e+05]
 [ -5.95562203e+07  -4.22317614e+06]
 [ -1.08595950e+08  -7.70062003e+06]
 [ -7.88384864e+07  -5.59049603e+06]
 [  2.92158662e+07   2.07172158e+06]
 [  3.63678900e+06   2.57887356e+05]
 [ -7.37743937e+06  -5.23139709e+05]
 [  5.77942204e+06   4.09823168e+05]]