[[  2.81319798e+09   1.26255736e+09]
 [ -5.79816128e+06  -2.60178555e+06]
 [ -4.96448212e+09  -2.22804752e+09]
 [  3.84934325e+05   1.71576010e+05]
 [  5.35801326e+08   2.40468154e+08]
 [  8.82704104e+06   3.96271503e+06]
 [ -6.34185695e+05  -2.84478583e+05]
 [ -1.02329667e+08  -4.59315414e+07]
 [ -1.86394112e+05  -8.28915750e+04]
 [ -4.54688200e+07  -2.04105193e+07]
 [  1.75242280e+09   7.86482822e+08]
 [  2.25690180e+07   1.01287306e+07]
 [ -1.60966669e+08  -7.22463788e+07]
 [ -2.78754255e+07  -1.25257220e+07]
 [ -1.04157328e+08  -4.67471587e+07]
 [  7.97179179e+07   3.57955643e+07]
 [  1.66466165e+06   7.47249346e+05]
 [  5.44714827e+07   2.44465984e+07]
 [  9.93242528e+07   4.45765942e+07]
 [  7.21074410e+07   3.23616677e+07]
 [ -2.67254199e+07  -1.19840821e+07]
 [ -3.32616433e+06  -1.49310779e+06]
 [  6.74752630e+06   3.02839479e+06]
 [ -5.28603351e+06  -2.37224036e+06]]