[[ -2.89545638e+09  -1.06040858e+09]
 [  5.96754025e+06   2.18550333e+06]
 [  5.10964379e+09   1.87131471e+09]
 [ -3.95738495e+05  -1.44927949e+05]
 [ -5.51468881e+08  -2.01965512e+08]
 [ -9.08559062e+06  -3.32743301e+06]
 [  6.52674928e+05   2.39029690e+05]
 [  1.05324189e+08   3.85730794e+07]
 [  1.91553804e+05   7.01503882e+04]
 [  4.67999551e+07   1.71396367e+07]
 [ -1.80366362e+09  -6.60559208e+08]
 [ -2.32288640e+07  -8.50715196e+06]
 [  1.65675237e+08   6.06755605e+07]
 [  2.86965067e+07   1.05095718e+07]
 [  1.07203510e+08   3.92613479e+07]
 [ -8.20559348e+07  -3.00514984e+07]
 [ -1.71339542e+06  -6.27500060e+05]
 [ -5.60642040e+07  -2.05325016e+07]
 [ -1.02228541e+08  -3.74393558e+07]
 [ -7.42158747e+07  -2.71802230e+07]
 [  2.75028236e+07   1.00724159e+07]
 [  3.42354973e+06   1.25381315e+06]
 [ -6.94487098e+06  -2.54343348e+06]
 [  5.44055170e+06   1.99250379e+06]]