[[  2.69264614e+09  -1.50259467e+09]
 [ -5.54954809e+06   3.09684959e+06]
 [ -4.75174233e+09   2.65164539e+09]
 [  3.68020112e+05  -2.05363735e+05]
 [  5.12841625e+08  -2.86184315e+08]
 [  8.44919686e+06  -4.71495914e+06]
 [ -6.06958913e+05   3.38704343e+05]
 [ -9.79468296e+07   5.46578977e+07]
 [ -1.78137112e+05   9.94037534e+04]
 [ -4.35218851e+07   2.42867960e+07]
 [  1.67732725e+09  -9.36009730e+08]
 [  2.16018143e+07  -1.20545999e+07]
 [ -1.54070630e+08   8.59770242e+07]
 [ -2.66864819e+07   1.48920207e+07]
 [ -9.96945149e+07   5.56331715e+07]
 [  7.63083857e+07  -4.25828518e+07]
 [  1.59338184e+06  -8.89165051e+05]
 [  5.21372256e+07  -2.90944719e+07]
 [  9.50680135e+07  -5.30514160e+07]
 [  6.90174751e+07  -3.85142663e+07]
 [ -2.55764058e+07   1.42725728e+07]
 [ -3.18374959e+06   1.77664816e+06]
 [  6.45842231e+06  -3.60403497e+06]
 [ -5.05947200e+06   2.82336983e+06]]