[[ -1.79606002e+09   2.50645215e+09]
 [  3.70168171e+06  -5.16580235e+06]
 [  3.16952693e+09  -4.42316374e+09]
 [ -2.45473053e+05   3.42572689e+05]
 [ -3.42077754e+08   4.77379099e+08]
 [ -5.63581943e+06   7.86494162e+06]
 [  4.04855416e+05  -5.64988360e+05]
 [  6.53329059e+07  -9.11738922e+07]
 [  1.18818298e+05  -1.65819628e+05]
 [  2.90301520e+07  -4.05123835e+07]
 [ -1.11881780e+09   1.56134162e+09]
 [ -1.44089318e+07   2.01080691e+07]
 [  1.02768836e+08  -1.43416785e+08]
 [  1.78005422e+07  -2.48411210e+07]
 [  6.64986513e+07  -9.28007298e+07]
 [ -5.08995505e+07   7.10317165e+07]
 [ -1.06282432e+06   1.48320081e+06]
 [ -3.47767889e+07   4.85319847e+07]
 [ -6.34126618e+07   8.84941482e+07]
 [ -4.60363232e+07   6.42449805e+07]
 [  1.70600706e+07  -2.38078319e+07]
 [  2.12363816e+06  -2.96359598e+06]
 [ -4.30792382e+06   6.01182827e+06]
 [  3.37478994e+06  -4.70961431e+06]]