[[  2.77286186e+08  -3.07103343e+09]
 [ -5.71278735e+05   6.32942365e+06]
 [ -4.89329217e+08   5.41948663e+09]
 [  3.86328026e+04  -4.19666930e+05]
 [  5.28148044e+07  -5.84909045e+08]
 [  8.71481740e+05  -9.63640395e+06]
 [ -6.26947056e+04   6.92234799e+05]
 [ -1.00937064e+07   1.11710270e+08]
 [ -1.88509315e+04   2.03121878e+05]
 [ -4.48681672e+06   4.96373985e+07]
 [  1.72729506e+08  -1.91303566e+09]
 [  2.22426195e+06  -2.46374595e+07]
 [ -1.58721865e+07   1.75721033e+08]
 [ -2.76596933e+06   3.04348112e+07]
 [ -1.02689067e+07   1.13703981e+08]
 [  7.87993637e+06  -8.70297384e+07]
 [  1.64268641e+05  -1.81727700e+06]
 [  5.36895560e+06  -5.94638792e+07]
 [  9.79013097e+06  -1.08427548e+08]
 [  7.10736958e+06  -7.87162365e+07]
 [ -2.62199811e+06   2.91718373e+07]
 [ -3.28248132e+05   3.63111457e+06]
 [  6.65217802e+05  -7.36598745e+06]
 [ -5.20878102e+05   5.77047319e+06]]