[[ -6.94997911e+08  -3.00418240e+09]
 [  1.43239127e+06   6.19162472e+06]
 [  1.22647048e+09   5.30151380e+09]
 [ -9.49856574e+04  -4.10598090e+05]
 [ -1.32369365e+08  -5.72176848e+08]
 [ -2.18081935e+06  -9.42675948e+06]
 [  1.56661300e+05   6.77183130e+05]
 [  2.52810214e+07   1.09279171e+08]
 [  4.59763432e+04   1.98746353e+05]
 [  1.12334186e+07   4.85573192e+07]
 [ -4.32934323e+08  -1.87139220e+09]
 [ -5.57563644e+06  -2.41011211e+07]
 [  3.97671149e+07   1.71896435e+08]
 [  6.88804141e+06   2.97740740e+07]
 [  2.57321151e+07   1.11229062e+08]
 [ -1.96959326e+07  -8.51371789e+07]
 [ -4.11267236e+05  -1.77773436e+06]
 [ -1.34571202e+07  -5.81694465e+07]
 [ -2.45379703e+07  -1.06067280e+08]
 [ -1.78140753e+07  -7.70027227e+07]
 [  6.60151441e+06   2.85355721e+07]
 [  8.21756513e+05   3.55210591e+06]
 [ -1.66698106e+06  -7.20565479e+06]
 [  1.30589845e+06   5.64484751e+06]]