[[ -2.73315633e+07   3.08340509e+09]
 [  5.63307445e+04  -6.35490270e+06]
 [  4.82323112e+07  -5.44131897e+09]
 [ -3.73902428e+03   4.21425066e+05]
 [ -5.20557271e+06   5.87265610e+08]
 [ -8.57635549e+04   9.67535074e+06]
 [  6.16150321e+03  -6.95040855e+05]
 [  9.94205923e+05  -1.12160950e+08]
 [  1.81046136e+03  -2.03986909e+05]
 [  4.41767914e+05  -4.98378148e+07]
 [ -1.70256224e+07   1.92074231e+09]
 [ -2.19267831e+05   2.47366869e+07]
 [  1.56388735e+06  -1.76429482e+08]
 [  2.70885719e+05  -3.05592411e+07]
 [  1.01194456e+06  -1.14162262e+08]
 [ -7.74569886e+05   8.73823153e+07]
 [ -1.61735959e+04   1.82461464e+06]
 [ -5.29216157e+05   5.97034213e+07]
 [ -9.64982905e+05   1.08864359e+08]
 [ -7.00558258e+05   7.90333461e+07]
 [  2.59607690e+05  -2.92880773e+07]
 [  3.23165756e+04  -3.64577780e+06]
 [ -6.55559052e+04   7.39567369e+06]
 [  5.13558560e+04  -5.79370665e+06]]