[[  2.08197477e+09  -2.27453623e+09]
 [ -4.29095292e+06   4.68782300e+06]
 [ -3.67408383e+09   4.01389916e+09]
 [  2.84551765e+05  -3.10875152e+05]
 [  3.96533100e+08  -4.33208373e+08]
 [  6.53298389e+06  -7.13721856e+06]
 [ -4.69304591e+05   5.12711377e+05]
 [ -7.57332430e+07   8.27377974e+07]
 [ -1.37734192e+05   1.50476673e+05]
 [ -3.36514564e+07   3.67638740e+07]
 [  1.29692237e+09  -1.41687448e+09]
 [  1.67026897e+07  -1.82475181e+07]
 [ -1.19128599e+08   1.30146782e+08]
 [ -2.06341894e+07   2.25426446e+07]
 [ -7.70845676e+07   8.42141052e+07]
 [  5.90022284e+07  -6.44593363e+07]
 [  1.23201509e+06  -1.34596397e+06]
 [  4.03129051e+07  -4.40414381e+07]
 [  7.35073215e+07  -8.03060000e+07]
 [  5.33648442e+07  -5.83005487e+07]
 [ -1.97758773e+07   2.16049426e+07]
 [ -2.46169968e+06   2.68938186e+06]
 [  4.99370194e+06  -5.45556851e+06]
 [ -3.91202282e+06   4.27384506e+06]]