[[ -3.05565018e+09   4.13685799e+08]
 [  6.29769974e+06  -8.52607384e+05]
 [  5.39233957e+09  -7.30035892e+08]
 [ -4.17631209e+05   5.65441376e+04]
 [ -5.81979407e+08   7.87906354e+07]
 [ -9.58825912e+06   1.29809643e+06]
 [  6.88784448e+05  -9.32509478e+04]
 [  1.11151346e+08  -1.50481040e+07]
 [  2.02150447e+05  -2.73703024e+04]
 [  4.93892053e+07  -6.68650457e+06]
 [ -1.90345298e+09   2.57696863e+08]
 [ -2.45140226e+07   3.31880334e+06]
 [  1.74841372e+08  -2.36707069e+07]
 [  3.02841646e+07  -4.09999696e+06]
 [  1.13134644e+08  -1.53166087e+07]
 [ -8.65957526e+07   1.17236781e+07]
 [ -1.80819058e+06   2.44799955e+05]
 [ -5.91660080e+07   8.01012412e+06]
 [ -1.07884430e+08   1.46058135e+07]
 [ -7.83219367e+07   1.06035282e+07]
 [  2.90244449e+07  -3.92943572e+06]
 [  3.61296074e+06  -4.89136814e+05]
 [ -7.32910239e+06   9.92242419e+05]
 [  5.74155529e+06  -7.77313999e+05]]