[[ -2.50559069e+09  -1.79726160e+09]
 [  5.16402670e+06   3.70415842e+06]
 [  4.42164352e+09   3.17164737e+09]
 [ -3.42454706e+05  -2.45637621e+05]
 [ -4.77215026e+08  -3.42306606e+08]
 [ -7.86223908e+06  -5.63958898e+06]
 [  5.64794161e+05   4.05126290e+05]
 [  9.11425587e+07   6.53766104e+07]
 [  1.65762485e+05   1.18898005e+05]
 [  4.04984616e+07   2.90495707e+07]
 [ -1.56080499e+09  -1.11956629e+09]
 [ -2.01011578e+07  -1.44185718e+07]
 [  1.43367495e+08   1.02837586e+08]
 [  2.48325918e+07   1.78124390e+07]
 [  9.27688354e+07   6.65431382e+07]
 [ -7.10073116e+07  -5.09335909e+07]
 [ -1.48269113e+06  -1.06353524e+06]
 [ -4.85153044e+07  -3.48000550e+07]
 [ -8.84637332e+07  -6.34550853e+07]
 [ -6.42228998e+07  -4.60671219e+07]
 [  2.37996432e+07   1.70714924e+07]
 [  2.96257755e+06   2.12505867e+06]
 [ -6.00976209e+06  -4.31080578e+06]
 [  4.70799557e+06   3.37704780e+06]]