[[  3.08322427e+09  -4.31515004e+07]
 [ -6.35453004e+06   8.89349625e+04]
 [ -5.44099988e+09   7.61499286e+07]
 [  4.21400429e+05  -5.89447602e+03]
 [  5.87231171e+08  -8.21863809e+06]
 [  9.67478336e+06  -1.35403841e+05]
 [ -6.95000110e+05   9.72636432e+03]
 [ -1.12154373e+08   1.56966372e+06]
 [ -2.03974998e+05   2.85258432e+03]
 [ -4.98348922e+07   6.97467038e+05]
 [  1.92062968e+09  -2.68803190e+07]
 [  2.47352363e+07  -3.46184100e+05]
 [ -1.76419136e+08   2.46908631e+06]
 [ -3.05574492e+07   4.27664510e+05]
 [ -1.14155567e+08   1.59767247e+06]
 [  8.73771911e+07  -1.22288983e+06]
 [  1.82450765e+06  -2.55349919e+04]
 [  5.96999202e+07  -8.35534797e+05]
 [  1.08857975e+08  -1.52353008e+06]
 [  7.90287114e+07  -1.10605236e+06]
 [ -2.92863597e+07   4.09882770e+05]
 [ -3.64556401e+06   5.10217001e+04]
 [  7.39523999e+06  -1.03500626e+05]
 [ -5.79336689e+06   8.10815462e+04]]