[[ -1.94638835e+09   2.39159076e+09]
 [  4.01150930e+06  -4.92907238e+06]
 [  3.43481299e+09  -4.22046658e+09]
 [ -2.66020203e+05   3.26873551e+05]
 [ -3.70709298e+08   4.55502591e+08]
 [ -6.10752928e+06   7.50452220e+06]
 [  4.38741514e+05  -5.39097059e+05]
 [  7.08011914e+07  -8.69957384e+07]
 [  1.28764103e+05  -1.58220551e+05]
 [  3.14599379e+07  -3.86558567e+07]
 [ -1.21246167e+09   1.48979113e+09]
 [ -1.56149449e+07   1.91865905e+07]
 [  1.11370471e+08  -1.36844532e+08]
 [  1.92903968e+07  -2.37027675e+07]
 [  7.20645150e+07  -8.85480195e+07]
 [ -5.51597580e+07   6.77766191e+07]
 [ -1.15178128e+06   1.41523145e+06]
 [ -3.76875697e+07   4.63079440e+07]
 [ -6.87202346e+07   8.44387903e+07]
 [ -4.98895150e+07   6.13008717e+07]
 [  1.84880032e+07  -2.27167912e+07]
 [  2.30138386e+06  -2.82778579e+06]
 [ -4.66849228e+06   5.73632868e+06]
 [  3.65725656e+06  -4.49379000e+06]]