[[  2.65804160e+09  -1.56299354e+09]
 [ -5.47822832e+06   3.22133139e+06]
 [ -4.69067533e+09   2.75823194e+09]
 [  3.63290859e+05  -2.13618394e+05]
 [  5.06250841e+08  -2.97687891e+08]
 [  8.34061131e+06  -4.90448471e+06]
 [ -5.99158613e+05   3.52319047e+05]
 [ -9.66880631e+07   5.68549528e+07]
 [ -1.75848010e+05   1.03399296e+05]
 [ -4.29625615e+07   2.52630413e+07]
 [  1.65577108e+09  -9.73633935e+08]
 [  2.13241988e+07  -1.25391509e+07]
 [ -1.52090589e+08   8.94329940e+07]
 [ -2.63435105e+07   1.54906440e+07]
 [ -9.84132900e+07   5.78694256e+07]
 [  7.53276990e+07  -4.42945454e+07]
 [  1.57290440e+06  -9.24906441e+05]
 [  5.14671842e+07  -3.02639644e+07]
 [  9.38462471e+07  -5.51838911e+07]
 [  6.81304972e+07  -4.00624005e+07]
 [ -2.52477179e+07   1.48462657e+07]
 [ -3.14283346e+06   1.84806330e+06]
 [  6.37542184e+06  -3.74890426e+06]
 [ -4.99445029e+06   2.93685894e+06]]