[[  1.25533926e+09   2.81642634e+09]
 [ -2.58725662e+06  -5.80465887e+06]
 [ -2.21531104e+09  -4.97017861e+09]
 [  1.71577461e+05   3.84934074e+05]
 [  2.39092028e+08   5.36416812e+08]
 [  3.93910233e+06   8.83760376e+06]
 [ -2.82970932e+05  -6.34859990e+05]
 [ -4.56638173e+07  -1.02449417e+08]
 [ -8.30511408e+04  -1.86323495e+05]
 [ -2.02903496e+07  -4.55225731e+07]
 [  7.81987176e+08   1.75443352e+09]
 [  1.00709874e+07   2.25948439e+07]
 [ -7.18293091e+07  -1.61153213e+08]
 [ -1.24415124e+07  -2.79132472e+07]
 [ -4.64786060e+07  -1.04277444e+08]
 [  3.55757531e+07   7.98162564e+07]
 [  7.42850973e+05   1.66662912e+06]
 [  2.43069096e+07   5.45339594e+07]
 [  4.43216835e+07   9.94382638e+07]
 [  3.21766552e+07   7.21901894e+07]
 [ -1.19239824e+07  -2.67521497e+07]
 [ -1.48429673e+06  -3.33010560e+06]
 [  3.01098275e+06   6.75531418e+06]
 [ -2.35877776e+06  -5.29205457e+06]]