[[ -1.28941391e+09   2.80099013e+09]
 [  2.65748431e+06  -5.77284493e+06]
 [  2.27544295e+09  -4.94293818e+09]
 [ -1.76234327e+05   3.82824409e+05]
 [ -2.45581891e+08   5.33476831e+08]
 [ -4.04602516e+06   8.78916650e+06]
 [  2.90651794e+05  -6.31380463e+05]
 [  4.69033088e+07  -1.01887913e+08]
 [  8.53052110e+04  -1.85302342e+05]
 [  2.08411086e+07  -4.52730730e+07]
 [ -8.03213263e+08   1.74481786e+09]
 [ -1.03443518e+07   2.24710067e+07]
 [  7.37790304e+07  -1.60269967e+08]
 [  1.27792320e+07  -2.77602563e+07]
 [  4.77402120e+07  -1.03705922e+08]
 [ -3.65414229e+07   7.93787970e+07]
 [ -7.63014850e+05   1.65749465e+06]
 [ -2.49666909e+07   5.42350710e+07]
 [ -4.55247415e+07   9.88932649e+07]
 [ -3.30500512e+07   7.17945311e+07]
 [  1.22476373e+07  -2.66055304e+07]
 [  1.52458633e+06  -3.31185396e+06]
 [ -3.09271227e+06   6.71828979e+06]
 [  2.42280382e+06  -5.26305004e+06]]