[[ -1.66561277e+09   2.59496976e+09]
 [  3.43283015e+06  -5.34823696e+06]
 [  2.93932523e+09  -4.57937175e+09]
 [ -2.27645378e+05   3.54669774e+05]
 [ -3.17232758e+08   4.94238173e+08]
 [ -5.22649074e+06   8.14269991e+06]
 [  3.75451020e+05  -5.84941267e+05]
 [  6.05877942e+07  -9.43937837e+07]
 [  1.10189181e+05  -1.71674929e+05]
 [  2.69216985e+07  -4.19431174e+07]
 [ -1.03755843e+09   1.61648180e+09]
 [ -1.33624161e+07   2.08182034e+07]
 [  9.53047658e+07  -1.48481680e+08]
 [  1.65076810e+07  -2.57184188e+07]
 [  6.16688747e+07  -9.60780722e+07]
 [ -4.72027195e+07   7.35402765e+07]
 [ -9.85631605e+05   1.53558149e+06]
 [ -3.22509623e+07   5.02459354e+07]
 [ -5.88070209e+07   9.16193987e+07]
 [ -4.26927202e+07   6.65138498e+07]
 [  1.58210130e+07  -2.46486189e+07]
 [  1.96939877e+06  -3.06825824e+06]
 [ -3.99504064e+06   6.22414148e+06]
 [  3.12968017e+06  -4.87593849e+06]]