[[ -2.96923508e+09  -8.31731347e+08]
 [  6.11959804e+06   1.71419987e+06]
 [  5.23984188e+09   1.46776548e+09]
 [ -4.05819897e+05  -1.13680597e+05]
 [ -5.65520778e+08  -1.58411628e+08]
 [ -9.31709888e+06  -2.60987276e+06]
 [  6.69305233e+05   1.87484026e+05]
 [  1.08007938e+08   3.02547949e+07]
 [  1.96433199e+05   5.50266784e+04]
 [  4.79924569e+07   1.34434754e+07]
 [ -1.84962251e+09  -5.18109540e+08]
 [ -2.38207555e+07  -6.67258314e+06]
 [  1.69896782e+08   4.75908728e+07]
 [  2.94277134e+07   8.24319623e+06]
 [  1.09935147e+08   3.07946354e+07]
 [ -8.41467855e+07  -2.35709034e+07]
 [ -1.75705415e+06  -4.92179743e+05]
 [ -5.74927678e+07  -1.61046653e+07]
 [ -1.04833411e+08  -2.93655546e+07]
 [ -7.61069585e+07  -2.13188049e+07]
 [  2.82036225e+07   7.90028775e+06]
 [  3.51078462e+06   9.83428436e+05]
 [ -7.12183220e+06  -1.99494184e+06]
 [  5.57918164e+06   1.56282001e+06]]