[[ -2.18968908e+09   2.17103563e+09]
 [  4.51295284e+06  -4.47450758e+06]
 [  3.86416846e+09  -3.83125052e+09]
 [ -2.99278955e+05   2.96724070e+05]
 [ -4.17048378e+08   4.13495640e+08]
 [ -6.87097888e+06   6.81244571e+06]
 [  4.93585758e+05  -4.89380071e+05]
 [  7.96514264e+07  -7.89728908e+07]
 [  1.44863701e+05  -1.43626060e+05]
 [  3.53924703e+07  -3.50909674e+07]
 [ -1.36402073e+09   1.35240096e+09]
 [ -1.75668298e+07   1.74171826e+07]
 [  1.25291910e+08  -1.24224575e+08]
 [  2.17017403e+07  -2.15168553e+07]
 [  8.10726624e+07  -8.03820222e+07]
 [ -6.20548111e+07   6.15261685e+07]
 [ -1.29575545e+06   1.28471709e+06]
 [ -4.23985580e+07   4.20373747e+07]
 [ -7.73103409e+07   7.66517523e+07]
 [ -5.61257602e+07   5.56476381e+07]
 [  2.07990084e+07  -2.06218359e+07]
 [  2.58905979e+06  -2.56700400e+06]
 [ -5.25205917e+06   5.20731805e+06]
 [  4.11441754e+06  -4.07936790e+06]]