[[  1.00157105e+09   2.91633150e+09]
 [ -2.06423904e+06  -6.01056392e+06]
 [ -1.76748347e+09  -5.14648235e+09]
 [  1.36886633e+05   3.98591415e+05]
 [  1.90759311e+08   5.55444758e+08]
 [  3.14280838e+06   9.15109408e+06]
 [ -2.25766991e+05  -6.57380423e+05]
 [ -3.64328260e+07  -1.06083535e+08]
 [ -6.62581244e+04  -1.92934698e+05]
 [ -1.61886329e+07  -4.71373643e+07]
 [  6.23907607e+08   1.81666734e+09]
 [  8.03512642e+06   2.33963352e+07]
 [ -5.73089349e+07  -1.66869691e+08]
 [ -9.92644601e+06  -2.89033954e+07]
 [ -3.70829045e+07  -1.07976406e+08]
 [  2.83840745e+07   8.26475245e+07]
 [  5.92682821e+05   1.72574832e+06]
 [  1.93932411e+07   5.64684052e+07]
 [  3.53620064e+07   1.02965569e+08]
 [  2.56721089e+07   7.47509425e+07]
 [ -9.51353689e+06  -2.77011098e+07]
 [ -1.18424452e+06  -3.44823216e+06]
 [  2.40230929e+06   6.99494081e+06]
 [ -1.88194825e+06  -5.47977599e+06]]