[[  1.67331892e+09  -2.59000729e+09]
 [ -3.44871236e+06   5.33800941e+06]
 [ -2.95292435e+09   4.57061443e+09]
 [  2.28697983e+05  -3.53991948e+05]
 [  3.18700471e+08  -4.93293020e+08]
 [  5.25067199e+06  -8.12712809e+06]
 [ -3.77187994e+05   5.83822723e+05]
 [ -6.08681117e+07   9.42132697e+07]
 [ -1.10698576e+05   1.71346906e+05]
 [ -2.70462557e+07   4.18629072e+07]
 [  1.04235881e+09  -1.61339054e+09]
 [  1.34242388e+07  -2.07783920e+07]
 [ -9.57457050e+07   1.48197732e+08]
 [ -1.65840600e+07   2.56692335e+07]
 [ -6.19541931e+07   9.58943379e+07]
 [  4.74211123e+07  -7.33996396e+07]
 [  9.90191781e+05  -1.53264491e+06]
 [  3.24001749e+07  -5.01498480e+07]
 [  5.90790982e+07  -9.14441912e+07]
 [  4.28902429e+07  -6.63866526e+07]
 [ -1.58942075e+07   2.46014844e+07]
 [ -1.97851049e+06   3.06239063e+06]
 [  4.01352417e+06  -6.21223878e+06]
 [ -3.14415995e+06   4.86661406e+06]]