[[  4.60998703e+08   3.04887097e+09]
 [ -9.50119336e+05  -6.28372777e+06]
 [ -8.13529494e+08  -5.38037621e+09]
 [  6.30098899e+04   4.16704716e+05]
 [  8.78018547e+07   5.80688237e+08]
 [  1.44655825e+06   9.56698681e+06]
 [ -1.03915771e+05  -6.87256333e+05]
 [ -1.67691415e+07  -1.10904748e+08]
 [ -3.04998531e+04  -2.01701998e+05]
 [ -7.45123334e+06  -4.92796314e+07]
 [  2.87169441e+08   1.89923001e+09]
 [  3.69837231e+06   2.44596362e+07]
 [ -2.63779047e+07  -1.74453472e+08]
 [ -4.56890455e+06  -3.02169772e+07]
 [ -1.70683561e+07  -1.12883645e+08]
 [  1.30645001e+07   8.64036332e+07]
 [  2.72797470e+05   1.80417896e+06]
 [  8.92623542e+06   5.90347432e+07]
 [  1.62762683e+07   1.07645079e+08]
 [  1.18162450e+07   7.81481729e+07]
 [ -4.37884609e+06  -2.89600514e+07]
 [ -5.45078893e+05  -3.60494509e+06]
 [  1.10572433e+06   7.31284217e+06]
 [ -8.66214805e+05  -5.72881716e+06]]