[[  2.96329793e+09   8.52642557e+08]
 [ -6.10736176e+06  -1.75729729e+06]
 [ -5.22936454e+09  -1.50466772e+09]
 [  4.05010444e+05   1.16531569e+05]
 [  5.64389990e+08   1.62394377e+08]
 [  9.29846920e+06   2.67548834e+06]
 [ -6.67967274e+05  -1.92196452e+05]
 [ -1.07791972e+08  -3.10154490e+07]
 [ -1.96041751e+05  -5.64053968e+04]
 [ -4.78964945e+07  -1.37814644e+07]
 [  1.84592409e+09   5.31135738e+08]
 [  2.37731245e+07   6.84034442e+06]
 [ -1.69557066e+08  -4.87873877e+07]
 [ -2.93688761e+07  -8.45042696e+06]
 [ -1.09715326e+08  -3.15688656e+07]
 [  8.39785342e+07   2.41635010e+07]
 [  1.75354087e+06   5.04553848e+05]
 [  5.73778079e+07   1.65095654e+07]
 [  1.04623791e+08   3.01038569e+07]
 [  7.59547786e+07   2.18547976e+07]
 [ -2.81472243e+07  -8.09892786e+06]
 [ -3.50376470e+06  -1.00815329e+06]
 [  7.10759175e+06   2.04509814e+06]
 [ -5.56802573e+06  -1.60211223e+06]]