[[  1.51572594e+09  -2.68527631e+09]
 [ -3.12391321e+06   5.53435883e+06]
 [ -2.67481828e+09   4.73873671e+09]
 [  2.07159646e+05  -3.67012190e+05]
 [  2.88685298e+08  -5.11437966e+08]
 [  4.75616389e+06  -8.42607099e+06]
 [ -3.41664525e+05   6.05297536e+05]
 [ -5.51355583e+07   9.76787460e+07]
 [ -1.00273264e+05   1.77649119e+05]
 [ -2.44990412e+07   4.34027640e+07]
 [  9.44189579e+08  -1.67273637e+09]
 [  1.21599457e+07  -2.15426897e+07]
 [ -8.67283844e+07   1.53648935e+08]
 [ -1.50221690e+07   2.66134371e+07]
 [ -5.61193539e+07   9.94216485e+07]
 [  4.29549917e+07  -7.60995248e+07]
 [  8.96935578e+05  -1.58902069e+06]
 [  2.93487303e+07  -5.19945249e+07]
 [  5.35150357e+07  -9.48078103e+07]
 [  3.88508449e+07  -6.88285728e+07]
 [ -1.43972974e+07   2.55064050e+07]
 [ -1.79217450e+06   3.17503554e+06]
 [  3.63553090e+06  -6.44074545e+06]
 [ -2.84804339e+06   5.04562414e+06]]