[[  1.94242202e+09   2.39481329e+09]
 [ -4.00345680e+06  -4.93561509e+06]
 [ -3.42781354e+09  -4.22615343e+09]
 [  2.64846871e+05   3.27824539e+05]
 [  3.69951690e+08   4.56118122e+08]
 [  6.09414640e+06   7.51539372e+06]
 [ -4.37697115e+05  -5.39945241e+05]
 [ -7.06522198e+07  -8.71167667e+07]
 [ -1.28071119e+05  -1.58781696e+05]
 [ -3.13925528e+07  -3.87105994e+07]
 [  1.20999056e+09   1.49179883e+09]
 [  1.55833140e+07   1.92122898e+07]
 [ -1.11139390e+08  -1.37032273e+08]
 [ -1.92390157e+07  -2.37442975e+07]
 [ -7.19158500e+07  -8.86688021e+07]
 [  5.50330216e+07   6.78795651e+07]
 [  1.14931016e+06   1.41723891e+06]
 [  3.76108197e+07   4.63703013e+07]
 [  6.85801079e+07   8.45526388e+07]
 [  4.97878322e+07   6.13834859e+07]
 [ -1.84584233e+07  -2.27410323e+07]
 [ -2.29643793e+06  -2.83180381e+06]
 [  4.65888807e+06   5.74413162e+06]
 [ -3.64989889e+06  -4.49976808e+06]]