[[  6.04576483e+08   3.02367678e+09]
 [ -1.24603350e+06  -6.23180246e+06]
 [ -1.06690279e+09  -5.33591575e+09]
 [  8.26340056e+04   4.13261041e+05]
 [  1.15147691e+08   5.75889749e+08]
 [  1.89708765e+06   9.48793053e+06]
 [ -1.36280218e+05  -6.81577183e+05]
 [ -2.19918796e+07  -1.09988292e+08]
 [ -3.99988266e+04  -2.00035074e+05]
 [ -9.77191463e+06  -4.88724117e+07]
 [  3.76608197e+08   1.88353582e+09]
 [  4.85022834e+06   2.42575152e+07]
 [ -3.45932867e+07  -1.73011885e+08]
 [ -5.99188252e+06  -2.99672812e+07]
 [ -2.23842852e+07  -1.11950837e+08]
 [  1.71334268e+07   8.56896416e+07]
 [  3.57760040e+05   1.78927023e+06]
 [  1.17063063e+07   5.85469126e+07]
 [  2.13455026e+07   1.06755559e+08]
 [  1.54964077e+07   7.75023995e+07]
 [ -5.74263854e+06  -2.87207411e+07]
 [ -7.14843320e+05  -3.57515582e+06]
 [  1.45010151e+06   7.25241287e+06]
 [ -1.13599694e+06  -5.68147737e+06]]