[[ -2.47557774e+09   1.83838212e+09]
 [  5.10217008e+06  -3.78890775e+06]
 [  4.36867934e+09  -3.24421320e+09]
 [ -3.38353006e+05   2.51257457e+05]
 [ -4.71498757e+08   3.50138425e+08]
 [ -7.76806181e+06   5.76862055e+06]
 [  5.58028883e+05  -4.14395368e+05]
 [  9.00508161e+07  -6.68723988e+07]
 [  1.63777149e+05  -1.21618183e+05]
 [  4.00133542e+07  -2.97142126e+07]
 [ -1.54210906e+09   1.14518146e+09]
 [ -1.98603783e+07   1.47484620e+07]
 [  1.41650182e+08  -1.05190464e+08]
 [  2.45351333e+07  -1.82199845e+07]
 [  9.16576134e+07  -6.80656152e+07]
 [ -7.01567543e+07   5.20989329e+07]
 [ -1.46493083e+06   1.08786849e+06]
 [ -4.79341690e+07   3.55962642e+07]
 [ -8.74040798e+07   6.49069086e+07]
 [ -6.34536126e+07   4.71211165e+07]
 [  2.35145645e+07  -1.74620767e+07]
 [  2.92709056e+06  -2.17367913e+06]
 [ -5.93777477e+06   4.40943507e+06]
 [  4.65160138e+06  -3.45431307e+06]]