[[  2.57339237e+09   1.69876004e+09]
 [ -5.30376546e+06  -3.50114744e+06]
 [ -4.54129389e+09  -2.99782058e+09]
 [  3.51717257e+05   2.32181045e+05]
 [  4.90128541e+08   3.23545990e+08]
 [  8.07499276e+06   5.33050272e+06]
 [ -5.80076862e+05  -3.82923738e+05]
 [ -9.36088918e+07  -6.17935480e+07]
 [ -1.70245186e+05  -1.12385557e+05]
 [ -4.15943571e+07  -2.74574653e+07]
 [  1.60304062e+09   1.05820682e+09]
 [  2.06450984e+07   1.36283407e+07]
 [ -1.47247043e+08  -9.72014203e+07]
 [ -2.55045692e+07  -1.68361976e+07]
 [ -9.52791751e+07  -6.28961434e+07]
 [  7.29287840e+07   4.81420965e+07]
 [  1.52281302e+06   1.00524659e+06]
 [  4.98281362e+07   3.28927869e+07]
 [  9.08575758e+07   5.99773362e+07]
 [  6.59607816e+07   4.35423457e+07]
 [ -2.44436628e+07  -1.61358674e+07]
 [ -3.04274544e+06  -2.00859162e+06]
 [  6.17238724e+06   4.07454569e+06]
 [ -4.83539465e+06  -3.19196377e+06]]