[[ -1.92505589e+09  -2.40879509e+09]
 [  3.96754302e+06   4.96453058e+06]
 [  3.39716735e+09   4.25082727e+09]
 [ -2.63104109e+05  -3.29225294e+05]
 [ -3.66646315e+08  -4.58779331e+08]
 [ -6.04059050e+06  -7.55850737e+06]
 [  4.33932807e+05   5.42975205e+05]
 [  7.00252081e+07   8.76215580e+07]
 [  1.27352510e+05   1.59358950e+05]
 [  3.11151358e+07   3.89339347e+07]
 [ -1.19917305e+09  -1.50050821e+09]
 [ -1.54438047e+07  -1.93246126e+07]
 [  1.10149847e+08   1.37828948e+08]
 [  1.90789720e+07   2.38732785e+07]
 [  7.12746859e+07   8.91850056e+07]
 [ -5.45552045e+07  -6.82641828e+07]
 [ -1.13915772e+06  -1.42541218e+06]
 [ -3.72745129e+07  -4.66410686e+07]
 [ -6.79670590e+07  -8.50462159e+07]
 [ -4.93427246e+07  -6.17418506e+07]
 [  1.82853754e+07   2.28802079e+07]
 [  2.27616061e+06   2.84812798e+06]
 [ -4.61732547e+06  -5.77759399e+06]
 [  3.61717294e+06   4.52611688e+06]]