[[  1.22175807e+09   2.83115545e+09]
 [ -2.51804577e+06  -5.83501559e+06]
 [ -2.15604994e+09  -4.99617124e+09]
 [  1.66987411e+05   3.86947375e+05]
 [  2.32696151e+08   5.39222121e+08]
 [  3.83372831e+06   8.88382207e+06]
 [ -2.75401212e+05  -6.38180168e+05]
 [ -4.44422774e+07  -1.02985199e+08]
 [ -8.08293059e+04  -1.87298052e+05]
 [ -1.97475678e+07  -4.57606437e+07]
 [  7.61068480e+08   1.76360871e+09]
 [  9.80158163e+06   2.27130085e+07]
 [ -6.99078245e+07  -1.61996000e+08]
 [ -1.21086888e+07  -2.80592276e+07]
 [ -4.52352708e+07  -1.04822785e+08]
 [  3.46240730e+07   8.02336747e+07]
 [  7.22979155e+05   1.67534514e+06]
 [  2.36566830e+07   5.48191566e+07]
 [  4.31360479e+07   9.99582979e+07]
 [  3.13159075e+07   7.25677237e+07]
 [ -1.16050109e+07  -2.68920544e+07]
 [ -1.44459070e+06  -3.34752115e+06]
 [  2.93043686e+06   6.79064258e+06]
 [ -2.29567887e+06  -5.31973051e+06]]