[[ -2.21920359e+09   2.14085717e+09]
 [  4.57378222e+06  -4.41230978e+06]
 [  3.91625304e+09  -3.77799425e+09]
 [ -3.03313189e+05   2.92599002e+05]
 [ -4.22669715e+08   4.07747846e+08]
 [ -6.96359226e+06   6.71774889e+06]
 [  5.00238798e+05  -4.82577351e+05]
 [  8.07250385e+07  -7.78751268e+07]
 [  1.46816499e+05  -1.41629278e+05]
 [  3.58695218e+07  -3.46031842e+07]
 [ -1.38240617e+09   1.33360192e+09]
 [ -1.78036105e+07   1.71750753e+07]
 [  1.26980704e+08  -1.22497790e+08]
 [  2.19942611e+07  -2.12177538e+07]
 [  8.21654299e+07  -7.92646718e+07]
 [ -6.28912449e+07   6.06709182e+07]
 [ -1.31322081e+06   1.26685883e+06]
 [ -4.29700421e+07   4.14530345e+07]
 [ -7.83523960e+07   7.55862552e+07]
 [ -5.68822713e+07   5.48741085e+07]
 [  2.10793510e+07  -2.03351870e+07]
 [  2.62395747e+06  -2.53132126e+06]
 [ -5.32285097e+06   5.13493372e+06]
 [  4.16987515e+06  -4.02266273e+06]]