[[  9.30284503e+08   2.93984774e+09]
 [ -1.91731808e+06  -6.05903068e+06]
 [ -1.64168332e+09  -5.18798172e+09]
 [  1.27149936e+05   4.01803385e+05]
 [  1.77182071e+08   5.59923663e+08]
 [  2.91912034e+06   9.22488503e+06]
 [ -2.09699145e+05  -6.62680936e+05]
 [ -3.38397316e+07  -1.06938953e+08]
 [ -6.15463070e+04  -1.94489046e+05]
 [ -1.50364128e+07  -4.75174624e+07]
 [  5.79501155e+08   1.83131628e+09]
 [  7.46322815e+06   2.35849949e+07]
 [ -5.32299889e+07  -1.68215267e+08]
 [ -9.21994060e+06  -2.91364599e+07]
 [ -3.44435396e+07  -1.08847088e+08]
 [  2.63638521e+07   8.33139622e+07]
 [  5.50498848e+05   1.73966411e+06]
 [  1.80129324e+07   5.69237460e+07]
 [  3.28451253e+07   1.03795846e+08]
 [  2.38449036e+07   7.53537070e+07]
 [ -8.83640877e+06  -2.79244829e+07]
 [ -1.09995634e+06  -3.47603743e+06]
 [  2.23132561e+06   7.05134547e+06]
 [ -1.74800104e+06  -5.52396293e+06]]