[[ -1.82939186e+09  -2.48222871e+09]
 [  3.77037919e+06   5.11587746e+06]
 [  3.22834799e+09   4.38041638e+09]
 [ -2.50030336e+05  -3.39260811e+05]
 [ -3.48426138e+08  -4.72765503e+08]
 [ -5.74040952e+06  -7.78893227e+06]
 [  4.12369088e+05   5.59527917e+05]
 [  6.65453690e+07   9.02927520e+07]
 [  1.21024485e+05   1.64216354e+05]
 [  2.95688988e+07   4.01208571e+07]
 [ -1.13958116e+09  -1.54625214e+09]
 [ -1.46763376e+07  -1.99137358e+07]
 [  1.04676048e+08   1.42030746e+08]
 [  1.81308735e+07   2.46010574e+07]
 [  6.77327522e+07   9.19038647e+07]
 [ -5.18441437e+07  -7.03452468e+07]
 [ -1.08254838e+06  -1.46886663e+06]
 [ -3.54221875e+07  -4.80629506e+07]
 [ -6.45894935e+07  -8.76389027e+07]
 [ -4.68906796e+07  -6.36240893e+07]
 [  1.73766885e+07   2.35777345e+07]
 [  2.16304899e+06   2.93495472e+06]
 [ -4.38787149e+06  -5.95372746e+06]
 [  3.43742048e+06   4.66409848e+06]]