[[  2.87555053e+09  -1.11325789e+09]
 [ -5.92651397e+06   2.29442664e+06]
 [ -5.07451573e+09   1.96457847e+09]
 [  3.93015516e+05  -1.52157389e+05]
 [  5.47677611e+08  -2.12031197e+08]
 [  9.02312845e+06  -3.49326786e+06]
 [ -6.48187488e+05   2.50943690e+05]
 [ -1.04600100e+08   4.04955095e+07]
 [ -1.90235356e+05   7.36508401e+04]
 [ -4.64782120e+07   1.79938532e+07]
 [  1.79126369e+09  -6.93480575e+08]
 [  2.30691690e+07  -8.93113652e+06]
 [ -1.64536243e+08   6.36995479e+07]
 [ -2.84992218e+07   1.10333564e+07]
 [ -1.06466502e+08   4.12180800e+07]
 [  8.14918115e+07  -3.15492258e+07]
 [  1.70161607e+06  -6.58773824e+05]
 [  5.56787706e+07  -2.15558134e+07]
 [  1.01525734e+08  -3.93052821e+07]
 [  7.37056512e+07  -2.85348482e+07]
 [ -2.73137460e+07   1.05744100e+07]
 [ -3.40001331e+06   1.31630149e+06]
 [  6.89712600e+06  -2.67019472e+06]
 [ -5.40314869e+06   2.09180744e+06]]