[[ -2.27358001e+09  -2.08301894e+09]
 [  4.68585161e+06   4.29310565e+06]
 [  4.01221171e+09   3.67592650e+09]
 [ -3.10739475e+05  -2.84699922e+05]
 [ -4.33026252e+08  -3.96731974e+08]
 [ -7.13421794e+06  -6.53626053e+06]
 [  5.12494988e+05   4.69540884e+05]
 [  8.27030138e+07   7.57712261e+07]
 [  1.50410116e+05   1.37806872e+05]
 [  3.67484180e+07   3.36683341e+07]
 [ -1.41627882e+09  -1.29757282e+09]
 [ -1.82398470e+07  -1.67110664e+07]
 [  1.30092067e+08   1.19188346e+08]
 [  2.25331658e+07   2.06445401e+07]
 [  8.41787013e+07   7.71232281e+07]
 [ -6.44322359e+07  -5.90318217e+07]
 [ -1.34539810e+06  -1.23263301e+06]
 [ -4.40229231e+07  -4.03331232e+07]
 [ -8.02722393e+07  -7.35441877e+07]
 [ -5.82760391e+07  -5.33916083e+07]
 [  2.15958611e+07   1.97857942e+07]
 [  2.68825123e+06   2.46293432e+06]
 [ -5.45327499e+06  -4.99620643e+06]
 [  4.27204835e+06   3.91398480e+06]]