[[  2.86649380e+09   1.13637462e+09]
 [ -5.90784838e+06  -2.34206937e+06]
 [ -5.05853322e+09  -2.00537282e+09]
 [  3.91780127e+05   1.55310652e+05]
 [  5.45952665e+08   2.16434012e+08]
 [  8.99470941e+06   3.56580566e+06]
 [ -6.46146385e+05  -2.56153476e+05]
 [ -1.04270655e+08  -4.13363975e+07]
 [ -1.89637808e+05  -7.51760500e+04]
 [ -4.63318255e+07  -1.83674954e+07]
 [  1.78562199e+09   7.07880656e+08]
 [  2.29965111e+07   9.11659113e+06]
 [ -1.64018026e+08  -6.50222661e+07]
 [ -2.84094600e+07  -1.12624677e+07]
 [ -1.06131178e+08  -4.20739713e+07]
 [  8.12351463e+07   3.22043476e+07]
 [  1.69625670e+06   6.72453262e+05]
 [  5.55034068e+07   2.20034185e+07]
 [  1.01205973e+08   4.01214539e+07]
 [  7.34735105e+07   2.91273725e+07]
 [ -2.72277208e+07  -1.07939838e+07]
 [ -3.38930471e+06  -1.34363450e+06]
 [  6.87540304e+06   2.72564120e+06]
 [ -5.38613114e+06  -2.13524366e+06]]