[[ -9.86399752e+07   3.08194811e+09]
 [  2.03296952e+05  -6.35189986e+06]
 [  1.74071052e+08  -5.43874781e+09]
 [ -1.34780593e+04   4.21226078e+05]
 [ -1.87869766e+07   5.86988112e+08]
 [ -3.09519132e+05   9.67077894e+06]
 [  2.22341247e+04  -6.94712457e+05]
 [  3.58809120e+06  -1.12107952e+08]
 [  6.52328128e+03  -2.03890617e+05]
 [  1.59433803e+06  -4.98142653e+07]
 [ -6.14456963e+07   1.91983472e+09]
 [ -7.91341897e+05   2.47249982e+07]
 [  5.64408075e+06  -1.76346115e+08]
 [  9.77592504e+05  -3.05448017e+07]
 [  3.65211746e+06  -1.14108317e+08]
 [ -2.79539750e+06   8.73410256e+07]
 [ -5.83703630e+04   1.82375247e+06]
 [ -1.90994824e+06   5.96752100e+07]
 [ -3.48263596e+06   1.08812918e+08]
 [ -2.52832406e+06   7.89960009e+07]
 [  9.36954467e+05  -2.92742375e+07]
 [  1.16630349e+05  -3.64405509e+06]
 [ -2.36591933e+05   7.39217905e+06]
 [  1.85344272e+05  -5.79096897e+06]]