[[ -3.03447447e+09   5.47812605e+08]
 [  6.25405650e+06  -1.12904330e+06]
 [  5.35497056e+09  -9.66730945e+08]
 [ -4.14736763e+05   7.48764593e+04]
 [ -5.77946280e+08   1.04336437e+08]
 [ -9.52181250e+06   1.71896889e+06]
 [  6.84011124e+05  -1.23484967e+05]
 [  1.10381066e+08  -1.99270526e+07]
 [  2.00749375e+05  -3.62439687e+04]
 [  4.90469378e+07  -8.85442461e+06]
 [ -1.89026202e+09   3.41248334e+08]
 [ -2.43441399e+07   4.39483901e+06]
 [  1.73629719e+08  -3.13453099e+07]
 [  3.00742973e+07  -5.42929441e+06]
 [  1.12350619e+08  -2.02826167e+07]
 [ -8.59956449e+07   1.55247560e+07]
 [ -1.79565981e+06   3.24169757e+05]
 [ -5.87559865e+07   1.06071975e+07]
 [ -1.07136789e+08   1.93413666e+07]
 [ -7.77791643e+07   1.40414450e+07]
 [  2.88233032e+07  -5.20346634e+06]
 [  3.58792290e+06  -6.47726305e+05]
 [ -7.27831160e+06   1.31395095e+06]
 [  5.70176619e+06  -1.02933790e+06]]