[[  2.92934476e+09   9.62846417e+08]
 [ -6.03738398e+06  -1.98442840e+06]
 [ -5.16944701e+09  -1.69914569e+09]
 [  4.00367930e+05   1.31600102e+05]
 [  5.57923266e+08   1.83383814e+08]
 [  9.19192822e+06   3.02129490e+06]
 [ -6.60313442e+05  -2.17038965e+05]
 [ -1.06556902e+08  -3.50241901e+07]
 [ -1.93794238e+05  -6.37003163e+04]
 [ -4.73477011e+07  -1.55627164e+07]
 [  1.82477368e+09   5.99784913e+08]
 [  2.35007345e+07   7.72445709e+06]
 [ -1.67614298e+08  -5.50931476e+07]
 [ -2.90323697e+07  -9.54264668e+06]
 [ -1.08458219e+08  -3.56491348e+07]
 [  8.30163160e+07   2.72866318e+07]
 [  1.73344897e+06   5.69767359e+05]
 [  5.67203788e+07   1.86434230e+07]
 [  1.03425023e+08   3.39947737e+07]
 [  7.50844965e+07   2.46795253e+07]
 [ -2.78247168e+07  -9.14570966e+06]
 [ -3.46361891e+06  -1.13845693e+06]
 [  7.02615368e+06   2.30942662e+06]
 [ -5.50422786e+06  -1.80918485e+06]]