[[  2.99261514e+09  -7.43228496e+08]
 [ -6.16778442e+06   1.53179528e+06]
 [ -5.28110094e+09   1.31158352e+09]
 [  4.09015555e+05  -1.01584165e+05]
 [  5.69973747e+08  -1.41555367e+08]
 [  9.39046266e+06  -2.33216172e+06]
 [ -6.74575443e+05   1.67534255e+05]
 [ -1.08858403e+08   2.70354443e+07]
 [ -1.97980060e+05   4.91714638e+04]
 [ -4.83703544e+07   1.20129831e+07]
 [  1.86418662e+09  -4.62978552e+08]
 [  2.40083226e+07  -5.96256698e+06]
 [ -1.71234567e+08   4.25268251e+07]
 [ -2.96594300e+07   7.36605780e+06]
 [ -1.10800787e+08   2.75178408e+07]
 [  8.48093658e+07  -2.10627744e+07]
 [  1.77088937e+06  -4.39807924e+05]
 [  5.79454717e+07  -1.43910004e+07]
 [  1.05658880e+08  -2.62408253e+07]
 [  7.67062326e+07  -1.90503139e+07]
 [ -2.84257008e+07   7.05963167e+06]
 [ -3.53842890e+06   8.78783864e+05]
 [  7.17791024e+06  -1.78266414e+06]
 [ -5.62311269e+06   1.39652346e+06]]