[[ -2.89312708e+09  -1.06674723e+09]
 [  5.96273928e+06   2.19856810e+06]
 [  5.10553326e+09   1.88250061e+09]
 [ -3.95417344e+05  -1.45801889e+05]
 [ -5.51025242e+08  -2.03172775e+08]
 [ -9.07828126e+06  -3.34732381e+06]
 [  6.52149391e+05   2.40459822e+05]
 [  1.05239458e+08   3.88036560e+07]
 [  1.91397855e+05   7.05747680e+04]
 [  4.67623052e+07   1.72420926e+07]
 [ -1.80221263e+09  -6.64507741e+08]
 [ -2.32101774e+07  -8.55800346e+06]
 [  1.65541956e+08   6.10382555e+07]
 [  2.86734169e+07   1.05724055e+07]
 [  1.07117268e+08   3.94960363e+07]
 [ -8.19899195e+07  -3.02311445e+07]
 [ -1.71201701e+06  -6.31251097e+05]
 [ -5.60191023e+07  -2.06552359e+07]
 [ -1.02146302e+08  -3.76631519e+07]
 [ -7.41561706e+07  -2.73426945e+07]
 [  2.74807017e+07   1.01326157e+07]
 [  3.42079553e+06   1.26130808e+06]
 [ -6.93928406e+06  -2.55863707e+06]
 [  5.43617500e+06   2.00441401e+06]]