[[ -2.81963012e+09  -1.24812657e+09]
 [  5.81125223e+06   2.57241307e+06]
 [  4.97583239e+09   2.20258268e+09]
 [ -3.85563054e+05  -1.70159092e+05]
 [ -5.37027324e+08  -2.37717580e+08]
 [ -8.84780853e+06  -3.91612705e+06]
 [  6.35621112e+05   2.81257032e+05]
 [  1.02566669e+08   4.53998414e+07]
 [  1.86663766e+05   8.22833128e+04]
 [  4.55748642e+07   2.01726223e+07]
 [ -1.75642932e+09  -7.77494021e+08]
 [ -2.26205053e+07  -1.00132162e+07]
 [  1.61337150e+08   7.14152067e+07]
 [  2.79469978e+07   1.23654724e+07]
 [  1.04396330e+08   4.62109545e+07]
 [ -7.99092552e+07  -3.53663669e+07]
 [ -1.66854516e+06  -7.38537210e+05]
 [ -5.45959867e+07  -2.41672676e+07]
 [ -9.95513921e+07  -4.40669976e+07]
 [ -7.22723111e+07  -3.19917744e+07]
 [  2.67812153e+07   1.18585986e+07]
 [  3.33393312e+06   1.47567953e+06]
 [ -6.76301285e+06  -2.99365060e+06]
 [  5.29805848e+06   2.34526129e+06]]