[[ -2.93102013e+09   9.57734283e+08]
 [  6.04083697e+06  -1.97389212e+06]
 [  5.17240355e+09  -1.69012425e+09]
 [ -4.00596618e+05   1.30902315e+05]
 [ -5.58242356e+08   1.82410159e+08]
 [ -9.19718495e+06   3.00525480e+06]
 [  6.60691028e+05  -2.15886823e+05]
 [  1.06617843e+08  -3.48382376e+07]
 [  1.93904875e+05  -6.33627358e+04]
 [  4.73747793e+07  -1.54800914e+07]
 [ -1.82581731e+09   5.96600418e+08]
 [ -2.35141753e+07   7.68344449e+06]
 [  1.67710160e+08  -5.48006403e+07]
 [  2.90489687e+07  -9.49199733e+06]
 [  1.08520248e+08  -3.54598611e+07]
 [ -8.30637901e+07   2.71417717e+07]
 [ -1.73444033e+06   5.66742393e+05]
 [ -5.67528186e+07   1.85444376e+07]
 [ -1.03484174e+08   3.38142820e+07]
 [ -7.51274392e+07   2.45484920e+07]
 [  2.78406342e+07  -9.09713982e+06]
 [  3.46559975e+06  -1.13241269e+06]
 [ -7.03017208e+06   2.29716507e+06]
 [  5.50737591e+06  -1.79957904e+06]]