[[ -2.71441808e+09  -1.46289729e+09]
 [  5.59441965e+06   3.01503402e+06]
 [  4.79016352e+09   2.58159097e+09]
 [ -3.70992034e+05  -1.99944936e+05]
 [ -5.16988310e+08  -2.78623548e+08]
 [ -8.51751437e+06  -4.59039391e+06]
 [  6.11865959e+05   3.29757187e+05]
 [  9.87387978e+07   5.32138799e+07]
 [  1.79574974e+05   9.67820512e+04]
 [  4.38737896e+07   2.36451587e+07]
 [ -1.69088962e+09  -9.11281079e+08]
 [ -2.17764803e+07  -1.17361264e+07]
 [  1.55316399e+08   8.37055791e+07]
 [  2.69022581e+07   1.44985898e+07]
 [  1.00500615e+08   5.41633868e+07]
 [ -7.69253900e+07  -4.14578504e+07]
 [ -1.60626543e+06  -8.65674046e+05]
 [ -5.25587918e+07  -2.83258185e+07]
 [ -9.58367054e+07  -5.16498388e+07]
 [ -6.95755300e+07  -3.74967492e+07]
 [  2.57832111e+07   1.38954991e+07]
 [  3.20949241e+06   1.72971055e+06]
 [ -6.51064320e+06  -3.50881917e+06]
 [  5.10038142e+06   2.74877855e+06]]