[[  2.98726111e+09   7.64463904e+08]
 [ -6.15674971e+06  -1.57556162e+06]
 [ -5.27165261e+09  -1.34905788e+09]
 [  4.08283447e+05   1.04487766e+05]
 [  5.68954017e+08   1.45599865e+08]
 [  9.37366231e+06   2.39879600e+06]
 [ -6.73368512e+05  -1.72321216e+05]
 [ -1.08663646e+08  -2.78078973e+07]
 [ -1.97625628e+05  -5.05771476e+04]
 [ -4.82838157e+07  -1.23562165e+07]
 [  1.86085144e+09   4.76206702e+08]
 [  2.39653698e+07   6.13292843e+06]
 [ -1.70928214e+08  -4.37418953e+07]
 [ -2.96063663e+07  -7.57652130e+06]
 [ -1.10602556e+08  -2.83040764e+07]
 [  8.46576343e+07   2.16645783e+07]
 [  1.76772110e+06   4.52374063e+05]
 [  5.78418025e+07   1.48021778e+07]
 [  1.05469848e+08   2.69905741e+07]
 [  7.65689988e+07   1.95946165e+07]
 [ -2.83748454e+07  -7.26133718e+06]
 [ -3.53209835e+06  -9.03892363e+05]
 [  7.16506837e+06   1.83359815e+06]
 [ -5.61305249e+06  -1.43642470e+06]]