[[ -2.74077597e+09  -1.41289810e+09]
 [  5.64874364e+06   2.91198501e+06]
 [  4.83667758e+09   2.49335686e+09]
 [ -3.74597974e+05  -1.93104699e+05]
 [ -5.22008437e+08  -2.69100697e+08]
 [ -8.60022273e+06  -4.43350159e+06]
 [  6.17807986e+05   3.18485553e+05]
 [  9.96975861e+07   5.13951217e+07]
 [  1.81321017e+05   9.34699184e+04]
 [  4.42998201e+07   2.28370070e+07]
 [ -1.70730871e+09  -8.80135141e+08]
 [ -2.19879368e+07  -1.13350074e+07]
 [  1.56824574e+08   8.08446705e+07]
 [  2.71634948e+07   1.40030406e+07]
 [  1.01476510e+08   5.23121788e+07]
 [ -7.76723675e+07  -4.00408831e+07]
 [ -1.62186286e+06  -8.36086743e+05]
 [ -5.30691549e+07  -2.73576933e+07]
 [ -9.67673113e+07  -4.98845407e+07]
 [ -7.02511313e+07  -3.62151782e+07]
 [  2.60335696e+07   1.34205858e+07]
 [  3.24065775e+06   1.67059196e+06]
 [ -6.57386372e+06  -3.38889401e+06]
 [  5.14990775e+06   2.65483038e+06]]