[[  2.44482487e+09  -1.87908630e+09]
 [ -5.03878757e+06   3.87280018e+06]
 [ -4.31440941e+09   3.31604432e+09]
 [  3.34144913e+05  -2.56827265e+05]
 [  4.65641564e+08  -3.57890945e+08]
 [  7.67156364e+06  -5.89634451e+06]
 [ -5.51095967e+05   4.23571706e+05]
 [ -8.89321622e+07   6.83530374e+07]
 [ -1.61739393e+05   1.24315347e+05]
 [ -3.95162901e+07   3.03721215e+07]
 [  1.52295220e+09  -1.17053727e+09]
 [  1.96136627e+07  -1.50750122e+07]
 [ -1.39890534e+08   1.07519515e+08]
 [ -2.42303540e+07   1.86233870e+07]
 [ -9.05189974e+07   6.95726755e+07]
 [  6.92852399e+07  -5.32524602e+07]
 [  1.44673281e+06  -1.11195520e+06]
 [  4.73387067e+07  -3.63844120e+07]
 [  8.63183025e+07  -6.63440321e+07]
 [  6.26653600e+07  -4.81644395e+07]
 [ -2.32224488e+07   1.78487181e+07]
 [ -2.89072894e+06   2.22180700e+06]
 [  5.86401283e+06  -4.50706561e+06]
 [ -4.59381679e+06   3.53079615e+06]]