[[ -1.73975032e+09   2.54585993e+09]
 [  3.58562762e+06  -5.24702163e+06]
 [  3.07015658e+09  -4.49270709e+09]
 [ -2.37777706e+05   3.47958085e+05]
 [ -3.31353003e+08   4.84884709e+08]
 [ -5.45912570e+06   7.98859900e+06]
 [  3.92162558e+05  -5.73871312e+05]
 [  6.32845992e+07  -9.26073793e+07]
 [  1.15093567e+05  -1.68426268e+05]
 [  2.81200025e+07  -4.11493427e+07]
 [ -1.08374085e+09   1.58588987e+09]
 [ -1.39571862e+07   2.04242188e+07]
 [  9.95468464e+07  -1.45671662e+08]
 [  1.72424537e+07  -2.52316941e+07]
 [  6.44137984e+07  -9.42597933e+07]
 [ -4.93037488e+07   7.21485228e+07]
 [ -1.02950278e+06   1.50652057e+06]
 [ -3.36864744e+07   4.92950305e+07]
 [ -6.14245612e+07   8.98855006e+07]
 [ -4.45930020e+07   6.52550745e+07]
 [  1.65252137e+07  -2.41821459e+07]
 [  2.05705812e+06  -3.01019136e+06]
 [ -4.17286262e+06   6.10634951e+06]
 [  3.26898431e+06  -4.78366133e+06]]