[[ -3.04136823e+09  -5.08146893e+08]
 [  6.26826470e+06   1.04729132e+06]
 [  5.36713605e+09   8.96732425e+08]
 [ -4.15680288e+05  -6.94475687e+04]
 [ -5.79259265e+08  -9.67817010e+07]
 [ -9.54344434e+06  -1.59450226e+06]
 [  6.85565294e+05   1.14542491e+05]
 [  1.10631832e+08   1.84841834e+07]
 [  2.01206314e+05   3.36148178e+04]
 [  4.91583635e+07   8.21329682e+06]
 [ -1.89455634e+09  -3.16539413e+08]
 [ -2.43994452e+07  -4.07662033e+06]
 [  1.74024174e+08   2.90756742e+07]
 [  3.01426214e+07   5.03616640e+06]
 [  1.12605858e+08   1.88140035e+07]
 [ -8.61910118e+07  -1.44006414e+07]
 [ -1.79973922e+06  -3.00697387e+05]
 [ -5.88894691e+07  -9.83915745e+06]
 [ -1.07380183e+08  -1.79409076e+07]
 [ -7.79558640e+07  -1.30247399e+07]
 [  2.88887837e+07   4.82670133e+06]
 [  3.59607400e+06   6.00825999e+05]
 [ -7.29484656e+06  -1.21881110e+06]
 [  5.71471952e+06   9.54806224e+05]]