[[  3.19645445e+08  -3.06691388e+09]
 [ -6.58789314e+05   6.32091434e+06]
 [ -5.64081842e+08   5.41221675e+09]
 [  4.36844355e+04  -4.19171488e+05]
 [  6.08797003e+07  -5.84124692e+08]
 [  1.00300871e+06  -9.62360332e+06]
 [ -7.20518405e+04   6.91323576e+05]
 [ -1.16273203e+07   1.11561071e+08]
 [ -2.11444867e+04   2.02896150e+05]
 [ -5.16650629e+06   4.95712634e+07]
 [  1.99116404e+08  -1.91046946e+09]
 [  2.56436287e+06  -2.46043858e+07]
 [ -1.82898062e+07   1.75485871e+08]
 [ -3.16796768e+06   3.03957987e+07]
 [ -1.18347886e+07   1.13551679e+08]
 [  9.05861006e+06  -8.69149617e+07]
 [  1.89151212e+05  -1.81485592e+06]
 [  6.18923758e+06  -5.93841050e+07]
 [  1.12855741e+07  -1.08282112e+08]
 [  8.19310094e+06  -7.86106461e+07]
 [ -3.03618772e+06   2.91314337e+07]
 [ -3.77944630e+05   3.62627881e+06]
 [  7.66682746e+05  -7.35611884e+06]
 [ -6.00612586e+05   5.76271973e+06]]