[[  1.12239142e+09   2.87199782e+09]
 [ -2.31325000e+06  -5.91919216e+06]
 [ -1.98069651e+09  -5.06824622e+09]
 [  1.53400102e+05   3.92532133e+05]
 [  2.13770770e+08   5.47000962e+08]
 [  3.52192821e+06   9.01198030e+06]
 [ -2.53001583e+05  -6.47387020e+05]
 [ -4.08277496e+07  -1.04470867e+08]
 [ -7.42513754e+04  -1.90001763e+05]
 [ -1.81414820e+07  -4.64207882e+07]
 [  6.99170114e+08   1.78905060e+09]
 [  9.00441049e+06   2.30406673e+07]
 [ -6.42221612e+07  -1.64332960e+08]
 [ -1.11238841e+07  -2.84640089e+07]
 [ -4.15562471e+07  -1.06334963e+08]
 [  3.18080719e+07   8.13911270e+07]
 [  6.64178678e+05   1.69951372e+06]
 [  2.17326643e+07   5.56099802e+07]
 [  3.96277554e+07   1.01400301e+08]
 [  2.87689573e+07   7.36145887e+07]
 [ -1.06611612e+07  -2.72800020e+07]
 [ -1.32710098e+06  -3.39581258e+06]
 [  2.69210192e+06   6.88860465e+06]
 [ -2.10896925e+06  -5.39647319e+06]]