[[  2.80270798e+09  -1.28567568e+09]
 [ -5.77638517e+06   2.64978034e+06]
 [ -4.94596967e+09   2.26884606e+09]
 [  3.83058928e+05  -1.75724000e+05]
 [  5.33804013e+08  -2.44869904e+08]
 [  8.79455771e+06  -4.03429326e+06]
 [ -6.31767676e+05   2.89809175e+05]
 [ -1.01950404e+08   4.67673207e+07]
 [ -1.85415822e+05   8.50582739e+04]
 [ -4.53008415e+07   2.07806811e+07]
 [  1.74588795e+09  -8.00884612e+08]
 [  2.24847879e+07  -1.03143623e+07]
 [ -1.60368264e+08   7.35651263e+07]
 [ -2.77772932e+07   1.27421575e+07]
 [ -1.03769526e+08   4.76018025e+07]
 [  7.94274909e+07  -3.64354592e+07]
 [  1.65851130e+06  -7.60802500e+05]
 [  5.42683333e+07  -2.48943084e+07]
 [  9.89539161e+07  -4.53927575e+07]
 [  7.18385626e+07  -3.29542335e+07]
 [ -2.66218393e+07   1.22121473e+07]
 [ -3.31388532e+06   1.52016586e+06]
 [  6.72241018e+06  -3.08374580e+06]
 [ -5.26627777e+06   2.41577991e+06]]