[[ -2.50298548e+09   1.80088801e+09]
 [  5.15865729e+06  -3.71163258e+06]
 [  4.41704609e+09  -3.17804693e+09]
 [ -3.42098118e+05   2.46133996e+05]
 [ -4.76718839e+08   3.42997292e+08]
 [ -7.85406434e+06   5.65096811e+06]
 [  5.64206828e+05  -4.05943851e+05]
 [  9.10477930e+07  -6.55085231e+07]
 [  1.65589790e+05  -1.19138399e+05]
 [  4.04563532e+07  -2.91081849e+07]
 [ -1.55918214e+09   1.12182529e+09]
 [ -2.00802575e+07   1.44476647e+07]
 [  1.43218428e+08  -1.03045086e+08]
 [  2.48067730e+07  -1.78483784e+07]
 [  9.26723785e+07  -6.66774049e+07]
 [ -7.09334823e+07   5.10363604e+07]
 [ -1.48114950e+06   1.06568117e+06]
 [ -4.84648603e+07   3.48702725e+07]
 [ -8.83717524e+07   6.35831213e+07]
 [ -6.41561236e+07   4.61600735e+07]
 [  2.37748966e+07  -1.71059393e+07]
 [  2.95949721e+06  -2.12934647e+06]
 [ -6.00351341e+06   4.31950386e+06]
 [  4.70310039e+06  -3.38386182e+06]]