[[  1.06506169e+09   2.89374801e+09]
 [ -2.19509430e+06  -5.96401898e+06]
 [ -1.87952610e+09  -5.10662903e+09]
 [  1.45570731e+05   3.95502502e+05]
 [  2.02851744e+08   5.51143506e+08]
 [  3.34203390e+06   9.08023000e+06]
 [ -2.40079710e+05  -6.52289420e+05]
 [ -3.87423394e+07  -1.05262046e+08]
 [ -7.04627277e+04  -1.91439131e+05]
 [ -1.72148460e+07  -4.67723425e+07]
 [  6.63457765e+08   1.80259943e+09]
 [  8.54448142e+06   2.32151588e+07]
 [ -6.09418070e+07  -1.65577486e+08]
 [ -1.05556879e+07  -2.86795755e+07]
 [ -3.94336282e+07  -1.07140259e+08]
 [  3.01833653e+07   8.20075207e+07]
 [  6.30253552e+05   1.71238449e+06]
 [  2.06225990e+07   5.60311253e+07]
 [  3.76036410e+07   1.02168225e+08]
 [  2.72994908e+07   7.41720863e+07]
 [ -1.01166142e+07  -2.74865965e+07]
 [ -1.25931490e+06  -3.42152979e+06]
 [  2.55459413e+06   6.94077342e+06]
 [ -2.00124697e+06  -5.43734170e+06]]