[[  4.72938653e+08  -3.04704168e+09]
 [ -9.74726867e+05   6.27995772e+06]
 [ -8.34600057e+08   5.37714805e+09]
 [  6.46362287e+04  -4.16455549e+05]
 [  9.00759387e+07  -5.80339831e+08]
 [  1.48402435e+06  -9.56124673e+06]
 [ -1.06606261e+05   6.86844131e+05]
 [ -1.72034653e+07   1.10838206e+08]
 [ -3.12860833e+04   2.01581541e+05]
 [ -7.64422162e+06   4.92500642e+07]
 [  2.94607182e+08  -1.89809049e+09]
 [  3.79416102e+06  -2.44449606e+07]
 [ -2.70610971e+07   1.74348802e+08]
 [ -4.68723978e+06   3.01988473e+07]
 [ -1.75104296e+07   1.12815916e+08]
 [  1.34028729e+07  -8.63517920e+07]
 [  2.79862972e+05  -1.80309648e+06]
 [  9.15742655e+06  -5.89993231e+07]
 [  1.66978266e+07  -1.07580493e+08]
 [  1.21222879e+07  -7.81012850e+07]
 [ -4.49225918e+06   2.89426757e+07]
 [ -5.59196550e+05   3.60278217e+06]
 [  1.13436281e+06  -7.30845455e+06]
 [ -8.88649932e+05   5.72537994e+06]]