[[  1.22202843e+09  -2.83103877e+09]
 [ -2.51860283e+06   5.83477516e+06]
 [ -2.15652704e+09   4.99596533e+09]
 [  1.67024057e+05  -3.86931558e+05]
 [  2.32747644e+08  -5.39199897e+08]
 [  3.83457703e+06  -8.88345576e+06]
 [ -2.75462118e+05   6.38153881e+05]
 [ -4.44521133e+07   1.02980954e+08]
 [ -8.08469953e+04   1.87290417e+05]
 [ -1.97519388e+07   4.57587572e+07]
 [  7.61236892e+08  -1.76353602e+09]
 [  9.80375046e+06  -2.27120725e+07]
 [ -6.99232953e+07   1.61989322e+08]
 [ -1.21113737e+07   2.80580688e+07]
 [ -4.52452812e+07   1.04818465e+08]
 [  3.46317397e+07  -8.02303658e+07]
 [  7.23139189e+05  -1.67527607e+06]
 [  2.36619179e+07  -5.48168973e+07]
 [  4.31455932e+07  -9.99541781e+07]
 [  3.13228372e+07  -7.25647328e+07]
 [ -1.16075750e+07   2.68909477e+07]
 [ -1.44491045e+06   3.34738314e+06]
 [  2.93108536e+06  -6.79036269e+06]
 [ -2.29618682e+06   5.31951128e+06]]