[[  2.88209007e+09   1.09621659e+09]
 [ -5.93999225e+06  -2.25930376e+06]
 [ -5.08605613e+09  -1.93450550e+09]
 [  3.93911731e+05   1.49821943e+05]
 [  5.48923133e+08   2.08785508e+08]
 [  9.04364889e+06   3.43979391e+06]
 [ -6.49662002e+05  -2.47101271e+05]
 [ -1.04837981e+08  -3.98756188e+07]
 [ -1.90669592e+05  -7.25192640e+04]
 [ -4.65839127e+07  -1.77184093e+07]
 [  1.79533736e+09   6.82865054e+08]
 [  2.31216325e+07   8.79442262e+06]
 [ -1.64910430e+08  -6.27244594e+07]
 [ -2.85640366e+07  -1.08644564e+07]
 [ -1.06708627e+08  -4.05871297e+07]
 [  8.16771412e+07   3.10662775e+07]
 [  1.70548588e+06   6.48689524e+05]
 [  5.58053946e+07   2.12258457e+07]
 [  1.01756623e+08   3.87036127e+07]
 [  7.38732717e+07   2.80980482e+07]
 [ -2.73758611e+07  -1.04125453e+07]
 [ -3.40774561e+06  -1.29615200e+06]
 [  6.91281136e+06   2.62932044e+06]
 [ -5.41543645e+06  -2.05978694e+06]]