[[  2.83385047e+09   1.21549392e+09]
 [ -5.84057044e+06  -2.50513439e+06]
 [ -5.00092718e+09  -2.14499552e+09]
 [  3.87318690e+05   1.66124348e+05]
 [  5.39735415e+08   2.31503081e+08]
 [  8.89227865e+06   3.81407233e+06]
 [ -6.38788160e+05  -2.73988032e+05]
 [ -1.03083232e+08  -4.42144153e+07]
 [ -1.87478309e+05  -8.04103271e+04]
 [ -4.58042038e+07  -1.96463194e+07]
 [  1.76528752e+09   7.57166358e+08]
 [  2.27346293e+07   9.75132751e+06]
 [ -1.62150206e+08  -6.95493963e+07]
 [ -2.80859365e+07  -1.20466081e+07]
 [ -1.04922568e+08  -4.50033424e+07]
 [  8.03100495e+07   3.44465520e+07]
 [  1.67693991e+06   7.19272346e+05]
 [  5.48713399e+07   2.35353914e+07]
 [  1.00053450e+08   4.29148824e+07]
 [  7.26368020e+07   3.11553457e+07]
 [ -2.69176541e+07  -1.15455084e+07]
 [ -3.35070768e+06  -1.43718411e+06]
 [  6.79710668e+06   2.91541208e+06]
 [ -5.32479445e+06  -2.28390853e+06]]