[[ -1.78844891e+09   2.51188863e+09]
 [  3.68599566e+06  -5.17700661e+06]
 [  3.15609551e+09  -4.43275756e+09]
 [ -2.44434167e+05   3.43314731e+05]
 [ -3.40628140e+08   4.78414532e+08]
 [ -5.61193553e+06   7.88200146e+06]
 [  4.03139951e+05  -5.66213683e+05]
 [  6.50560415e+07  -9.13716513e+07]
 [  1.18315661e+05  -1.66178642e+05]
 [  2.89071281e+07  -4.06002573e+07]
 [ -1.11407661e+09   1.56472816e+09]
 [ -1.43478718e+07   2.01516831e+07]
 [  1.02333331e+08  -1.43727858e+08]
 [  1.77250933e+07  -2.48950129e+07]
 [  6.62168502e+07  -9.30020152e+07]
 [ -5.06838392e+07   7.11857952e+07]
 [ -1.05832026e+06   1.48641798e+06]
 [ -3.46294164e+07   4.86372502e+07]
 [ -6.31439396e+07   8.86860915e+07]
 [ -4.58412364e+07   6.43843275e+07]
 [  1.69877870e+07  -2.38594627e+07]
 [  2.11463859e+06  -2.97002421e+06]
 [ -4.28966814e+06   6.02486797e+06]
 [  3.36048882e+06  -4.71982934e+06]]