[[  2.50747803e+09  -1.79462751e+09]
 [ -5.16791645e+06   3.69872965e+06]
 [ -4.42497412e+09   3.16699897e+09]
 [  3.42712412e+05  -2.45277943e+05]
 [  4.77574489e+08  -3.41804917e+08]
 [  7.86816144e+06  -5.63132337e+06]
 [ -5.65219555e+05   4.04532581e+05]
 [ -9.12112124e+07   6.52807930e+07]
 [ -1.65887183e+05   1.18723963e+05]
 [ -4.05289674e+07   2.90069948e+07]
 [  1.56198067e+09  -1.11792544e+09]
 [  2.01162990e+07  -1.43974398e+07]
 [ -1.43475487e+08   1.02686866e+08]
 [ -2.48512987e+07   1.77863305e+07]
 [ -9.28387138e+07   6.64456116e+07]
 [  7.10607995e+07  -5.08589399e+07]
 [  1.48380798e+06  -1.06197649e+06]
 [  4.85518486e+07  -3.47490516e+07]
 [  8.85303685e+07  -6.33620848e+07]
 [  6.42712757e+07  -4.59996054e+07]
 [ -2.38175690e+07   1.70464739e+07]
 [ -2.96480915e+06   2.12194412e+06]
 [  6.01428896e+06  -4.30448779e+06]
 [ -4.71154186e+06   3.37209838e+06]]