[[ -2.20774145e+09   2.15267547e+09]
 [  4.55015875e+06  -4.43666730e+06]
 [  3.89602568e+09  -3.79885014e+09]
 [ -3.01745498e+05   2.94215433e+05]
 [ -4.20486634e+08   4.09998762e+08]
 [ -6.92762482e+06   6.75483394e+06]
 [  4.97654866e+05  -4.85241578e+05]
 [  8.03080927e+07  -7.83050283e+07]
 [  1.46057469e+05  -1.42411912e+05]
 [  3.56842545e+07  -3.47942083e+07]
 [ -1.37526607e+09   1.34096388e+09]
 [ -1.77116554e+07   1.72698877e+07]
 [  1.26324849e+08  -1.23174025e+08]
 [  2.18806523e+07  -2.13348928e+07]
 [  8.17410463e+07  -7.97022422e+07]
 [ -6.25664044e+07   6.10058524e+07]
 [ -1.30643797e+06   1.27385243e+06]
 [ -4.27481028e+07   4.16818701e+07]
 [ -7.79477076e+07   7.60035185e+07]
 [ -5.65884756e+07   5.51770333e+07]
 [  2.09704829e+07  -2.04474378e+07]
 [  2.61040463e+06  -2.54529523e+06]
 [ -5.29535851e+06   5.16328046e+06]
 [  4.14833790e+06  -4.04486920e+06]]