[[ -2.98805409e+09   7.61358478e+08]
 [  6.15838422e+06  -1.56916069e+06]
 [  5.27305200e+09  -1.34357770e+09]
 [ -4.08393694e+05   1.04056028e+05]
 [ -5.69105049e+08   1.45008404e+08]
 [ -9.37615092e+06   2.38905027e+06]
 [  6.73547588e+05  -1.71619931e+05]
 [  1.08692493e+08  -2.76949300e+07]
 [  1.97679327e+05  -5.03668594e+04]
 [  4.82966339e+07  -1.23060189e+07]
 [ -1.86134541e+09   4.74272242e+08]
 [ -2.39717313e+07   6.10801573e+06]
 [  1.70973589e+08  -4.35642012e+07]
 [  2.96142300e+07  -7.54572585e+06]
 [  1.10631916e+08  -2.81890970e+07]
 [ -8.46801114e+07   2.15765550e+07]
 [ -1.76819040e+06   4.50536246e+05]
 [ -5.78571569e+07   1.47420481e+07]
 [ -1.05497846e+08   2.68809321e+07]
 [ -7.65893245e+07   1.95150187e+07]
 [  2.83823743e+07  -7.23185275e+06]
 [  3.53303603e+06  -9.00220260e+05]
 [ -7.16697039e+06   1.82614956e+06]
 [  5.61454247e+06  -1.43058976e+06]]