[[  3.06962325e+09   2.92484274e+08]
 [ -6.32649829e+06  -6.02810786e+05]
 [ -5.41699801e+09  -5.16150225e+08]
 [  4.19541043e+05   3.99797380e+04]
 [  5.84640719e+08   5.57065834e+07]
 [  9.63210488e+06   9.17781490e+05]
 [ -6.91934174e+05  -6.59306706e+04]
 [ -1.11659626e+08  -1.06393194e+07]
 [ -2.03074895e+05  -1.93526169e+04]
 [ -4.96150553e+07  -4.72749758e+06]
 [  1.91215721e+09   1.82196924e+08]
 [  2.46261219e+07   2.34646113e+06]
 [ -1.75640898e+08  -1.67356745e+07]
 [ -3.04226493e+07  -2.89879401e+06]
 [ -1.13651993e+08  -1.08291553e+07]
 [  8.69917426e+07   8.28889104e+06]
 [  1.81645918e+06   1.73078670e+05]
 [  5.94365661e+07   5.66332064e+06]
 [  1.08377770e+08   1.03266073e+07]
 [  7.86800923e+07   7.49691015e+06]
 [ -2.91571702e+07  -2.77818190e+06]
 [ -3.62948231e+06  -3.45829894e+05]
 [  7.36261737e+06   7.01535655e+05]
 [ -5.76781064e+06  -5.49576707e+05]]