[[ -2.93921464e+09   9.32282823e+08]
 [  6.05772569e+06  -1.92143718e+06]
 [  5.18686449e+09  -1.64520978e+09]
 [ -4.01716597e+05   1.27423869e+05]
 [ -5.59803084e+08   1.77562668e+08]
 [ -9.22289904e+06   2.92538898e+06]
 [  6.62538208e+05  -2.10149654e+05]
 [  1.06915927e+08  -3.39124140e+07]
 [  1.94446999e+05  -6.16790210e+04]
 [  4.75072314e+07  -1.50687063e+07]
 [ -1.83092191e+09   5.80745965e+08]
 [ -2.35799157e+07   7.47926024e+06]
 [  1.68179044e+08  -5.33443242e+07]
 [  2.91301935e+07  -9.23971982e+06]
 [  1.08823649e+08  -3.45175243e+07]
 [ -8.32960284e+07   2.64204587e+07]
 [ -1.73928955e+06   5.51681113e+05]
 [ -5.69114874e+07   1.80516256e+07]
 [ -1.03773494e+08   3.29156789e+07]
 [ -7.53374796e+07   2.38961242e+07]
 [  2.79184636e+07  -8.85540838e+06]
 [  3.47528901e+06  -1.10231866e+06]
 [ -7.04982702e+06   2.23611848e+06]
 [  5.52277329e+06  -1.75175608e+06]]