[[  2.44462560e+09   1.87934553e+09]
 [ -5.03837703e+06  -3.87333426e+06]
 [ -4.31405776e+09  -3.31650178e+09]
 [  3.34117882e+05   2.56862429e+05]
 [  4.65603611e+08   3.57940319e+08]
 [  7.67093789e+06   5.89715858e+06]
 [ -5.51051065e+05  -4.23630120e+05]
 [ -8.89249118e+07  -6.83624698e+07]
 [ -1.61726339e+05  -1.24332329e+05]
 [ -3.95130678e+07  -3.03763134e+07]
 [  1.52282808e+09   1.17069875e+09]
 [  1.96120643e+07   1.50770917e+07]
 [ -1.39879131e+08  -1.07534351e+08]
 [ -2.42283722e+07  -1.86259652e+07]
 [ -9.05116190e+07  -6.95822744e+07]
 [  6.92795864e+07   5.32598151e+07]
 [  1.44661482e+06   1.11210869e+06]
 [  4.73348484e+07   3.63894314e+07]
 [  8.63112671e+07   6.63531847e+07]
 [  6.26602525e+07   4.81710841e+07]
 [ -2.32205610e+07  -1.78511741e+07]
 [ -2.89049321e+06  -2.22211366e+06]
 [  5.86353483e+06   4.50768745e+06]
 [ -4.59344242e+06  -3.53128317e+06]]