# iteration | simulation time (ps) | potential_energy (kT) | kinetic_energy (kT) | ns per day
         0      1.0 -4399.990 3302.089 547.918
         1      2.0 -4690.100 3187.062 554.840
         2      3.0 -4673.448 3205.351 564.293
         3      4.0 -4833.407 3262.134 569.339
         4      5.0 -5004.985 3357.688 572.404
         5      6.0 -4984.237 3243.137 574.476
         6      7.0 -4975.866 3241.620 575.853
         7      8.0 -5134.430 3305.016 576.821
         8      9.0 -5128.347 3120.030 577.773
         9     10.0 -5275.736 3195.105 578.506
        10     11.0 -5148.316 3170.439 579.033
        11     12.0 -5205.506 3277.291 579.549
        12     13.0 -5381.685 3175.370 579.968
        13     14.0 -5242.015 3225.785 580.342
        14     15.0 -5339.341 3239.725 580.623
        15     16.0 -5541.409 3193.370 580.937
        16     17.0 -5470.214 3177.155 581.214
        17     18.0 -5388.867 3293.937 581.474
        18     19.0 -5377.522 3271.488 581.645
        19     20.0 -5495.929 3239.848 581.846
        20     21.0 -5478.163 3191.395 582.003
        21     22.0 -5647.126 3268.995 582.180
        22     23.0 -5631.701 3216.869 582.295
        23     24.0 -5493.909 3148.539 582.447
        24     25.0 -5635.569 3210.878 582.560
        25     26.0 -5623.354 3269.434 582.652
        26     27.0 -5574.955 3291.224 582.707
        27     28.0 -5625.422 3145.161 582.811
        28     29.0 -5652.058 3217.210 582.906
        29     30.0 -5661.874 3351.318 582.991
        30     31.0 -5439.573 3163.241 576.395
        31     32.0 -5687.345 3244.071 576.652
        32     33.0 -5657.313 3079.790 576.918
        33     34.0 -5670.880 3132.504 577.178
        34     35.0 -5680.689 3290.985 577.374
        35     36.0 -5529.601 3218.080 577.609
        36     37.0 -5748.203 3193.308 577.804
        37     38.0 -5648.077 3183.548 577.952
        38     39.0 -5711.703 3268.464 578.086
        39     40.0 -5554.127 3338.166 578.255
        40     41.0 -5627.672 3243.425 578.403
        41     42.0 -5606.293 3288.004 578.550
        42     43.0 -5677.228 3299.210 578.662
        43     44.0 -5574.833 3152.759 578.815
        44     45.0 -5722.589 3317.432 578.961
        45     46.0 -5677.272 3145.386 579.091
        46     47.0 -5613.211 3128.852 579.183
        47     48.0 -5693.033 3324.169 579.309
        48     49.0 -5704.264 3194.064 579.431
        49     50.0 -5616.697 3144.336 579.550
        50     51.0 -5683.266 3224.124 579.637
        51     52.0 -5697.528 3258.832 579.752
        52     53.0 -5735.588 3124.716 579.860
        53     54.0 -5882.068 3313.748 579.964
        54     55.0 -5673.501 3298.656 580.038
        55     56.0 -5687.937 3255.442 580.129
        56     57.0 -5709.509 3183.161 580.220
        57     58.0 -5725.497 3207.793 580.312
        58     59.0 -5754.831 3209.493 580.368
        59     60.0 -5798.742 3161.727 580.450
        60     61.0 -5629.798 3196.232 580.521
        61     62.0 -5836.423 3216.090 580.595
        62     63.0 -5724.675 3166.582 580.646
        63     64.0 -5748.645 3243.867 580.715
        64     65.0 -5714.690 3219.578 580.781
        65     66.0 -5664.362 3249.463 580.850
        66     67.0 -5784.778 3165.166 580.869
        67     68.0 -5738.516 3215.829 580.927
        68     69.0 -5732.325 3289.988 580.991
        69     70.0 -5791.134 3227.042 581.050
        70     71.0 -5709.526 3213.302 581.089
        71     72.0 -5710.712 3246.843 581.152
        72     73.0 -5761.702 3194.280 581.209
        73     74.0 -5725.163 3274.454 581.266
        74     75.0 -5657.882 3231.018 578.566
        75     76.0 -5741.325 3172.481 578.636
        76     77.0 -5782.177 3107.307 578.697
        77     78.0 -5694.388 3214.434 578.747
        78     79.0 -5685.115 3311.770 578.780
        79     80.0 -5802.128 3174.931 578.831
        80     81.0 -5825.472 3176.117 578.898
        81     82.0 -5840.418 3271.620 578.967
        82     83.0 -5762.640 3188.340 579.015
        83     84.0 -5673.744 3306.999 579.094
        84     85.0 -5775.315 3261.813 579.166
        85     86.0 -5826.272 3115.796 579.239
        86     87.0 -5642.614 3308.461 579.282
        87     88.0 -5700.520 3151.271 579.347
        88     89.0 -5734.002 3198.637 579.412
        89     90.0 -5767.732 3145.761 579.474
        90     91.0 -5778.568 3284.395 579.512
        91     92.0 -5713.852 3322.630 579.573
        92     93.0 -5661.262 3217.295 579.630
        93     94.0 -5773.818 3205.334 579.684
        94     95.0 -5750.190 3241.136 579.721
        95     96.0 -5772.463 3263.735 579.774
        96     97.0 -5928.782 3277.210 579.824
        97     98.0 -5729.563 3183.526 579.874
        98     99.0 -5784.564 3214.631 579.902
        99    100.0 -5694.399 3164.980 579.950
