# iteration | simulation time (ps) | potential_energy (kT) | kinetic_energy (kT) | ns per day
         0      1.0 -4366.528 3187.298 546.227
         1      2.0 -4571.472 3241.518 557.202
         2      3.0 -4560.501 3243.762 567.843
         3      4.0 -4847.392 3265.755 573.737
         4      5.0 -4849.801 3190.129 577.388
         5      6.0 -4977.747 3246.043 579.671
         6      7.0 -5045.198 3258.798 580.992
         7      8.0 -5025.274 3277.484 582.166
         8      9.0 -4977.503 3359.456 583.248
         9     10.0 -5102.091 3225.796 584.093
        10     11.0 -5071.756 3175.511 584.656
        11     12.0 -5210.801 3235.779 585.169
        12     13.0 -5204.787 3253.507 585.564
        13     14.0 -5139.302 3227.497 585.983
        14     15.0 -5349.644 3140.691 586.257
        15     16.0 -5278.602 3167.302 586.579
        16     17.0 -5321.609 3270.104 586.854
        17     18.0 -5313.891 3216.332 587.084
        18     19.0 -5212.283 3105.212 587.221
        19     20.0 -5427.177 3142.178 587.443
        20     21.0 -5489.569 3139.320 587.603
        21     22.0 -5333.276 3226.510 587.738
        22     23.0 -5431.041 3142.875 587.807
        23     24.0 -5542.904 3251.749 587.969
        24     25.0 -5315.698 3065.497 588.116
        25     26.0 -5484.298 3149.471 588.233
        26     27.0 -5452.643 3201.635 588.267
        27     28.0 -5486.823 3238.362 580.996
        28     29.0 -5582.553 3205.402 581.341
        29     30.0 -5533.740 3269.186 581.648
        30     31.0 -5508.305 3203.726 581.937
        31     32.0 -5495.282 3266.367 582.175
        32     33.0 -5646.875 3237.395 582.412
        33     34.0 -5525.872 3292.004 582.638
        34     35.0 -5603.805 3250.819 582.861
        35     36.0 -5527.780 3190.226 583.049
        36     37.0 -5619.508 3249.630 583.263
        37     38.0 -5614.499 3315.213 583.464
        38     39.0 -5552.006 3249.478 583.657
        39     40.0 -5593.269 3133.745 583.825
        40     41.0 -5622.656 3232.039 584.003
        41     42.0 -5663.167 3223.788 584.175
        42     43.0 -5587.719 3186.231 584.343
        43     44.0 -5655.893 3194.212 584.481
        44     45.0 -5698.850 3216.579 584.625
        45     46.0 -5704.109 3313.775 584.774
        46     47.0 -5708.168 3195.820 584.917
        47     48.0 -5642.300 3191.212 585.025
        48     49.0 -5734.378 3276.975 585.150
        49     50.0 -5827.149 3168.716 585.278
        50     51.0 -5742.236 3165.441 585.404
        51     52.0 -5519.953 3260.346 585.496
        52     53.0 -5652.667 3181.883 585.607
        53     54.0 -5764.666 3255.165 585.712
        54     55.0 -5621.582 3310.468 585.814
        55     56.0 -5600.017 3246.972 585.898
        56     57.0 -5692.178 3182.170 585.994
        57     58.0 -5602.767 3255.572 586.084
        58     59.0 -5702.654 3244.881 586.178
        59     60.0 -5624.795 3247.684 586.241
        60     61.0 -5709.819 3271.568 586.317
        61     62.0 -5749.075 3332.462 586.409
        62     63.0 -5695.261 3297.837 586.501
        63     64.0 -5801.679 3237.169 586.557
        64     65.0 -5567.766 3227.486 586.643
        65     66.0 -5666.879 3220.213 586.721
        66     67.0 -5672.236 3110.459 586.792
        67     68.0 -5821.723 3300.481 586.840
        68     69.0 -5680.188 3245.825 586.911
        69     70.0 -5779.797 3282.421 586.979
        70     71.0 -5786.907 3199.004 587.036
        71     72.0 -5746.605 3285.489 584.254
        72     73.0 -5904.011 3204.241 584.342
        73     74.0 -5759.391 3082.952 584.437
        74     75.0 -5712.453 3184.121 584.531
        75     76.0 -5750.843 3179.306 584.602
        76     77.0 -5717.855 3227.823 584.690
        77     78.0 -5821.498 3205.639 584.749
        78     79.0 -5784.987 3187.191 584.810
        79     80.0 -5708.331 3224.170 584.847
        80     81.0 -5797.673 3292.182 584.899
        81     82.0 -5892.392 3293.411 584.951
        82     83.0 -5731.825 3283.222 585.000
        83     84.0 -5824.759 3193.850 585.034
        84     85.0 -5702.907 3235.784 585.096
        85     86.0 -5761.653 3142.913 585.163
        86     87.0 -5830.293 3175.018 585.228
        87     88.0 -5718.555 3220.350 585.273
        88     89.0 -5798.906 3200.437 585.328
        89     90.0 -5792.912 3231.587 585.380
        90     91.0 -5715.008 3187.044 585.436
        91     92.0 -5812.150 3262.293 585.475
        92     93.0 -5724.009 3279.694 585.528
        93     94.0 -5789.938 3207.343 585.578
        94     95.0 -5750.240 3187.335 585.625
        95     96.0 -5807.907 3206.116 585.664
        96     97.0 -5802.066 3173.929 585.714
        97     98.0 -5821.625 3202.601 585.761
        98     99.0 -5868.986 3286.630 585.807
        99    100.0 -5885.866 3233.039 585.842
