# iteration | simulation time (ps) | potential_energy (kT) | kinetic_energy (kT) | ns per day
         0      1.0 -4479.485 3233.289 586.141
         1      2.0 -4693.668 3198.392 585.096
         2      3.0 -4953.042 3332.158 584.896
         3      4.0 -4981.099 3221.014 584.822
         4      5.0 -5035.090 3152.782 584.504
         5      6.0 -5104.548 3271.231 584.516
         6      7.0 -5112.087 3301.545 584.510
         7      8.0 -5188.441 3232.342 584.356
         8      9.0 -5148.667 3244.561 584.163
         9     10.0 -5261.592 3205.195 584.128
        10     11.0 -5145.789 3201.594 584.216
        11     12.0 -5265.766 3229.557 584.246
        12     13.0 -5221.130 3207.982 568.762
        13     14.0 -5344.732 3285.463 569.803
        14     15.0 -5250.811 3312.431 570.766
        15     16.0 -5220.331 3287.207 571.661
        16     17.0 -5420.661 3180.800 572.352
        17     18.0 -5300.069 3263.119 572.957
        18     19.0 -5450.435 3105.481 573.489
        19     20.0 -5385.096 3230.249 573.940
        20     21.0 -5421.726 3195.866 574.298
        21     22.0 -5353.157 3206.991 574.703
        22     23.0 -5344.623 3249.880 575.074
        23     24.0 -5411.049 3280.123 575.409
        24     25.0 -5451.415 3131.612 575.692
        25     26.0 -5465.519 3206.259 576.035
        26     27.0 -5436.347 3187.365 576.314
        27     28.0 -5496.731 3142.882 576.615
        28     29.0 -5505.236 3247.319 576.844
        29     30.0 -5458.390 3278.352 577.107
        30     31.0 -5463.402 3242.789 577.355
        31     32.0 -5487.596 3247.478 577.599
        32     33.0 -5462.699 3300.517 577.778
        33     34.0 -5469.113 3222.694 577.991
        34     35.0 -5476.204 3119.231 578.187
        35     36.0 -5600.142 3173.562 578.376
        36     37.0 -5554.344 3223.540 578.493
        37     38.0 -5572.039 3220.754 578.660
        38     39.0 -5523.622 3138.854 578.812
        39     40.0 -5439.978 3208.481 578.983
        40     41.0 -5575.303 3211.552 579.125
        41     42.0 -5541.517 3253.213 579.277
        42     43.0 -5643.993 3223.406 579.437
        43     44.0 -5648.634 3228.957 579.581
        44     45.0 -5571.800 3233.344 579.690
        45     46.0 -5654.596 3284.140 579.814
        46     47.0 -5560.812 3262.917 579.930
        47     48.0 -5672.447 3281.601 580.058
        48     49.0 -5674.841 3238.971 580.122
        49     50.0 -5633.441 3183.615 580.221
        50     51.0 -5558.630 3116.838 580.302
        51     52.0 -5623.195 3208.950 580.376
        52     53.0 -5588.277 3249.239 580.434
        53     54.0 -5637.603 3259.082 580.516
        54     55.0 -5636.779 3203.714 580.586
        55     56.0 -5634.450 3257.467 580.651
        56     57.0 -5671.760 3220.591 577.091
        57     58.0 -5587.058 3229.604 577.198
        58     59.0 -5590.937 3293.191 577.287
        59     60.0 -5665.622 3176.516 577.386
        60     61.0 -5626.513 3163.354 577.444
        61     62.0 -5676.851 3191.741 577.524
        62     63.0 -5690.901 3200.164 577.599
        63     64.0 -5674.545 3170.573 577.677
        64     65.0 -5739.723 3229.929 577.729
        65     66.0 -5707.930 3265.709 577.834
        66     67.0 -5709.185 3146.344 577.935
        67     68.0 -5806.816 3318.314 578.037
        68     69.0 -5654.028 3229.160 578.113
        69     70.0 -5606.873 3186.665 578.202
        70     71.0 -5684.573 3169.614 578.282
        71     72.0 -5782.019 3238.772 578.374
        72     73.0 -5668.220 3236.656 578.439
        73     74.0 -5706.934 3216.730 578.532
        74     75.0 -5713.384 3093.379 578.618
        75     76.0 -5573.592 3195.328 578.710
        76     77.0 -5670.119 3244.766 578.769
        77     78.0 -5720.641 3103.877 578.849
        78     79.0 -5635.389 3235.616 578.926
        79     80.0 -5687.465 3146.595 578.987
        80     81.0 -5697.937 3232.174 579.041
        81     82.0 -5617.809 3285.500 579.118
        82     83.0 -5564.631 3134.501 579.188
        83     84.0 -5770.496 3207.708 579.256
        84     85.0 -5643.884 3221.916 579.293
        85     86.0 -5720.536 3248.485 579.349
        86     87.0 -5686.063 3324.271 579.412
        87     88.0 -5776.290 3200.911 579.479
        88     89.0 -5635.200 3276.891 579.516
        89     90.0 -5616.524 3205.087 579.579
        90     91.0 -5674.246 3145.117 579.636
        91     92.0 -5650.474 3255.697 579.697
        92     93.0 -5702.097 3315.372 579.730
        93     94.0 -5812.688 3120.696 579.777
        94     95.0 -5631.825 3161.587 579.819
        95     96.0 -5801.808 3175.114 579.869
        96     97.0 -5761.099 3214.233 579.896
        97     98.0 -5731.074 3287.327 579.941
        98     99.0 -5816.013 3219.873 579.981
        99    100.0 -5730.493 3142.867 580.019
