[[ -1.26011839e+149   4.27651537e+149]
 [ -1.75012484e+149  -2.37629012e+149]
 [  2.87251937e+149  -5.17426715e+149]
 [ -2.88267064e+148  -2.37106471e+149]
 [ -4.45635793e+149   3.10185788e+149]
 [ -3.16069946e+149   1.25675245e+149]
 [  9.08159430e+148  -8.46475286e+148]
 [  2.03945208e+149  -4.36300888e+149]
 [  2.74965398e+148   5.93916262e+148]
 [  4.66559225e+149  -2.88143217e+149]
 [ -3.80137907e+149   4.31933169e+149]
 [  7.88996024e+148   3.49319760e+149]
 [  4.53675063e+149  -2.49361614e+149]
 [  4.55024006e+149  -2.22323516e+149]
 [  5.83831915e+149  -1.90299372e+149]
 [ -3.35288229e+149   3.18479656e+149]
 [ -2.73303433e+149   1.26599162e+149]
 [  8.43501000e+148   4.32688945e+149]
 [ -3.97159359e+149   1.73363092e+149]
 [ -3.07022523e+149   3.51571504e+149]
 [ -1.20989240e+149  -3.92612271e+149]
 [  4.68646584e+149  -2.43285153e+149]
 [ -2.38783540e+149   2.69027416e+149]
 [ -5.62551227e+148  -2.76751142e+149]]