[[  3.36200955e+149  -2.95318264e+149]
 [  1.97017184e+148   2.93381621e+149]
 [ -5.19345825e+149   2.83707017e+149]
 [ -1.03729137e+149   2.13769078e+149]
 [  5.42443723e+149  -2.17210449e+148]
 [  3.34114839e+149   6.33499105e+148]
 [ -1.22335808e+149   2.17284727e+148]
 [ -4.06216392e+149   2.58429865e+149]
 [  8.84774532e+147  -6.49533126e+148]
 [ -5.48363471e+149  -7.03184298e+147]
 [  5.54370158e+149  -1.53554265e+149]
 [  1.21484153e+149  -3.39088417e+149]
 [ -5.16853221e+149  -3.27279673e+148]
 [ -5.03323653e+149  -5.68267101e+148]
 [ -5.95042246e+149  -1.52051584e+149]
 [  4.54034973e+149  -8.83318665e+148]
 [  2.98540704e+149   3.95601285e+148]
 [  1.61129372e+149  -4.10686127e+149]
 [  4.26661346e+149   6.56411511e+148]
 [  4.47890908e+149  -1.31061735e+149]
 [ -1.08880488e+149   3.95629278e+149]
 [ -5.26045875e+149  -4.61367938e+148]
 [  3.45968775e+149  -9.88250662e+148]
 [ -1.01253252e+149   2.63118475e+149]]