[[  2.36218105e+149   3.79724160e+149]
 [  1.04056707e+149  -2.75207414e+149]
 [ -4.17603838e+149  -4.19410885e+149]
 [ -3.62118785e+148  -2.36122493e+149]
 [  5.12886504e+149   1.78163891e+149]
 [  3.38308632e+149   3.59090198e+148]
 [ -1.10170310e+149  -5.69422564e+148]
 [ -3.13841025e+149  -3.65149212e+149]
 [ -1.02842678e+148   6.44897154e+148]
 [ -5.26852064e+149  -1.52332454e+149]
 [  4.85385367e+149   3.08745820e+149]
 [  1.80805872e+148   3.59226831e+149]
 [ -5.03740634e+149  -1.18098253e+149]
 [ -4.98169825e+149  -9.16731961e+148]
 [ -6.13554175e+149  -2.67718686e+148]
 [  4.08781625e+149   2.16383435e+149]
 [  2.97340773e+149   4.83640705e+148]
 [  3.54081438e+148   4.39573874e+149]
 [  4.27699253e+149   6.07204695e+148]
 [  3.90617111e+149   2.55380252e+149]
 [  1.06011656e+148  -4.10183748e+149]
 [ -5.16845422e+149  -1.08409547e+149]
 [  3.02459394e+149   1.94826200e+149]
 [ -2.05699298e+148  -2.81206411e+149]]