[[  4.31403024e+149   1.12708323e+149]
 [ -2.32094426e+149   1.82242963e+149]
 [ -5.26064225e+149  -2.71108391e+149]
 [ -2.36077176e+149   3.60911550e+148]
 [  3.23781545e+149   4.35854568e+149]
 [  1.35381203e+149   3.12035291e+149]
 [ -8.73959657e+148  -8.81762837e+148]
 [ -4.42385280e+149  -1.90376514e+149]
 [  5.85180720e+148  -2.93139901e+148]
 [ -3.02420394e+149  -4.57435008e+149]
 [  4.43324943e+149   3.66774274e+149]
 [  3.46775333e+149  -8.96693731e+148]
 [ -2.63263416e+149  -4.45755996e+149]
 [ -2.36265916e+149  -4.47945518e+149]
 [ -2.08257645e+149  -5.77671967e+149]
 [  3.28676317e+149   3.25303055e+149]
 [  1.34984840e+149   2.69259262e+149]
 [  4.29885690e+149  -9.76751396e+148]
 [  1.85546972e+149   3.91564496e+149]
 [  3.60868547e+149   2.96034351e+149]
 [ -3.88679212e+149   1.33042131e+149]
 [ -2.57645529e+149  -4.60908396e+149]
 [  2.76274085e+149   2.30364454e+149]
 [ -2.74871386e+149   6.47622530e+148]]