[[ -9.99031878e+148  -4.34458489e+149]
 [ -1.89099813e+149   2.26602506e+149]
 [  2.55402307e+149   5.33867229e+149]
 [ -4.31634523e+148   2.34940803e+149]
 [ -4.26023190e+149  -3.36619232e+149]
 [ -3.07879538e+149  -1.44585228e+149]
 [  8.55107527e+148   9.00023434e+148]
 [  1.77143086e+149   4.47856095e+149]
 [  3.10455242e+148  -5.76146172e+148]
 [  4.48252456e+149   3.15869008e+149]
 [ -3.53176049e+149  -4.54251877e+149]
 [  9.98988079e+148  -3.43862539e+149]
 [  4.37740123e+149   2.76375672e+149]
 [  4.40720006e+149   2.49477641e+149]
 [  5.71237212e+149   2.25299752e+149]
 [ -3.15376392e+149  -3.38206298e+149]
 [ -2.65136499e+149  -1.42916638e+149]
 [  1.10400492e+149  -4.26780572e+149]
 [ -3.85962637e+149  -1.97100240e+149]
 [ -2.85154564e+149  -3.69532258e+149]
 [ -1.44556099e+149   3.84569032e+149]
 [  4.53051832e+149   2.71221372e+149]
 [ -2.22048738e+149  -2.82995638e+149]
 [ -7.29224401e+148   2.72842172e+149]]