[[  2.70983424e+149   3.55777744e+149]
 [  7.76176218e+148  -2.83790187e+149]
 [ -4.54968829e+149  -3.78534848e+149]
 [ -5.84333104e+148  -2.31471158e+149]
 [  5.27399868e+149   1.28973303e+149]
 [  3.40167989e+149   3.87491683e+147]
 [ -1.15121256e+149  -4.62020015e+148]
 [ -3.46889499e+149  -3.33910783e+149]
 [ -4.16749626e+147   6.52066355e+148]
 [ -5.38872008e+149  -1.01935755e+149]
 [  5.12392971e+149   2.61485630e+149]
 [  5.18761171e+148   3.55968860e+149]
 [ -5.12697480e+149  -7.00807949e+148]
 [ -5.04595095e+149  -4.42496372e+148]
 [ -6.13345379e+149   3.12157611e+148]
 [  4.27383646e+149   1.76829824e+149]
 [  3.00561415e+149   2.01380502e+148]
 [  7.66889586e+148   4.34297163e+149]
 [  4.31491205e+149   2.01207288e+148]
 [  4.12965824e+149   2.17388274e+149]
 [ -2.81518387e+148  -4.09362922e+149]
 [ -5.24764204e+149  -5.91575592e+148]
 [  3.19487940e+149   1.65432306e+149]
 [ -4.70105828e+148  -2.78013552e+149]]