[[  4.49156350e+149  -1.84253675e+149]
 [  9.92786568e+148   2.30862777e+149]
 [ -4.29117315e+149   4.05657992e+149]
 [ -4.90624792e+146   2.62476907e+149]
 [  2.78177517e+149  -4.61019644e+149]
 [  1.75571469e+149  -2.51400541e+149]
 [ -6.67950316e+148   1.00951802e+149]
 [ -3.01235451e+149   3.67660993e+149]
 [  8.17609266e+147  -3.60931485e+148]
 [ -5.18221311e+149   1.89694470e+149]
 [  1.86170629e+149  -5.25865770e+149]
 [  3.89192168e+149   4.24272705e+148]
 [ -4.95099314e+149   1.34277650e+149]
 [ -4.70417283e+149   1.91075812e+149]
 [ -6.12242018e+149   6.37400233e+148]
 [  2.79708407e+149  -3.66104693e+149]
 [  2.27798255e+149  -1.71871430e+149]
 [  4.59048001e+149   1.52670916e+149]
 [  2.76039738e+149  -3.19181937e+149]
 [  2.77909425e+149  -3.70376769e+149]
 [  8.37729047e+148   4.29628136e+149]
 [ -5.12334409e+149   1.31092743e+149]
 [  2.84104621e+149  -2.17553666e+149]
 [ -6.81514750e+148   2.01503781e+149]]