[[ -4.38607289e+149   8.00273608e+148]
 [  1.33394787e+149  -2.63243497e+149]
 [  5.91345559e+149   2.35426637e+148]
 [  1.98740228e+149  -1.32467181e+149]
 [ -4.77593179e+149  -2.58283356e+149]
 [ -2.54513523e+149  -2.25648443e+149]
 [  1.16466932e+149   4.29920663e+148]
 [  4.81399964e+149  -1.43101493e+148]
 [ -4.06554789e+148   5.12897746e+148]
 [  4.67335952e+149   2.86882239e+149]
 [ -5.56801314e+149  -1.45050756e+149]
 [ -2.76413163e+149   2.27728361e+149]
 [  4.26907720e+149   2.92836709e+149]
 [  4.03368491e+149   3.06217549e+149]
 [  4.32767545e+149   4.35645131e+149]
 [ -4.35324890e+149  -1.56014886e+149]
 [ -2.36085305e+149  -1.87044437e+149]
 [ -3.48389050e+149   2.70115270e+149]
 [ -3.33593421e+149  -2.76572331e+149]
 [ -4.52145939e+149  -1.15881038e+149]
 [  2.96105704e+149  -2.84781435e+149]
 [  4.28219983e+149   3.08941891e+149]
 [ -3.47722576e+149  -9.21029648e+148]
 [  2.21792261e+149  -1.74818542e+149]]