[[  3.43788205e+149  -2.86008907e+149]
 [ -2.86866919e+149  -6.53741769e+148]
 [ -3.58291163e+149   4.71088671e+149]
 [ -2.28917050e+149   6.82266425e+148]
 [  1.06223461e+149  -5.32457017e+149]
 [ -1.07697231e+148  -3.40036592e+149]
 [ -4.13035758e+148   1.16938903e+149]
 [ -3.18713849e+149   3.60903720e+149]
 [  6.52941494e+148   1.35416228e+147]
 [ -7.87219862e+148   5.42752870e+149]
 [  2.39333484e+149  -5.23108267e+149]
 [  3.53368410e+149  -6.71190835e+148]
 [ -4.79807566e+148   5.15176322e+149]
 [ -2.25634287e+148   5.06031362e+149]
 [  5.75293047e+148   6.11437632e+149]
 [  1.58342461e+149  -4.34571047e+149]
 [  7.17990348e+147  -3.01161518e+149]
 [  4.30581862e+149  -9.52881164e+148]
 [  1.56012263e+147  -4.31982398e+149]
 [  1.99462300e+149  -4.21918651e+149]
 [ -4.07769874e+149   4.56903447e+148]
 [ -3.65844540e+148   5.26823416e+149]
 [  1.51556834e+149  -3.26296792e+149]
 [ -2.75737719e+149   5.88985229e+148]]