[[  9.00679418e+147  -4.47129713e+149]
 [  2.30058747e+149   1.83399589e+149]
 [ -1.44248733e+149   5.74003358e+149]
 [  8.93643943e+148   2.21404774e+149]
 [  3.49840296e+149  -4.15208734e+149]
 [  2.72427780e+149  -2.03751428e+149]
 [ -6.56984181e+148   1.05213633e+149]
 [ -8.31979936e+148   4.74243723e+149]
 [ -4.18181213e+148  -5.01967959e+148]
 [ -3.75049899e+149   4.00140310e+149]
 [  2.59551027e+149  -5.13375942e+149]
 [ -1.68045108e+149  -3.18056050e+149]
 [ -3.72696046e+149   3.58964822e+149]
 [ -3.81391314e+149   3.33339778e+149]
 [ -5.13724992e+149   3.36531305e+149]
 [  2.40841958e+149  -3.94867641e+149]
 [  2.30850710e+149  -1.93525302e+149]
 [ -1.94204396e+149  -3.95950725e+149]
 [  3.36594342e+149  -2.70736187e+149]
 [  2.05282024e+149  -4.19115899e+149]
 [  2.18702559e+149   3.47186492e+149]
 [ -3.88887761e+149   3.57273313e+149]
 [  1.60437263e+149  -3.22024846e+149]
 [  1.26004886e+149   2.52238165e+149]]