[[ -3.72232376e+149   2.48368711e+149]
 [  1.91867310e+148  -2.93415750e+149]
 [  5.52243247e+149  -2.12690275e+149]
 [  1.31032025e+149  -1.98210901e+149]
 [ -5.40566125e+149  -5.00525789e+148]
 [ -3.22832811e+149  -1.06887385e+149]
 [  1.24133304e+149  -5.39438174e+147]
 [  4.36767501e+149  -2.02563329e+149]
 [ -1.73419388e+148   6.32176603e+148]
 [  5.42639723e+149   7.93352047e+148]
 [ -5.69785644e+149   7.90538014e+148]
 [ -1.65169545e+149   3.20091199e+149]
 [  5.08014057e+149   1.00648345e+149]
 [  4.91422620e+149   1.22750898e+149]
 [  5.69772712e+149   2.29246626e+149]
 [ -4.61720872e+149   2.76425611e+148]
 [ -2.90709217e+149  -7.86111143e+148]
 [ -2.13916442e+149   3.85830954e+149]
 [ -4.14267576e+149  -1.21371499e+149]
 [ -4.61269394e+149   7.08095318e+148]
 [  1.60137530e+149  -3.77800818e+149]
 [  5.15356818e+149   1.15153013e+149]
 [ -3.55984519e+149   5.23049614e+148]
 [  1.35090193e+149  -2.47455436e+149]]