[[  3.31398851e+149  -3.00277847e+149]
 [ -2.89372527e+149  -5.31959529e+148]
 [ -3.38080634e+149   4.85796458e+149]
 [ -2.25824872e+149   7.78395612e+148]
 [  8.36331327e+148  -5.36469112e+149]
 [ -2.51247250e+148  -3.39277544e+149]
 [ -3.63234777e+148   1.18581251e+149]
 [ -3.03181794e+149   3.74046491e+149]
 [  6.52940709e+148  -1.40529253e+147]
 [ -5.57211074e+148   5.45594046e+149]
 [  2.17016921e+149  -5.32753590e+149]
 [  3.50218676e+149  -8.19879823e+148]
 [ -2.61734815e+148   5.16745281e+149]
 [ -1.16401183e+147   5.06532732e+149]
 [  8.33095415e+148   6.08461304e+149]
 [  1.39840653e+149  -4.40872948e+149]
 [ -5.54877843e+147  -3.01195613e+149]
 [  4.26172443e+149  -1.13393435e+149]
 [ -1.66910014e+148  -4.31661865e+149]
 [  1.81458976e+149  -4.29968754e+149]
 [ -4.05475703e+149   6.28772571e+148]
 [ -1.42943245e+148   5.27898542e+149]
 [  1.37636414e+149  -3.32408374e+149]
 [ -2.73003242e+149   7.04953850e+148]]