[[ -7.23225050e+148  -4.41603231e+149]
 [ -2.01453964e+149   2.14189713e+149]
 [  2.21208938e+149   5.48886475e+149]
 [ -5.55431933e+148   2.31023606e+149]
 [ -4.05358048e+149  -3.61111962e+149]
 [ -2.98383102e+149  -1.63136326e+149]
 [  8.07361830e+148   9.44449325e+148]
 [  1.49839119e+149   4.57543430e+149]
 [  3.43939006e+148  -5.58056898e+148]
 [  4.28183764e+149   3.42652313e+149]
 [ -3.30889552e+149  -4.70549985e+149]
 [  1.21373118e+149  -3.39128177e+149]
 [  4.20146993e+149   3.02795105e+149]
 [  4.24989913e+149   2.75585828e+149]
 [  5.56306909e+149   2.60226022e+149]
 [ -2.94761968e+149  -3.56462702e+149]
 [ -2.55793899e+149  -1.58937211e+149]
 [  1.36187506e+149  -4.19617365e+149]
 [ -3.71348152e+149  -2.20111824e+149]
 [ -2.62890725e+149  -3.85579966e+149]
 [ -1.67002522e+149   3.74816814e+149]
 [  4.35761701e+149   2.98269352e+149]
 [ -2.04598487e+149  -2.95973387e+149]
 [ -8.87819270e+148   2.67584235e+149]]