[[  1.09827889e+149   4.33496392e+149]
 [  1.82683820e+149  -2.30641552e+149]
 [ -2.70803319e+149  -5.26279166e+149]
 [  3.72349385e+148  -2.36027096e+149]
 [  4.34616387e+149   3.25434902e+149]
 [  3.11464619e+149   1.36884956e+149]
 [ -8.76470325e+148  -8.77193319e+148]
 [ -1.88205856e+149  -4.43180728e+149]
 [ -2.93617383e+148   5.83147100e+148]
 [ -4.55760488e+149  -3.05061499e+149]
 [  3.68746156e+149   4.41531263e+149]
 [ -9.17910497e+148   3.47751804e+149]
 [ -4.44112037e+149  -2.65399934e+149]
 [ -4.46842081e+149  -2.38559381e+149]
 [ -5.76485808e+149  -2.11728642e+149]
 [  3.23812919e+149   3.30255850e+149]
 [  2.68647422e+149   1.36317861e+149]
 [ -9.96652556e+148   4.29579998e+149]
 [  3.89107237e+149   1.87667496e+149]
 [  2.94678032e+149   3.61893188e+149]
 [  1.34601280e+149  -3.87610936e+149]
 [ -4.59558957e+149  -2.60171917e+149]
 [  2.29060273e+149   2.77434278e+149]
 [  6.57526505e+148  -2.74182514e+149]]