[[ -3.35151240e+149  -2.96509030e+149]
 [  2.88594285e+149  -5.63406735e+148]
 [  3.46600822e+149   4.79664078e+149]
 [  2.25090441e+149   7.61002370e+148]
 [ -8.95802281e+148  -5.35436625e+149]
 [  2.09466439e+148  -3.39421824e+149]
 [  3.68996813e+148   1.18644806e+149]
 [  3.07335100e+149   3.70598015e+149]
 [ -6.55501053e+148  -6.31754230e+146]
 [  6.17967894e+148   5.44915682e+149]
 [ -2.21868294e+149  -5.30735003e+149]
 [ -3.51647050e+149  -7.79981160e+148]
 [  3.23516887e+148   5.16876910e+149]
 [  6.74640790e+147   5.06476515e+149]
 [ -7.62236983e+148   6.09413576e+149]
 [ -1.44577313e+149  -4.39371911e+149]
 [  1.80623485e+147  -3.01144971e+149]
 [ -4.27651562e+149  -1.08350869e+149]
 [  1.16130554e+148  -4.31524973e+149]
 [ -1.86199242e+149  -4.27917382e+149]
 [  4.06160793e+149   5.84028825e+148]
 [  2.02016322e+148   5.27678653e+149]
 [ -1.41434519e+149  -3.30842959e+149]
 [  2.73739679e+149   6.74547366e+148]]