[[ -4.71331872e+149  -1.21860896e+149]
 [ -6.49642184e+148   2.24875435e+149]
 [  5.77204850e+149   9.96477851e+148]
 [  4.02472553e+148   2.64847310e+149]
 [ -3.38800469e+149  -4.16580370e+149]
 [ -2.13073612e+149  -2.12489315e+149]
 [  6.97489726e+148   1.19274822e+149]
 [  3.54977701e+149   3.17710135e+149]
 [ -2.47758612e+148  -1.55181714e+148]
 [  5.41879967e+149   1.04040434e+149]
 [ -2.65969078e+149  -4.89778147e+149]
 [ -3.80121734e+149   1.02581916e+149]
 [  4.47365225e+149   2.47980276e+149]
 [  4.94917112e+149   1.12876978e+149]
 [  6.13920741e+149  -3.69925018e+148]
 [ -3.31074550e+149  -3.18705746e+149]
 [ -2.52229998e+149  -1.30321039e+149]
 [ -4.36297185e+149   2.19622827e+149]
 [ -3.19339640e+149  -2.71193684e+149]
 [ -3.33345656e+149  -3.20668619e+149]
 [ -1.63781964e+148   4.38956029e+149]
 [  5.26784330e+149   5.10697757e+148]
 [ -3.16100286e+149  -1.67789680e+149]
 [  9.67562029e+148   1.98414446e+149]]