[[ -4.77867274e+149  -8.71111457e+148]
 [  4.18263306e+148  -2.49131688e+149]
 [  5.79124148e+149  -1.14972829e+149]
 [  1.42717692e+149  -2.18339957e+149]
 [ -4.83801867e+149   2.36494615e+149]
 [ -2.83424598e+149   1.16261198e+149]
 [  1.10949379e+149  -4.77699141e+148]
 [  4.52589002e+149  -1.46315070e+149]
 [ -2.63758459e+148   2.65256351e+148]
 [  5.38051717e+149   1.21921290e+149]
 [ -4.38499962e+149   3.43023757e+149]
 [ -3.03836864e+149  -2.45960740e+149]
 [  4.89795893e+149   1.55411375e+149]
 [  4.98598879e+149   9.49080424e+148]
 [  5.48699718e+149   2.78637018e+149]
 [ -4.33538694e+149   1.56022727e+149]
 [ -2.84489467e+149   2.14714170e+148]
 [ -3.03188832e+149  -3.75847356e+149]
 [ -4.07241841e+149   1.17447333e+149]
 [ -4.34213792e+149   1.60968547e+149]
 [  1.62608822e+149  -4.06621461e+149]
 [  5.01379007e+149   1.67634196e+149]
 [ -3.56674281e+149   2.89767638e+148]
 [  1.66812732e+149  -1.33633755e+149]]