[[ -4.50972575e+149  -1.06084353e+149]
 [  8.31586798e+148   2.05372016e+149]
 [  5.18879547e+149  -2.71857715e+149]
 [  1.96350898e+149   1.62035969e+149]
 [ -5.26936526e+149  -1.19090475e+149]
 [ -2.88427227e+149   6.08767727e+148]
 [  1.30891289e+149   4.84118508e+148]
 [  4.74412211e+149   3.56531325e+148]
 [ -3.10997802e+148   5.23127967e+147]
 [  4.96002625e+149  -2.44556728e+149]
 [ -5.53366715e+149   1.45084519e+149]
 [ -2.20504344e+149   2.73073336e+149]
 [  5.11753491e+149  -6.68241984e+148]
 [  4.62784895e+149  -2.11187047e+149]
 [  4.70118873e+149  -3.99341904e+149]
 [ -4.58326008e+149  -4.81955369e+148]
 [ -2.81082414e+149   4.76528118e+148]
 [ -2.11044276e+149   4.43326943e+149]
 [ -4.06275745e+149  -1.66232471e+149]
 [ -4.64728789e+149  -4.55197722e+148]
 [  2.52842166e+149   3.61845978e+149]
 [  4.51935509e+149  -2.78661843e+149]
 [ -3.53698493e+149   5.92198939e+148]
 [  1.97332708e+149   1.09767543e+149]]