[[  3.15921414e+149   3.16918947e+149]
 [  3.90729816e+148  -2.91434787e+149]
 [ -4.99433211e+149  -3.17452713e+149]
 [ -8.93556579e+148  -2.20164754e+149]
 [  5.39817330e+149   5.75694982e+148]
 [  3.37574639e+149  -4.11010928e+148]
 [ -1.20629779e+149  -2.97763835e+148]
 [ -3.88224461e+149  -2.84744658e+149]
 [  4.53008385e+147   6.53964353e+148]
 [ -5.47626817e+149  -2.92713729e+148]
 [  5.42993595e+149   1.89902975e+149]
 [  9.87787827e+148   3.46384333e+149]
 [ -5.17886069e+149  -1.54639094e+147]
 [ -5.05980885e+149   2.33948441e+148]
 [ -6.03799916e+149   1.12341537e+149]
 [  4.47194414e+149   1.18183887e+149]
 [  3.00504199e+149  -1.97175655e+148]
 [  1.33599142e+149   4.20448616e+149]
 [  4.30069911e+149  -3.72630713e+148]
 [  4.38236179e+149   1.60413512e+149]
 [ -8.24611686e+148  -4.01967215e+149]
 [ -5.27945899e+149   1.12247227e+148]
 [  3.38670707e+149   1.21502835e+149]
 [ -8.36195172e+148  -2.69242139e+149]]