[[  4.35795493e+149   9.37847787e+148]
 [ -2.05754120e+149   1.85205221e+149]
 [ -3.79477433e+149  -4.57330514e+149]
 [ -2.40717662e+149   5.48922932e+148]
 [  3.46471597e+149   4.20328100e+149]
 [  1.46431502e+149   3.09693657e+149]
 [ -1.12866936e+149  -5.60906568e+148]
 [ -4.49053510e+149  -1.73118541e+149]
 [  4.54818564e+148  -1.37948141e+148]
 [ -3.22648158e+149  -4.44432013e+149]
 [  4.60408484e+149   3.46189039e+149]
 [  3.40807205e+149  -1.00433299e+149]
 [ -4.13149860e+149  -2.89095875e+149]
 [ -2.56832370e+149  -4.37365418e+149]
 [ -2.31951956e+149  -5.69044162e+149]
 [  3.43724798e+149   3.10921239e+149]
 [  1.44325987e+149   2.66469917e+149]
 [  4.24344956e+149  -1.12471618e+149]
 [  2.00374997e+149   3.86662466e+149]
 [  3.71746295e+149   2.84155722e+149]
 [ -3.82402157e+149   1.48211958e+149]
 [ -2.78061193e+149  -4.49981716e+149]
 [  2.84708200e+149   2.20949770e+149]
 [ -2.71706014e+149   7.56944646e+148]]