[[ -3.84421572e+149  -2.25903976e+149]
 [  3.48301883e+148   2.93030524e+149]
 [  5.63426856e+149   1.81089739e+149]
 [  1.41135543e+149   1.92653816e+149]
 [ -5.37256851e+149   7.84775183e+148]
 [ -3.16550085e+149   1.24459349e+149]
 [  1.24149017e+149  -3.74133695e+146]
 [  4.47174091e+149   1.78838511e+149]
 [ -2.05614043e+148  -6.21362039e+148]
 [  5.37455594e+149  -1.08841078e+149]
 [ -5.72748622e+149  -5.49472923e+148]
 [ -1.81359059e+149  -3.08874396e+149]
 [  5.01537091e+149  -1.28322435e+149]
 [  4.84024722e+149  -1.48986162e+149]
 [  5.56110391e+149  -2.60417791e+149]
 [ -4.62429405e+149  -3.04826297e+147]
 [ -2.85979642e+149   9.45361841e+148]
 [ -2.34373150e+149  -3.73378490e+149]
 [ -4.08287317e+149   1.45090328e+149]
 [ -4.64434253e+149  -4.65104241e+148]
 [  1.80233504e+149   3.69171273e+149]
 [  5.08299987e+149  -1.42999649e+149]
 [ -3.58200668e+149  -3.29767395e+148]
 [  1.48225043e+149   2.40369789e+149]]