[[ -5.24084898e+148   4.44406693e+149]
 [ -2.10873950e+149  -2.04922205e+149]
 [  1.96324397e+149  -5.58270981e+149]
 [ -6.58668625e+148  -2.28294785e+149]
 [ -3.88724148e+149   3.78959804e+149]
 [ -2.90752162e+149   1.76377768e+149]
 [  7.64112957e+148  -9.79769891e+148]
 [  1.29130641e+149  -4.63813572e+149]
 [  3.68664862e+148   5.42040369e+148]
 [  4.12356196e+149  -3.61544342e+149]
 [ -3.09413865e+149   4.84941485e+149]
 [  1.36487387e+149   3.33332488e+149]
 [  4.06118302e+149  -3.21366296e+149]
 [  4.12178828e+149  -2.94402086e+149]
 [  5.44053323e+149  -2.84957788e+149]
 [ -2.78448640e+149   3.69346220e+149]
 [ -2.48394631e+149   1.70269384e+149]
 [  1.54903148e+149   4.13074793e+149]
 [ -3.61083652e+149   2.36574007e+149]
 [ -2.45301361e+149   3.97002124e+149]
 [ -1.83674182e+149  -3.66934982e+149]
 [  4.21920581e+149  -3.17546674e+149]
 [ -1.91093960e+149   3.04866996e+149]
 [ -1.00714679e+149  -2.63325097e+149]]