[[  2.52835103e+149   3.69213176e+149]
 [  9.15604776e+148  -2.79423714e+149]
 [ -4.33172815e+149  -4.03201029e+149]
 [ -4.77108892e+148  -2.32767317e+149]
 [  5.20269077e+149   1.55038978e+149]
 [  3.39409580e+149   2.11441158e+148]
 [ -1.13177635e+149  -5.12737698e+148]
 [ -3.29792841e+149  -3.50762647e+149]
 [ -7.47078600e+147   6.51260529e+148]
 [ -5.33107740e+149  -1.28639343e+149]
 [  4.99261325e+149   2.85732941e+149]
 [  3.39601203e+148   3.58588991e+149]
 [ -5.08921224e+149  -9.59560276e+148]
 [ -5.01763630e+149  -6.92620684e+148]
 [ -6.14161894e+149   3.56228567e+146]
 [  4.18146153e+149   1.97747491e+149]
 [  2.99061415e+149   3.54094016e+148]
 [  5.46911982e+148   4.37760942e+149]
 [  4.29654223e+149   4.17841303e+148]
 [  4.01637618e+149   2.37635578e+149]
 [ -7.78065152e+147  -4.10264485e+149]
 [ -5.21141180e+149  -8.52334254e+148]
 [  3.10836747e+149   1.81221697e+149]
 [ -3.31217505e+148  -2.79975897e+149]]