[[ -4.45204665e+149  -4.51305341e+148]
 [  2.01444666e+149  -2.14198458e+149]
 [  5.61408321e+149   1.87164244e+149]
 [  2.27186580e+149  -6.95931787e+148]
 [ -3.85268998e+149  -3.82471954e+149]
 [ -1.81111158e+149  -2.87827527e+149]
 [  9.92140406e+148   7.47980659e+148]
 [  4.65864198e+149   1.21524900e+149]
 [ -5.35936088e+148   3.77483842e+148]
 [  3.68242512e+149   4.06385773e+149]
 [ -4.89938898e+149  -3.01438319e+149]
 [ -3.31054800e+149   1.41922773e+149]
 [  3.27967785e+149   4.00806067e+149]
 [  3.01106340e+149   4.07306944e+149]
 [  2.93820907e+149   5.39318305e+149]
 [ -3.73852482e+149  -2.72368494e+149]
 [ -1.74310580e+149  -2.45575605e+149]
 [ -4.10485131e+149   1.61640734e+149]
 [ -2.42450034e+149  -3.57164732e+149]
 [ -4.00962362e+149  -2.38773173e+149]
 [  3.63880773e+149  -1.89653023e+149]
 [  3.24407215e+149   4.16668724e+149]
 [ -3.07952679e+149  -1.86080452e+149]
 [  2.61642057e+149  -1.05009462e+149]]