[[  3.65198563e+149   2.55631894e+149]
 [ -2.81010126e+149   9.02592546e+148]
 [ -3.99013629e+149  -4.37073166e+149]
 [ -2.33984403e+149  -4.81368060e+148]
 [  1.52171092e+149   5.21203650e+149]
 [  1.84911114e+148   3.39636413e+149]
 [ -5.13467538e+148  -1.13030498e+149]
 [ -3.48663075e+149  -3.32250388e+149]
 [  6.50532006e+148  -7.15971412e+147]
 [ -1.24585795e+149  -5.34023947e+149]
 [  2.88603796e+149   4.97785090e+149]
 [  3.56199369e+149   3.64293997e+148]
 [ -9.19216578e+148  -5.09459527e+149]
 [ -6.58764299e+148  -5.02128203e+149]
 [  5.51821735e+147  -6.14036286e+149]
 [  1.95156407e+149   4.19235932e+149]
 [  3.29826679e+148   2.99390893e+149]
 [  4.37018635e+149   5.78095178e+148]
 [  3.78644577e+148   4.31736492e+149]
 [  2.35538098e+149   4.02976535e+149]
 [ -4.10715927e+149  -1.03068494e+148]
 [ -8.14007868e+148  -5.21719030e+149]
 [  1.78996683e+149   3.12012341e+149]
 [ -2.80273714e+149  -3.47829964e+148]]