[[  3.47773250e+149  -2.81144290e+149]
 [  7.95525934e+147   2.94115463e+149]
 [ -5.32149198e+149   2.59068401e+149]
 [ -1.11708911e+149   2.11163952e+149]
 [  5.42950738e+149   6.15928124e+145]
 [  3.31351025e+149   7.71324155e+148]
 [ -1.22754550e+149   1.76299106e+148]
 [ -4.16311196e+149   2.41899129e+149]
 [  1.14544911e+148  -6.42901714e+148]
 [ -5.47663099e+149  -2.90456230e+148]
 [  5.59834987e+149  -1.32317082e+149]
 [  1.34994472e+149  -3.33384869e+149]
 [ -5.14590860e+149  -5.37981973e+148]
 [ -5.00658844e+149  -7.69287803e+148]
 [ -5.88345581e+149  -1.76110363e+149]
 [  4.57158844e+149  -7.02134860e+148]
 [  2.96741307e+149   5.19197296e+148]
 [  1.77736956e+149  -4.03593368e+149]
 [  4.23933715e+149   8.30369962e+148]
 [  4.52801868e+149  -1.13010630e+149]
 [ -1.24627778e+149   3.90935512e+149]
 [ -5.23793341e+149  -6.72504505e+148]
 [  3.49651961e+149  -8.47488378e+148]
 [ -1.11735513e+149   2.58873046e+149]]