[[ -3.17342993e+148  -4.84445587e+149]
 [ -2.51820968e+149   1.29834798e+148]
 [ -1.78371048e+149   5.62926807e+149]
 [ -2.34137346e+149   1.16536094e+149]
 [  2.90766395e+149  -4.53247601e+149]
 [  1.47981762e+149  -2.68193067e+149]
 [ -6.05290438e+148   1.04688902e+149]
 [ -1.97067070e+149   4.32507933e+149]
 [  2.91162380e+148  -2.32221403e+148]
 [  5.94726435e+148   5.48486986e+149]
 [  3.90058395e+149  -3.98352976e+149]
 [ -2.08690803e+149  -3.30030209e+149]
 [  9.77689776e+148   5.04140438e+149]
 [  3.75967104e+148   5.06129069e+149]
 [  2.13137379e+149   5.77418772e+149]
 [  2.04923541e+149  -4.12621567e+149]
 [  5.38314598e+148  -2.80128714e+149]
 [ -3.38572226e+149  -3.44904498e+149]
 [  1.64194224e+149  -3.89454728e+149]
 [  2.09646503e+149  -4.12970878e+149]
 [ -4.23009081e+149   1.14582486e+149]
 [  1.08223751e+149   5.17658466e+149]
 [  6.97959145e+148  -3.50960829e+149]
 [ -1.52582009e+149   1.50473364e+149]]