[[  4.13106588e+149   1.72008446e+149]
 [ -7.53518925e+148  -2.84223548e+149]
 [ -5.82872443e+149  -1.02320436e+149]
 [ -1.66761630e+149  -1.69255757e+149]
 [  5.20798422e+149  -1.53251429e+149]
 [  2.96194659e+149  -1.67076811e+149]
 [ -1.22847338e+149   1.86200987e+148]
 [ -4.67608801e+149  -1.14628797e+149]
 [  2.91955574e+148   5.86927154e+148]
 [ -5.17192079e+149   1.82385022e+149]
 [  5.74342093e+149  -3.21922987e+148]
 [  2.23739127e+149   2.82276738e+149]
 [ -4.79109160e+149   1.96628545e+149]
 [ -4.58570593e+149   2.15120864e+149]
 [ -5.14937420e+149   3.34715420e+149]
 [  4.58397470e+149  -6.18226044e+148]
 [  2.70120007e+149  -1.33141795e+149]
 [  2.84237257e+149   3.37394355e+149]
 [  3.83126481e+149  -1.98903908e+149]
 [  4.66270272e+149  -1.93772256e+148]
 [ -2.29918733e+149  -3.39874774e+149]
 [ -4.83520157e+149   2.12276057e+149]
 [  3.59392722e+149  -1.72527686e+148]
 [ -1.80230409e+149  -2.16796109e+149]]