[[ -4.10138596e+149   1.74464965e+149]
 [  7.21424152e+148  -2.86237121e+149]
 [  5.82028824e+149  -1.07183514e+149]
 [  1.64671076e+149  -1.73120160e+149]
 [ -5.22770168e+149  -1.46712482e+149]
 [ -2.97951737e+149  -1.64073040e+149]
 [  1.23080010e+149   1.62241428e+148]
 [  4.66438291e+149  -1.19988846e+149]
 [ -2.83477949e+148   5.89851808e+148]
 [  5.19032623e+149   1.76938494e+149]
 [ -5.75120358e+149  -1.82932025e+148]
 [ -2.19381964e+149   2.82869065e+149]
 [  4.80897535e+149   1.91653821e+149]
 [  4.60902399e+149   2.09853418e+149]
 [  5.18048909e+149   3.29686027e+149]
 [ -4.58991339e+149  -5.62850966e+148]
 [ -2.71475100e+149  -1.30479587e+149]
 [ -2.80338056e+149   3.40187502e+149]
 [ -3.86394181e+149  -1.96430176e+149]
 [ -4.66575596e+149  -1.34019535e+148]
 [  2.26117650e+149  -3.43044964e+149]
 [  4.85737835e+149   2.07062817e+149]
 [ -3.59462327e+149  -1.32603376e+148]
 [  1.77849648e+149  -2.19414953e+149]]