[[ -2.78617642e+149  -3.48018256e+149]
 [  2.95036373e+149  -7.58884848e+147]
 [  2.60018226e+149   5.31634203e+149]
 [  2.10979098e+149   1.12004148e+149]
 [  5.48624596e+146  -5.42961684e+149]
 [  7.77607203e+148  -3.31131242e+149]
 [  1.74764500e+148   1.22911177e+149]
 [  2.41158059e+149   4.16889308e+149]
 [ -6.44420032e+148  -1.14257168e+148]
 [ -3.06100994e+148   5.47509530e+149]
 [ -1.36857891e+149  -5.58879002e+149]
 [ -3.31614761e+149  -1.35136818e+149]
 [ -5.50470202e+148   5.14752859e+149]
 [ -7.79880430e+148   5.00391371e+149]
 [ -1.77957909e+149   5.87710333e+149]
 [ -6.93822133e+148  -4.57200645e+149]
 [  5.25356771e+148  -2.96584554e+149]
 [ -4.03131482e+149  -1.78371683e+149]
 [  8.50537169e+148  -4.24939254e+149]
 [ -1.12699779e+149  -4.52951845e+149]
 [  3.91234714e+149   1.25391180e+149]
 [ -6.85939565e+148   5.23557023e+149]
 [ -8.40322252e+148  -3.49758674e+149]
 [  2.59173366e+149   1.12197091e+149]]