[[  1.47749817e+149   4.22089472e+149]
 [ -2.79645342e+149  -9.14624332e+148]
 [ -6.49582863e+148  -5.88284632e+149]
 [ -1.61257260e+149  -1.76240927e+149]
 [ -1.82731049e+149   5.11277077e+149]
 [ -1.84114289e+149   2.86083993e+149]
 [  2.47050224e+148  -1.21530320e+149]
 [ -8.77315249e+148  -4.73427195e+149]
 [  5.66906848e+148   3.24172710e+148]
 [  2.11611254e+149  -5.05963367e+149]
 [ -6.37558897e+148   5.71715064e+149]
 [  2.68534412e+149   2.39291167e+149]
 [  2.23793783e+149  -4.66495999e+149]
 [  2.40888812e+149  -4.45589177e+149]
 [  3.63788700e+149  -4.94796167e+149]
 [ -8.76898646e+148   4.54130709e+149]
 [ -1.48727359e+149   2.61974714e+149]
 [  3.20268830e+149   3.03161486e+149]
 [ -2.20824396e+149   3.71281689e+149]
 [ -4.59201883e+148   4.64426662e+149]
 [ -3.26215105e+149  -2.48891214e+149]
 [  2.39557705e+149  -4.70631387e+149]
 [ -3.78296460e+148   3.57781859e+149]
 [ -2.06188821e+149  -1.92318345e+149]]