[[  4.45983502e+149  -3.66425236e+148]
 [ -1.59100526e+149   2.47281127e+149]
 [ -5.86094412e+149  -8.18724427e+148]
 [ -2.10728225e+149   1.09775077e+149]
 [  4.48438890e+149   3.05973134e+149]
 [  2.30466495e+149   2.50062256e+149]
 [ -1.11169281e+149  -5.54938515e+148]
 [ -4.80200495e+149  -3.47165177e+148]
 [  4.58291451e+148  -4.68711519e+148]
 [ -4.36048612e+149  -3.32586157e+149]
 [  5.36614284e+149   2.07244528e+149]
 [  2.99699310e+149  -1.99799094e+149]
 [ -3.95430993e+149  -3.34428918e+149]
 [ -3.70201133e+149  -3.45709554e+149]
 [ -3.87061111e+149  -4.76842381e+149]
 [  4.17176107e+149   1.99785813e+149]
 [  2.16090364e+149   2.09753452e+149]
 [  3.74214971e+149  -2.33642729e+149]
 [  3.03399278e+149   3.07079050e+149]
 [  4.37719539e+149   1.61817950e+149]
 [ -3.23291077e+149   2.52706086e+149]
 [ -3.94816605e+149  -3.50674657e+149]
 [  3.36673800e+149   1.26931239e+149]
 [ -2.38163214e+149   1.50870265e+149]]