[[  2.33728246e+149  -3.81595421e+149]
 [ -2.92449495e+149   3.05651118e+148]
 [ -1.91087190e+149   5.60085210e+149]
 [ -1.92973672e+149   1.38629415e+149]
 [ -7.10041250e+148  -5.38215023e+149]
 [ -1.19341846e+149  -3.18439100e+149]
 [ -5.70422373e+146   1.24249149e+149]
 [ -1.85451613e+149   4.44303333e+149]
 [  6.24966287e+148  -1.97834986e+148]
 [  1.00345183e+149   5.39150060e+149]
 [  5.68703498e+148  -5.72425495e+149]
 [  3.13436556e+149  -1.77473603e+149]
 [  1.20297794e+149   5.03722952e+149]
 [  1.41739461e+149   4.86285821e+149]
 [  2.51197085e+149   5.60441775e+149]
 [  9.69385579e+147  -4.62446002e+149]
 [ -8.98395926e+148  -2.87437651e+149]
 [  3.77233975e+149  -2.28736306e+149]
 [ -1.37365299e+149  -4.09242519e+149]
 [  5.28458043e+148  -4.63670966e+149]
 [ -3.71298040e+149   1.74686152e+149]
 [  1.35076631e+149   5.10496984e+149]
 [  3.84432263e+148  -3.57746985e+149]
 [ -2.42023500e+149   1.44596607e+149]]