[[ -3.39660733e+148  -4.46195321e+149]
 [  2.46322112e+149   1.60581288e+149]
 [ -8.53873908e+148   5.85592649e+149]
 [  1.08508784e+149   2.11383056e+149]
 [  3.08658149e+149  -4.46595055e+149]
 [  2.51440497e+149  -2.28962035e+149]
 [ -5.61598409e+148   1.10834330e+149]
 [ -3.75969773e+148   4.79983562e+149]
 [ -4.65953447e+148  -4.61095355e+148]
 [ -3.35196354e+149   4.34045329e+149]
 [  2.10460351e+149  -5.35361210e+149]
 [ -1.97997376e+149  -3.00892661e+149]
 [ -3.36795387e+149   3.93417385e+149]
 [ -3.47924447e+149   3.68120298e+149]
 [ -4.79156069e+149   3.84193207e+149]
 [  2.02285171e+149  -4.15969933e+149]
 [  2.11046166e+149  -2.14828005e+149]
 [ -2.31393327e+149  -3.75610034e+149]
 [  3.08893844e+149  -3.01551419e+149]
 [  1.64441247e+149  -4.36740793e+149]
 [  2.50761871e+149   3.24801432e+149]
 [ -3.53037148e+149   3.92705537e+149]
 [  1.28948914e+149  -3.35906184e+149]
 [  1.49438629e+149   2.39064111e+149]]