[[ -2.01644641e+149  -3.99186574e+149]
 [  2.89184338e+149   5.41626314e+148]
 [  1.41750820e+149   5.74622980e+149]
 [  1.82678614e+149   1.53686771e+149]
 [  1.14394265e+149  -5.30752644e+149]
 [  1.45124224e+149  -3.07681387e+149]
 [ -8.73755666e+147   1.23739321e+149]
 [  1.48812227e+149   4.57912226e+149]
 [ -6.04765825e+148  -2.47385764e+148]
 [ -1.43727207e+149   5.29260140e+149]
 [ -1.13564852e+148  -5.75145432e+149]
 [ -2.97539900e+149  -2.02178291e+149]
 [ -1.60945910e+149   4.91801324e+149]
 [ -1.80642461e+149   4.73225585e+149]
 [ -2.96034745e+149   5.38080346e+149]
 [  2.76522494e+148  -4.61693588e+149]
 [  1.13192101e+149  -2.79159468e+149]
 [ -3.57157267e+149  -2.58716875e+149]
 [  1.70408164e+149  -3.96925425e+149]
 [ -1.51305363e+148  -4.66443381e+149]
 [  3.55932074e+149   2.04164409e+149]
 [ -1.76043600e+149   4.97881103e+149]
 [ -9.23360623e+147  -3.59659814e+149]
 [  2.29541424e+149   1.63744617e+149]]