[[ -4.20485799e+149  -1.52300242e+149]
 [  2.47633803e+149  -1.58872978e+149]
 [  4.97108087e+149   3.21204958e+149]
 [  2.38398124e+149  -1.34466593e+148]
 [ -2.80673205e+149  -4.64769047e+149]
 [ -1.05330942e+149  -3.23478646e+149]
 [  7.85095679e+148   9.60289097e+148]
 [  4.22308239e+149   2.31268119e+149]
 [ -6.09739887e+148   2.34545222e+148]
 [  2.58299285e+149   4.83794043e+149]
 [ -4.02666389e+149  -4.10830341e+149]
 [ -3.55194054e+149   5.68502509e+148]
 [  2.20059770e+149   4.68320250e+149]
 [  1.93007489e+149   4.68319534e+149]
 [  1.53475233e+149   5.94652716e+149]
 [ -2.96460537e+149  -3.55015891e+149]
 [ -1.09016573e+149  -2.80820939e+149]
 [ -4.37367007e+149   5.65730699e+148]
 [ -1.48129207e+149  -4.05776318e+149]
 [ -3.30853106e+149  -3.29143346e+149]
 [  3.99069890e+149  -9.54549434e+148]
 [  2.13258811e+149   4.83114002e+149]
 [ -2.53336106e+149  -2.55461849e+149]
 [  2.79358617e+149  -3.82091746e+148]]