[[  4.29224126e+149  -1.25560308e+149]
 [ -2.37153428e+149  -1.74134242e+149]
 [ -5.16264724e+149   2.89418324e+149]
 [ -2.37112320e+149  -2.84514553e+148]
 [  3.09347605e+149  -4.46199757e+149]
 [  1.25456649e+149  -3.16222658e+149]
 [ -8.44077108e+148   9.08780236e+148]
 [ -4.36016176e+149   2.04253350e+149]
 [  5.93718031e+148   2.72365976e+148]
 [ -2.88214701e+149   4.66592458e+149]
 [  4.27721300e+149  -3.84677368e+149]
 [  3.50905925e+149   7.90668268e+148]
 [ -2.49061907e+149   4.53543790e+149]
 [ -2.22079761e+149   4.55254163e+149]
 [ -1.90562746e+149   5.83825289e+149]
 [  3.18203361e+149  -3.35665638e+149]
 [  1.26452435e+149  -2.73416703e+149]
 [  4.32940975e+149   8.39559530e+148]
 [  1.73351226e+149  -3.95666336e+149]
 [  3.50897110e+149  -3.07686376e+149]
 [ -3.92274701e+149  -1.20362828e+149]
 [ -2.43219714e+149   4.68747015e+149]
 [  2.68897595e+149  -2.39026500e+149]
 [ -2.76402223e+149  -5.57016219e+148]]