[[  4.64009329e+148  -4.43471816e+149]
 [ -2.52282322e+149   1.53071557e+149]
 [  6.85351899e+148   5.87831709e+149]
 [ -1.16886134e+149   2.08254172e+149]
 [ -2.93959107e+149  -4.56498879e+149]
 [ -2.44393110e+149  -2.36571394e+149]
 [  5.17656281e+148   1.12842817e+149]
 [  2.24391684e+148   4.81085932e+149]
 [  4.80390820e+148  -4.44518582e+148]
 [  3.21674449e+149   4.44106507e+149]
 [ -1.87247360e+149  -5.44055946e+149]
 [  2.06023573e+149  -2.93012148e+149]
 [  3.24529043e+149   4.03345549e+149]
 [  3.36085276e+149   3.78845429e+149]
 [  4.67363734e+149   3.98306122e+149]
 [ -1.88761496e+149  -4.22160863e+149]
 [ -2.04495080e+149  -2.21140449e+149]
 [  2.42771052e+149  -3.67975174e+149]
 [ -3.01160572e+149  -3.11521155e+149]
 [ -1.50034543e+149  -4.41985918e+149]
 [ -2.61362172e+149   3.16953505e+149]
 [  3.40689674e+149   4.03420879e+149]
 [ -1.18348787e+149  -3.39689639e+149]
 [ -1.57386118e+149   2.34471063e+149]]