[[  2.61625259e+149  -3.61019124e+149]
 [  8.55731615e+148   2.82432095e+149]
 [ -4.43588739e+149   3.91756082e+149]
 [ -5.20461800e+148   2.33100447e+149]
 [  5.23654855e+149  -1.43495713e+149]
 [  3.39894925e+149  -1.28755005e+148]
 [ -1.13879537e+149   4.94401619e+148]
 [ -3.37975376e+149   3.43108128e+149]
 [ -6.07556494e+147  -6.51659902e+148]
 [ -5.36011642e+149   1.15740504e+149]
 [  5.02623504e+149  -2.80065374e+149]
 [  4.23234711e+148  -3.55633116e+149]
 [ -5.10913693e+149   8.34918302e+148]
 [ -5.03153404e+149   5.75505338e+148]
 [ -6.13864414e+149  -1.56528375e+148]
 [  4.22418222e+149  -1.88179055e+149]
 [  2.99893352e+149  -2.80329177e+148]
 [  6.50343362e+148  -4.36013783e+149]
 [  4.32238597e+149  -3.07416224e+148]
 [  4.06830909e+149  -2.28807478e+149]
 [ -1.71159524e+148   4.10470051e+149]
 [ -5.22994577e+149   7.27608219e+148]
 [  3.14936130e+149  -1.73808089e+149]
 [ -3.94276411e+148   2.79639945e+149]]