[[ -2.99114828e+149   3.32827700e+149]
 [ -5.40873697e+148  -2.89025067e+149]
 [  4.82353630e+149  -3.42847973e+149]
 [  7.78540580e+148  -2.24489862e+149]
 [ -5.36119226e+149   8.54000690e+148]
 [ -3.39248070e+149  -2.35941476e+148]
 [  1.18929083e+149  -3.59729012e+148]
 [  3.72984539e+149  -3.04434370e+149]
 [ -1.14315156e+147   6.55431813e+148]
 [  5.45381231e+149  -5.75435211e+148]
 [ -5.32449849e+149   2.17720791e+149]
 [ -8.07392636e+148   3.51027813e+149]
 [  5.17113584e+149  -2.83180727e+148]
 [  5.06513735e+149  -2.79471426e+147]
 [  6.08800337e+149   8.09759732e+148]
 [ -4.40486518e+149   1.41144969e+149]
 [ -3.01121713e+149  -4.15568828e+147]
 [ -1.11684074e+149   4.26793202e+149]
 [ -4.31421235e+149  -1.49794244e+148]
 [ -4.29357070e+149   1.82854998e+149]
 [  6.15699382e+148  -4.05692776e+149]
 [  5.27820204e+149  -1.60841117e+148]
 [ -3.31936351e+149   1.38849004e+149]
 [  6.95883781e+148  -2.73205071e+149]]