[[  4.86932436e+149   5.07352850e+147]
 [ -1.86089544e+147   2.54337811e+149]
 [ -5.58068777e+149   1.93274260e+149]
 [ -1.06338524e+149   2.41570495e+149]
 [  4.40734976e+149  -3.09162429e+149]
 [  2.61427112e+149  -1.54254556e+149]
 [ -1.00743641e+149   6.81452393e+148]
 [ -4.24389000e+149   2.14997564e+149]
 [  2.21176818e+148  -2.93592623e+148]
 [ -5.50152527e+149  -3.78696946e+148]
 [  3.74741880e+149  -4.08810576e+149]
 [  3.38428317e+149   1.95480878e+149]
 [ -5.06217516e+149  -7.78256811e+148]
 [ -5.06955400e+149  -1.74881888e+148]
 [ -5.84539044e+149  -1.91393359e+149]
 [  4.03750775e+149  -2.21652608e+149]
 [  2.78209740e+149  -6.40597285e+148]
 [  3.56574404e+149   3.25849084e+149]
 [  3.86890110e+149  -1.78021713e+149]
 [  4.03641920e+149  -2.26358033e+149]
 [ -9.69818968e+148   4.27956399e+149]
 [ -5.21224610e+149  -8.77467983e+148]
 [  3.47847153e+149  -8.32504235e+148]
 [ -1.43824674e+149   1.60567793e+149]]