[[  2.63036255e+149   3.62016419e+149]
 [  8.37300594e+148  -2.81869137e+149]
 [ -4.44251908e+149  -3.90960355e+149]
 [ -5.41855837e+148  -2.31345791e+149]
 [  5.24391562e+149   1.40465249e+149]
 [  3.39867328e+149   1.16677395e+148]
 [ -1.14563920e+149  -4.80966197e+148]
 [ -3.39449348e+149  -3.41426262e+149]
 [ -5.65112647e+147   6.53091126e+148]
 [ -5.36488787e+149  -1.13717742e+149]
 [  5.07037816e+149   2.71694382e+149]
 [  4.39500794e+148   3.57502090e+149]
 [ -5.11399952e+149  -8.17218511e+148]
 [ -5.03500490e+149  -5.52379481e+148]
 [ -6.13912945e+149   1.74887103e+148]
 [  4.23499775e+149   1.86005956e+149]
 [  2.99932809e+149   2.70530235e+148]
 [  6.68816650e+148   4.36064918e+149]
 [  4.30652623e+149   2.97822629e+148]
 [  4.08110380e+149   2.26339041e+149]
 [ -1.92223350e+148  -4.09887775e+149]
 [ -5.23316035e+149  -7.06625348e+148]
 [  3.15771128e+149   1.72480090e+149]
 [ -4.09190500e+148  -2.78942977e+149]]