[[  2.86117081e+149  -3.41623418e+149]
 [  6.58010722e+148   2.87809587e+149]
 [ -4.69829548e+149   3.59871243e+149]
 [ -6.79944873e+148   2.29107107e+149]
 [  5.32355791e+149  -1.06842795e+149]
 [  3.39968756e+149   1.08070545e+148]
 [ -1.17000192e+149   4.15008939e+148]
 [ -3.61008762e+149   3.18813014e+149]
 [ -1.55324743e+147  -6.54220164e+148]
 [ -5.42761597e+149   7.81707054e+148]
 [  5.20511429e+149  -2.45329320e+149]
 [  6.69088219e+148  -3.51553896e+149]
 [ -5.15470108e+149   4.77310900e+148]
 [ -5.05926319e+149   2.24598643e+148]
 [ -6.11274358e+149  -5.83699205e+148]
 [  4.34447745e+149  -1.58403434e+149]
 [  3.01122049e+149  -7.08819646e+147]
 [  9.51811257e+148  -4.30400909e+149]
 [  4.33535369e+149  -5.20055789e+146]
 [  4.21720998e+149  -2.00072357e+149]
 [ -4.55679176e+148   4.08351947e+149]
 [ -5.26786675e+149   3.62134682e+148]
 [  3.26242321e+149  -1.51498716e+149]
 [ -5.87393460e+148   2.76289059e+149]]