[[ -3.63863692e+149   2.60474898e+149]
 [  2.81271221e+149   8.57171689e+148]
 [  3.94085775e+149  -4.41481776e+149]
 [  2.31722426e+149  -5.25515909e+148]
 [ -1.44162465e+149   5.23387218e+149]
 [ -1.40659459e+148   3.39776524e+149]
 [  4.89039175e+148  -1.14221641e+149]
 [  3.43813307e+149  -3.37031397e+149]
 [ -6.52676054e+148  -6.11188237e+147]
 [  1.17500996e+149  -5.35672903e+149]
 [ -2.75265861e+149   5.05107800e+149]
 [ -3.57803350e+149   4.14260367e+148]
 [  8.53288455e+148  -5.10810493e+149]
 [  5.87898543e+148  -5.03098129e+149]
 [ -1.31557951e+148  -6.14021078e+149]
 [ -1.88990028e+149   4.22176556e+149]
 [ -2.91690226e+148   2.99734422e+149]
 [ -4.36526053e+149   6.38026212e+148]
 [ -3.28207042e+148   4.30431721e+149]
 [ -2.29213503e+149   4.06502907e+149]
 [  4.10013223e+149  -1.63292142e+148]
 [  7.43538983e+148  -5.22804327e+149]
 [ -1.74704241e+149   3.14546046e+149]
 [  2.79224803e+149  -3.89494868e+148]]