[[ -1.13504534e+149   4.32556235e+149]
 [ -1.80711482e+149  -2.32186551e+149]
 [  2.75100707e+149  -5.24040955e+149]
 [ -3.51668295e+148  -2.36290097e+149]
 [ -4.37366953e+149   3.21723088e+149]
 [ -3.12605053e+149   1.34242710e+149]
 [  8.84260709e+148  -8.69497378e+148]
 [  1.91967766e+149  -4.41563798e+149]
 [  2.88742485e+148   5.85719118e+148]
 [  4.58339560e+149  -3.01170058e+149]
 [ -3.72513561e+149   4.38356798e+149]
 [  8.88419012e+148   3.48533796e+149]
 [  4.46369786e+149  -2.61632212e+149]
 [  4.48856364e+149  -2.34745193e+149]
 [  5.78264117e+149  -2.06823553e+149]
 [ -3.26616381e+149   3.27484154e+149]
 [ -2.69785971e+149   1.34039773e+149]
 [  9.60222080e+148   4.30415645e+149]
 [ -3.90676883e+149   1.84354862e+149]
 [ -2.97743989e+149   3.59373722e+149]
 [ -1.31298900e+149  -3.88745661e+149]
 [  4.61754811e+149  -2.56251095e+149]
 [ -2.31408871e+149   2.75479187e+149]
 [ -6.34181314e+148  -2.74732972e+149]]