[[ -7.23956554e+148  -4.41311719e+149]
 [ -2.01700683e+149   2.14200237e+149]
 [  2.24479990e+149   5.47633085e+149]
 [ -5.71085566e+148   2.31896383e+149]
 [ -4.05238721e+149  -3.61348222e+149]
 [ -2.98608345e+149  -1.63003689e+149]
 [  7.99226802e+148   9.48432881e+148]
 [  1.49675781e+149   4.57631733e+149]
 [  3.42570603e+148  -5.56142034e+148]
 [  4.28051018e+149   3.42854050e+149]
 [ -3.29761937e+149  -4.71359078e+149]
 [  1.21178746e+149  -3.38673289e+149]
 [  4.19861196e+149   3.02398848e+149]
 [  4.24844934e+149   2.75831075e+149]
 [  5.56296798e+149   2.60192014e+149]
 [ -2.94446637e+149  -3.56687361e+149]
 [ -2.55999054e+149  -1.58782910e+149]
 [  1.36014251e+149  -4.19506076e+149]
 [ -3.71633073e+149  -2.20211778e+149]
 [ -2.62698484e+149  -3.85732263e+149]
 [ -1.67205099e+149   3.74711253e+149]
 [  4.35665392e+149   2.98455406e+149]
 [ -2.04527987e+149  -2.95986106e+149]
 [ -8.89236144e+148   2.67569321e+149]]