[[ -2.20906216e+149   4.07206476e+149]
 [ -1.05272366e+149  -2.32190109e+149]
 [  4.08255557e+149  -4.29146688e+149]
 [  1.01971009e+148  -2.51356135e+149]
 [ -2.63843507e+149   4.71119758e+149]
 [ -2.33481881e+149   1.75652605e+149]
 [  6.82183444e+148  -1.03103192e+149]
 [  2.87153582e+149  -3.81543053e+149]
 [ -9.65176583e+147   3.66165563e+148]
 [  5.12616137e+149  -2.04342022e+149]
 [ -4.74709320e+149   3.18043150e+149]
 [ -3.47382407e+149  -1.28140920e+148]
 [  4.91531086e+149  -1.54500827e+149]
 [  4.65716915e+149  -2.00987890e+149]
 [  6.10234780e+149  -8.28752692e+148]
 [ -2.67524087e+149   3.74199606e+149]
 [ -2.20069390e+149   1.78686464e+149]
 [ -4.71505539e+149  -1.23055850e+149]
 [ -1.42699811e+149   4.14953103e+149]
 [ -2.70426617e+149   3.79939238e+149]
 [ -1.04032501e+149  -4.30681943e+149]
 [  5.08040198e+149  -1.50043413e+149]
 [ -2.77650543e+149   2.26125996e+149]
 [  4.71922529e+148  -2.25902469e+149]]