[[  1.98869873e+149   4.00566628e+149]
 [ -2.88807467e+149  -5.61569245e+148]
 [ -1.37594982e+149  -5.75636357e+149]
 [ -1.81689296e+149  -1.54939769e+149]
 [ -1.18057017e+149   5.29953450e+149]
 [ -1.47263827e+149   3.06670700e+149]
 [  9.55091099e+147  -1.23668033e+149]
 [ -1.45645106e+149  -4.58930009e+149]
 [  6.02910491e+148   2.51545284e+148]
 [  1.47376831e+149  -5.28256981e+149]
 [  7.41999538e+147   5.75210222e+149]
 [  2.96117013e+149   2.04225645e+149]
 [  1.64341674e+149  -4.90651889e+149]
 [  1.83902852e+149  -4.71969207e+149]
 [  2.99750608e+149  -5.36018666e+149]
 [ -3.08322171e+148   4.61491550e+149]
 [ -1.15134398e+149   2.78369174e+149]
 [  3.55348022e+149   2.61184887e+149]
 [ -1.73158315e+149   3.95744672e+149]
 [  1.19075620e+148   4.66537698e+149]
 [ -3.54511561e+149  -2.06614828e+149]
 [  1.79477507e+149  -4.96655284e+149]
 [  6.74474937e+147   3.59714315e+149]
 [ -2.28404462e+149  -1.65325524e+149]]