[[ -4.36441355e+149  -9.74691912e+148]
 [  2.25358962e+149  -1.89161939e+149]
 [  5.33759660e+149   2.55743649e+149]
 [  2.34874026e+149  -4.39246319e+148]
 [ -3.37649740e+149  -4.25196337e+149]
 [ -1.45677534e+149  -3.07450398e+149]
 [  9.01736888e+148   8.51198841e+148]
 [  4.48348253e+149   1.75540436e+149]
 [ -5.74571134e+148   3.10064584e+148]
 [  3.17885200e+149   4.46910659e+149]
 [ -4.51828035e+149  -3.56054785e+149]
 [ -3.45003975e+149   1.01632640e+149]
 [  2.77908788e+149   4.36393607e+149]
 [  2.51156571e+149   4.39884983e+149]
 [  2.28019479e+149   5.70238566e+149]
 [ -3.39321137e+149  -3.14300652e+149]
 [ -1.43894356e+149  -2.64666592e+149]
 [ -4.26575443e+149   1.11828171e+149]
 [ -1.98645163e+149  -3.83619100e+149]
 [ -3.70118081e+149  -2.84278783e+149]
 [  3.83630891e+149  -1.45557850e+149]
 [  2.73121640e+149   4.51982775e+149]
 [ -2.83829253e+149  -2.21086733e+149]
 [  2.72204027e+149  -7.35148367e+148]]