[[  1.01098644e+149   4.35616786e+149]
 [ -2.68082091e+149  -1.21245657e+149]
 [ -6.03508006e+146  -5.91863717e+149]
 [ -1.41265482e+149  -1.92699738e+149]
 [ -2.37094816e+149   4.88451066e+149]
 [ -2.14066606e+149   2.64427808e+149]
 [  3.76979735e+148  -1.18136380e+149]
 [ -3.58765954e+148  -4.80149334e+149]
 [  5.28288733e+148   3.83696458e+148]
 [  2.65226141e+149  -4.80036304e+149]
 [ -1.25343662e+149   5.61437816e+149]
 [  2.40986639e+149   2.66992802e+149]
 [  2.73054376e+149  -4.39454077e+149]
 [  2.87783363e+149  -4.16843974e+149]
 [  4.15301843e+149  -4.52426118e+149]
 [ -1.36409650e+149   4.41945961e+149]
 [ -1.76272815e+149   2.44297366e+149]
 [  2.85492712e+149   3.36106269e+149]
 [ -2.59795142e+149   3.45149265e+149]
 [ -9.60116453e+148   4.56709292e+149]
 [ -2.97301376e+149  -2.82793783e+149]
 [  2.89178158e+149  -4.41881702e+149]
 [ -7.64071763e+148   3.51568540e+149]
 [ -1.84118159e+149  -2.13541834e+149]]