[[  4.87393426e+149  -1.58359666e+147]
 [  1.24494890e+148  -2.16571785e+149]
 [ -5.83444158e+149   3.81608749e+148]
 [ -9.94617642e+148  -2.47115860e+149]
 [  4.31075978e+149   3.23618189e+149]
 [  2.59511279e+149   1.65781816e+149]
 [ -9.59530616e+148  -9.82934908e+148]
 [ -4.17370240e+149  -2.23514379e+149]
 [  2.70042259e+148   1.00078263e+148]
 [ -5.52816756e+149   1.54984650e+148]
 [  3.67826291e+149   4.17558425e+149]
 [  3.44124166e+149  -1.88466548e+149]
 [ -4.93087227e+149  -1.41829090e+149]
 [ -5.09152956e+149  -3.86619553e+147]
 [ -5.92932728e+149   1.68980494e+149]
 [  3.98095152e+149   2.33685578e+149]
 [  2.77790942e+149   7.23593154e+148]
 [  3.60844731e+149  -3.27401465e+149]
 [  3.80900772e+149   1.88596911e+149]
 [  4.00197315e+149   2.34470366e+149]
 [ -8.49174652e+148  -4.27906355e+149]
 [ -5.25559062e+149   6.91521383e+148]
 [  3.45907514e+149   9.32595726e+148]
 [ -1.38425864e+149  -1.54581206e+149]]