[[ -9.90035673e+148   4.34756287e+149]
 [  2.68755382e+149  -1.21859744e+149]
 [  2.12679395e+147  -5.91809730e+149]
 [  1.40917772e+149  -1.92811288e+149]
 [  2.37357797e+149   4.88328569e+149]
 [  2.14403975e+149   2.64054922e+149]
 [ -3.79214699e+148  -1.18216320e+149]
 [  3.51540528e+148  -4.80324764e+149]
 [ -5.30023694e+148   3.83984351e+148]
 [ -2.66357157e+149  -4.79331619e+149]
 [  1.20934442e+149   5.62525162e+149]
 [ -2.39524791e+149   2.66316431e+149]
 [ -2.74057468e+149  -4.39202439e+149]
 [ -2.88454464e+149  -4.16258252e+149]
 [ -4.16473080e+149  -4.51249918e+149]
 [  1.37012519e+149   4.41676288e+149]
 [  1.76633615e+149   2.43971271e+149]
 [ -2.84963124e+149   3.36360874e+149]
 [  2.61822922e+149   3.45248650e+149]
 [  9.61946229e+148   4.56737183e+149]
 [  2.97333072e+149  -2.83485576e+149]
 [ -2.90093128e+149  -4.41207181e+149]
 [  7.69499248e+148   3.51388642e+149]
 [  1.84253728e+149  -2.14005879e+149]]