[[  4.04785969e+149  -1.86619117e+149]
 [ -2.60491555e+149  -1.38820704e+149]
 [ -4.70378717e+149   3.59150812e+149]
 [ -2.38842773e+149   5.71827411e+147]
 [  2.42467545e+149  -4.85820036e+149]
 [  7.86029806e+148  -3.30932965e+149]
 [ -7.06479630e+148   1.02083121e+149]
 [ -4.02205706e+149   2.64934441e+149]
 [  6.27397334e+148   1.86200825e+148]
 [ -2.17580506e+149   5.03350033e+149]
 [  3.72681828e+149  -4.38405997e+149]
 [  3.56948140e+149   2.75011409e+148]
 [ -1.81064924e+149   4.84985680e+149]
 [ -1.54143171e+149   4.82400819e+149]
 [ -1.03772464e+149   6.05227405e+149]
 [  2.66620102e+149  -3.77831026e+149]
 [  8.57041088e+148  -2.88752664e+149]
 [  4.40325604e+149   2.08436660e+148]
 [  1.14045353e+149  -4.18158690e+149]
 [  3.03475591e+149  -3.54645313e+149]
 [ -4.06009566e+149  -6.29216325e+148]
 [ -1.72897813e+149   4.98921665e+149]
 [  2.31639840e+149  -2.75196291e+149]
 [ -2.82001638e+149  -1.56327046e+148]]