[[ -4.45127279e+149  -2.09690229e+148]
 [  1.89271739e+149  -2.26577799e+149]
 [  5.70840578e+149   1.56166649e+149]
 [  2.23525682e+149  -8.45394155e+148]
 [ -4.07267188e+149  -3.59097491e+149]
 [ -1.97172489e+149  -2.77161556e+149]
 [  1.03850601e+149   6.80181985e+148]
 [  4.72289002e+149   9.44004271e+148]
 [ -5.11376850e+148   4.08341760e+148]
 [  3.90745753e+149   3.84731978e+149]
 [ -5.10319522e+149  -2.65876770e+149]
 [ -3.20350525e+149   1.59531540e+149]
 [  3.49997171e+149   3.81431865e+149]
 [  3.24102122e+149   3.89132452e+149]
 [  3.23528170e+149   5.21913146e+149]
 [ -3.89051245e+149  -2.49952168e+149]
 [ -1.87904566e+149  -2.35407084e+149]
 [ -4.00218381e+149   1.84745554e+149]
 [ -2.62820017e+149  -3.44778013e+149]
 [ -4.14515535e+149  -2.14601696e+149]
 [  3.52635101e+149  -2.10889359e+149]
 [  3.47677495e+149   3.97411672e+149]
 [ -3.18061865e+149  -1.67996663e+149]
 [  2.55482883e+149  -1.20470621e+149]]