[[  1.24468401e+148  -4.47313128e+149]
 [ -2.38306139e+149   1.72253061e+149]
 [  1.13478836e+149   5.80803160e+149]
 [ -9.82069938e+148   2.16361593e+149]
 [ -3.29799386e+149  -4.31218462e+149]
 [ -2.62171213e+149  -2.16592224e+149]
 [  6.14302961e+148   1.08002293e+149]
 [  6.06598067e+148   4.77617148e+149]
 [  4.43216078e+148  -4.82991770e+148]
 [  3.55702679e+149   4.17405735e+149]
 [ -2.35988643e+149  -5.24608944e+149]
 [  1.83282838e+149  -3.10075403e+149]
 [  3.55344027e+149   3.76747918e+149]
 [  3.65242382e+149   3.50944407e+149]
 [  4.97095604e+149   3.60681189e+149]
 [ -2.22075443e+149  -4.05749643e+149]
 [ -2.21143303e+149  -2.04419166e+149]
 [  2.13043173e+149  -3.86313831e+149]
 [ -3.23052404e+149  -2.86331642e+149]
 [ -1.85275305e+149  -4.28318229e+149]
 [ -2.34835188e+149   3.36496538e+149]
 [  3.71532689e+149   3.75255017e+149]
 [ -1.44969942e+149  -3.29309130e+149]
 [ -1.37756818e+149   2.45980919e+149]]