[[ -1.86029958e+149  -4.06985028e+149]
 [ -1.37958692e+149   2.59669660e+149]
 [  3.57908140e+149   4.71287089e+149]
 [  7.23663712e+147   2.37496492e+149]
 [ -4.86126634e+149  -2.41656559e+149]
 [ -3.30805304e+149  -7.88275813e+148]
 [  1.02752153e+149   6.98582249e+148]
 [  2.65008558e+149   4.01955491e+149]
 [  1.84889120e+148  -6.28917765e+148]
 [  5.03287357e+149   2.17838885e+149]
 [ -4.43096341e+149  -3.66838952e+149]
 [  2.78108746e+148  -3.59118239e+149]
 [  4.85041081e+149   1.81503501e+149]
 [  4.82549905e+149   1.53979100e+149]
 [  6.05190798e+149   1.04589947e+149]
 [ -3.78208006e+149  -2.66287401e+149]
 [ -2.88613018e+149  -8.59888480e+148]
 [  2.09126659e+148  -4.40668163e+149]
 [ -4.16196066e+149  -1.14584029e+149]
 [ -3.55126629e+149  -3.02768098e+149]
 [ -6.24350593e+148   4.05560537e+149]
 [  4.98913484e+149   1.73026594e+149]
 [ -2.75300447e+149  -2.31668838e+149]
 [ -1.52044118e+148   2.81517991e+149]]