[[  3.92194393e+149  -2.46577024e+149]
 [ -2.21019892e+148   2.53980353e+149]
 [ -5.66233917e+149   1.73835067e+149]
 [ -1.32135412e+149   2.14065691e+149]
 [  4.60954555e+149  -2.81226103e+149]
 [  2.89615952e+149  -3.86034529e+148]
 [ -1.10009603e+149   5.64083150e+148]
 [ -4.37347660e+149   1.91727163e+149]
 [  2.63661684e+148  -2.71800283e+148]
 [ -5.46958602e+149  -7.32615351e+148]
 [  5.69672934e+149  -4.44199518e+148]
 [  2.96472751e+149   1.81501090e+149]
 [ -5.04143445e+149  -1.06361179e+149]
 [ -5.04439647e+149  -5.31885283e+148]
 [ -5.72477474e+149  -2.26989733e+149]
 [  4.16639132e+149  -1.94952087e+149]
 [  2.79414099e+149  -4.78241580e+148]
 [  3.50595201e+149   3.38442346e+149]
 [  3.27833203e+149  -2.91675685e+149]
 [  4.21983121e+149  -1.98531170e+149]
 [ -1.20509730e+149   4.26364987e+149]
 [ -5.16346097e+149  -1.18340938e+149]
 [  3.52859271e+149  -6.09354151e+148]
 [ -1.51897202e+149   1.73741976e+149]]