[[ -4.17941912e+149   1.55228331e+149]
 [  8.54760285e+148  -2.82468569e+149]
 [  5.86399903e+149  -7.98694672e+148]
 [  1.72612053e+149  -1.65086095e+149]
 [ -5.15299071e+149  -1.71093443e+149]
 [ -2.89943431e+149  -1.77840477e+149]
 [  1.22177677e+149   2.20319117e+148]
 [  4.71539685e+149  -9.79891229e+148]
 [ -3.10936331e+148   5.75903197e+148]
 [  5.10180449e+149   2.01047381e+149]
 [ -5.73564669e+149  -4.57511780e+148]
 [ -2.32487914e+149   2.72405755e+149]
 [  4.71407814e+149   2.13956678e+149]
 [  4.50562362e+149   2.31232453e+149]
 [  5.02065048e+149   3.53559892e+149]
 [ -4.55852566e+149  -7.77579375e+148]
 [ -2.65069456e+149  -1.43039183e+149]
 [ -2.95981705e+149   3.26696368e+149]
 [ -3.76694230e+149  -2.14210890e+149]
 [ -4.65422966e+149  -3.53045843e+148]
 [  2.41943399e+149  -3.32031125e+149]
 [  4.75507812e+149   2.29585870e+149]
 [ -3.58452209e+149  -3.00930825e+148]
 [  1.87931531e+149  -2.10799806e+149]]