[[  3.93520291e+149  -2.12429816e+149]
 [ -4.62359462e+148   2.90568993e+149]
 [ -5.70728044e+149   1.56752334e+149]
 [ -1.48612796e+149   1.87074713e+149]
 [  5.33691979e+149   9.98515925e+148]
 [  3.11529724e+149   1.36728314e+149]
 [ -1.23898682e+149  -5.21042407e+147]
 [ -4.53679341e+149   1.61262121e+149]
 [  2.30753116e+148  -6.10824942e+148]
 [ -5.32996214e+149  -1.29206798e+149]
 [  5.74616594e+149  -2.71861585e+148]
 [  1.93968200e+149  -3.02884481e+149]
 [ -4.95923258e+149  -1.47461643e+149]
 [ -4.77992214e+149  -1.67634522e+149]
 [ -5.45952986e+149  -2.81248050e+149]
 [  4.62275754e+149   1.50016916e+148]
 [  2.82143074e+149   1.05583488e+149]
 [  2.48891445e+149  -3.64043964e+149]
 [  4.01453167e+149   1.59545543e+149]
 [  4.65859521e+149  -2.78621865e+148]
 [ -1.94354915e+149   3.61368673e+149]
 [ -5.02511186e+149  -1.62374618e+149]
 [  3.59271684e+149  -1.90385606e+148]
 [ -1.57411161e+149   2.33926251e+149]]