[[  4.38643570e+149   8.85199256e+148]
 [ -1.29106637e+149  -2.64182530e+149]
 [ -5.91646657e+149   1.28058849e+148]
 [ -1.96452784e+149  -1.33653493e+149]
 [  4.81128594e+149  -2.51460280e+149]
 [  2.58115172e+149  -2.21410241e+149]
 [ -1.16893644e+149   4.21195015e+148]
 [ -4.80966791e+149  -2.16494507e+148]
 [  4.00364977e+148   5.19065918e+148]
 [ -4.71933895e+149   2.79339116e+149]
 [  5.57159745e+149  -1.43102070e+149]
 [  2.74291603e+149   2.33459783e+149]
 [ -4.31810080e+149   2.85916817e+149]
 [ -4.08071689e+149   3.00069110e+149]
 [ -4.40143498e+149   4.28332418e+149]
 [  4.37668447e+149  -1.49654955e+149]
 [  2.39126107e+149  -1.83058081e+149]
 [  3.44340701e+149   2.75781166e+149]
 [  3.37212419e+149  -2.69511502e+149]
 [  4.53633209e+149  -1.09546133e+149]
 [ -2.91537653e+149  -2.88761637e+149]
 [ -4.33098778e+149   3.02123013e+149]
 [  3.49202370e+149  -8.67092350e+148]
 [ -2.18896328e+149  -1.77673720e+149]]