[[ -3.04619077e+148  -4.46173855e+149]
 [  2.45344522e+149   1.62389864e+149]
 [ -9.32281284e+148   5.84466043e+149]
 [  1.08615324e+149   2.12681465e+149]
 [  3.11849846e+149  -4.44454372e+149]
 [  2.53407063e+149  -2.26981965e+149]
 [ -5.61222297e+148   1.10606884e+149]
 [ -4.10393826e+148   4.79734599e+149]
 [ -4.60720133e+148  -4.63063661e+148]
 [ -3.38288051e+149   4.31668122e+149]
 [  2.13220781e+149  -5.34283691e+149]
 [ -1.95431517e+149  -3.01982697e+149]
 [ -3.39569810e+149   3.90419183e+149]
 [ -3.50496565e+149   3.65688239e+149]
 [ -4.82039222e+149   3.80531653e+149]
 [  2.05062745e+149  -4.14577001e+149]
 [  2.12892936e+149  -2.13127649e+149]
 [ -2.28361398e+149  -3.77276820e+149]
 [  3.11412204e+149  -2.99373656e+149]
 [  1.67510776e+149  -4.35591314e+149]
 [  2.48476333e+149   3.26536784e+149]
 [ -3.55854954e+149   3.90188129e+149]
 [  1.31408146e+149  -3.34920146e+149]
 [  1.47764503e+149   2.40138567e+149]]