[[  4.84499587e+149  -3.08382260e+148]
 [ -1.17378780e+148  -2.51030068e+149]
 [ -5.63351637e+149  -1.77016977e+149]
 [ -1.15282914e+149  -2.35805465e+149]
 [  4.51848487e+149   2.92839187e+149]
 [  2.67869955e+149   1.49242287e+149]
 [ -1.04231845e+149  -6.15513204e+148]
 [ -4.31734967e+149  -1.98802211e+149]
 [  2.31438363e+148   2.88777886e+148]
 [ -5.48983548e+149   5.61638946e+148]
 [  3.97487736e+149   3.91404908e+149]
 [  3.31399680e+149  -2.08434327e+149]
 [ -5.03945600e+149   9.58783021e+148]
 [ -5.06602384e+149   3.40060492e+148]
 [ -5.78418333e+149   2.10559520e+149]
 [  4.11696848e+149   2.06821529e+149]
 [  2.80036020e+149   5.48786117e+148]
 [  3.45979280e+149  -3.38129873e+149]
 [  3.87867834e+149   1.66233574e+149]
 [  4.11948363e+149   2.11450103e+149]
 [ -1.12646682e+149  -4.22976311e+149]
 [ -5.18049963e+149   1.06283067e+149]
 [  3.50654282e+149   7.13204612e+148]
 [ -1.49446157e+149  -1.51374507e+149]]