[[  4.77529355e+149  -8.75017804e+148]
 [ -4.11258501e+148  -2.47916391e+149]
 [ -5.80236899e+149  -1.09659553e+149]
 [ -1.42167671e+149  -2.20641612e+149]
 [  4.83101430e+149   2.37770588e+149]
 [  2.83537759e+149   1.16764344e+149]
 [ -1.10736824e+149  -4.88896547e+148]
 [ -4.52087717e+149  -1.46745010e+149]
 [  2.63738552e+148   2.59611941e+148]
 [ -5.38594393e+149   1.20222291e+149]
 [  4.40687463e+149   3.42036345e+149]
 [  3.04639537e+149  -2.45897069e+149]
 [ -4.89205670e+149   1.54374963e+149]
 [ -4.99107443e+149   9.32424099e+148]
 [ -5.49700711e+149   2.77005790e+149]
 [  4.33129561e+149   1.57061210e+149]
 [  2.84542082e+149   2.16249324e+148]
 [  3.03892999e+149  -3.76407384e+149]
 [  4.04700575e+149   1.19551254e+149]
 [  4.33922697e+149   1.61628254e+149]
 [ -1.61522184e+149  -4.06827750e+149]
 [ -5.01991064e+149   1.66363537e+149]
 [  3.56602214e+149   2.96630171e+148]
 [ -1.66183103e+149  -1.32783927e+149]]