[[ -3.10081313e+149   3.72728387e+149]
 [  2.04371761e+149   1.66648046e+149]
 [  5.14791457e+149  -2.89883379e+149]
 [  2.52233797e+149   7.18391463e+148]
 [ -5.20240672e+149   1.31831218e+149]
 [ -2.83433930e+149   9.98643166e+148]
 [  1.15775227e+149  -3.58401731e+148]
 [  4.41183411e+149  -1.84788859e+149]
 [ -3.72226969e+148  -2.05938771e+147]
 [  3.19713599e+149  -4.48084902e+149]
 [ -5.57452467e+149   3.47827844e+148]
 [ -7.15263878e+148   3.85116515e+149]
 [  2.67833640e+149  -4.38670764e+149]
 [  3.07668675e+149  -4.01741936e+149]
 [  2.21765018e+149  -5.72359370e+149]
 [ -4.28354369e+149   1.64951725e+149]
 [ -2.25201385e+149   1.70622706e+149]
 [  2.92899328e+147   4.84264556e+149]
 [ -3.80979985e+149   1.68793430e+149]
 [ -4.32931652e+149   1.60956284e+149]
 [  3.91996713e+149   2.02783643e+149]
 [  2.67162384e+149  -4.55357464e+149]
 [ -2.86728796e+149   2.13247421e+149]
 [  2.26728978e+149   3.56057258e+146]]