[[ -2.27680427e+149   4.28780211e+149]
 [ -2.23907238e+149  -1.14102679e+149]
 [  7.07611597e+148  -5.86253303e+149]
 [ -1.67380987e+149  -2.02183018e+149]
 [  8.07093552e+148   5.32360634e+149]
 [  2.56480407e+148   3.05564643e+149]
 [ -1.31502248e+148  -1.20332515e+149]
 [ -3.30680098e+147  -4.75296188e+149]
 [  1.67802293e+148   3.29846591e+148]
 [  2.77320474e+149  -4.77106564e+149]
 [  1.92916797e+149   5.23428516e+149]
 [ -3.26442180e+149   2.16115986e+149]
 [  2.94956343e+149  -4.19707722e+149]
 [  2.39671812e+149  -4.47615694e+149]
 [  4.30133210e+149  -4.40327719e+149]
 [  1.88684386e+148   4.60340550e+149]
 [ -6.53491536e+148   2.77779269e+149]
 [ -4.50628523e+149   1.75975586e+149]
 [ -8.30002710e+147   4.21907771e+149]
 [  2.29824595e+148   4.62476385e+149]
 [ -3.39019863e+149  -2.76882225e+149]
 [  3.10247341e+149  -4.28273793e+149]
 [ -7.94569066e+148   3.48900607e+149]
 [ -7.63733280e+148  -1.98533397e+149]]