[[ -4.37533383e+149  -9.38535967e+148]
 [  1.25880800e+149   2.65734750e+149]
 [  5.91758713e+149  -5.60198046e+147]
 [  1.94811071e+149   1.36035287e+149]
 [ -4.84154320e+149   2.45584182e+149]
 [ -2.60791584e+149   2.18251430e+149]
 [  1.17397762e+149  -4.06932676e+148]
 [  4.80667576e+149   2.75033384e+148]
 [ -3.94015978e+148  -5.23901661e+148]
 [  4.75299712e+149  -2.73572892e+149]
 [ -5.58860638e+149   1.36308367e+149]
 [ -2.71429038e+149  -2.36781823e+149]
 [  4.35258950e+149  -2.80638590e+149]
 [  4.11694614e+149  -2.95078835e+149]
 [  4.45325577e+149  -4.22942182e+149]
 [ -4.39457974e+149   1.44315504e+149]
 [ -2.41337011e+149   1.80133293e+149]
 [ -3.40957705e+149  -2.79952876e+149]
 [ -3.40468574e+149   2.65386162e+149]
 [ -4.54933251e+149   1.04015293e+149]
 [  2.88000541e+149   2.92289539e+149]
 [  4.36744854e+149  -2.96827895e+149]
 [ -3.50232125e+149   8.24514723e+148]
 [  2.16717031e+149   1.80325488e+149]]