[[  2.09606636e+149   3.93233397e+149]
 [  1.23679660e+149  -2.68082427e+149]
 [ -3.85619685e+149  -4.48937197e+149]
 [ -1.93382475e+148  -2.38201620e+149]
 [  4.98927744e+149   2.14217882e+149]
 [  3.34903350e+149   5.94583948e+148]
 [ -1.05940960e+149  -6.47137465e+148]
 [ -2.87589940e+149  -3.86343460e+149]
 [ -1.49971261e+148   6.36987373e+148]
 [ -5.15017167e+149  -1.88303203e+149]
 [  4.58804084e+149   3.47300980e+149]
 [ -6.94644521e+147   3.57794264e+149]
 [ -4.94581533e+149  -1.52894239e+149]
 [ -4.90448207e+149  -1.26199647e+149]
 [ -6.10187884e+149  -6.88042885e+148]
 [  3.92498001e+149   2.44502953e+149]
 [  2.93203456e+149   6.89673199e+148]
 [  4.47669990e+147   4.40776622e+149]
 [  4.24131822e+149   8.98170674e+148]
 [  3.71460258e+149   2.82656958e+149]
 [  3.95308189e+148  -4.08981095e+149]
 [ -5.08028067e+149  -1.43955147e+149]
 [  2.88035991e+149   2.15455571e+149]
 [ -5.63259478e+146  -2.82464078e+149]]