[[ -7.39975959e+148   4.41061936e+149]
 [ -2.00905821e+149  -2.14936712e+149]
 [  2.26155851e+149  -5.46935020e+149]
 [ -5.61368149e+148  -2.32028160e+149]
 [ -4.06557642e+149   3.59854029e+149]
 [ -2.99177995e+149   1.61928770e+149]
 [  8.03408712e+148  -9.45166182e+148]
 [  1.51350615e+149  -4.57079441e+149]
 [  3.40717452e+148   5.57557051e+148]
 [  4.29306738e+149  -3.41276093e+149]
 [ -3.31542359e+149   4.70107261e+149]
 [  1.19962127e+149   3.39140754e+149]
 [  4.20991879e+149  -3.00899453e+149]
 [  4.25856436e+149  -2.74263274e+149]
 [  5.57241989e+149  -2.58163627e+149]
 [ -2.95764998e+149   3.55596315e+149]
 [ -2.56556064e+149   1.57864354e+149]
 [  1.34503936e+149   4.20006000e+149]
 [ -3.72412704e+149   2.18852902e+149]
 [ -2.64108559e+149   3.84766090e+149]
 [ -1.65829503e+149  -3.75328636e+149]
 [  4.36755773e+149  -2.96852090e+149]
 [ -2.05605842e+149   2.95240136e+149]
 [ -8.79420626e+148  -2.67895128e+149]]