[[ -4.42528830e+149   6.49399937e+148]
 [  2.10885482e+149   2.05209516e+149]
 [  5.53029975e+149  -2.10576534e+149]
 [  2.29802224e+149   5.89690164e+148]
 [ -3.68052448e+149   3.99049591e+149]
 [ -1.68202475e+149   2.95521881e+149]
 [  9.57567907e+148  -7.93031725e+148]
 [  4.60090720e+149  -1.42073463e+149]
 [ -5.52610999e+148  -3.53853613e+148]
 [  3.49694948e+149  -4.22418512e+149]
 [ -4.76601917e+149   3.22083756e+149]
 [ -3.36800224e+149  -1.26981117e+149]
 [  3.10016040e+149  -4.15064170e+149]
 [  2.82658218e+149  -4.20281753e+149]
 [  2.69338572e+149  -5.51922408e+149]
 [ -3.61346001e+149   2.88743978e+149]
 [ -1.63275922e+149   2.53008005e+149]
 [ -4.17195894e+149  -1.43352972e+149]
 [ -2.26282425e+149   3.67951218e+149]
 [ -3.90018834e+149   2.56279875e+149]
 [  3.72035433e+149   1.73327953e+149]
 [  3.05471896e+149  -4.30702605e+149]
 [ -2.99363215e+149   1.99598556e+149]
 [  2.66148983e+149   9.33787324e+148]]