[[  4.28596662e+149   1.28642373e+149]
 [ -2.38370495e+149   1.72163991e+149]
 [ -5.15793235e+149  -2.90115659e+149]
 [ -2.36255864e+149   2.53005807e+148]
 [  3.05848187e+149   4.48524116e+149]
 [  1.23313385e+149   3.16922303e+149]
 [ -8.32500213e+148  -9.22367089e+148]
 [ -4.34411887e+149  -2.07567012e+149]
 [  5.97735449e+148  -2.69135420e+148]
 [ -2.84600274e+149  -4.68779935e+149]
 [  4.23972300e+149   3.88783581e+149]
 [  3.51944127e+149  -7.66464969e+148]
 [ -2.46111528e+149  -4.55672566e+149]
 [ -2.18504988e+149  -4.56967772e+149]
 [ -1.86346393e+149  -5.85209348e+149]
 [  3.15493690e+149   3.38251396e+149]
 [  1.24639103e+149   2.74147132e+149]
 [  4.33671422e+149  -8.09621352e+148]
 [  1.70408271e+149   3.96622851e+149]
 [  3.48476286e+149   3.10399294e+149]
 [ -3.93216718e+149   1.17294923e+149]
 [ -2.39610776e+149  -4.70573631e+149]
 [  2.67131201e+149   2.41042960e+149]
 [ -2.76795999e+149   5.35493059e+148]]