[[ -4.45406508e+149  -4.30929425e+148]
 [  2.00462451e+149  -2.15117965e+149]
 [  5.62258850e+149   1.84593453e+149]
 [  2.26865765e+149  -7.06319858e+148]
 [ -3.87015039e+149  -3.80705078e+149]
 [ -1.82426272e+149  -2.86995805e+149]
 [  9.95552548e+148   7.43433100e+148]
 [  4.66415382e+149   1.19391977e+149]
 [ -5.34203228e+148   3.79932168e+148]
 [  3.70098152e+149   4.04696554e+149]
 [ -4.91313057e+149  -2.99193355e+149]
 [ -3.30401940e+149   1.43436092e+149]
 [  3.29798317e+149   3.99301192e+149]
 [  3.02966899e+149   4.05924910e+149]
 [  2.96285585e+149   5.37968225e+149]
 [ -3.75094843e+149  -2.70655009e+149]
 [ -1.75432433e+149  -2.44775443e+149]
 [ -4.09741216e+149   1.63517295e+149]
 [ -2.44081771e+149  -3.56051617e+149]
 [ -4.02050717e+149  -2.36935993e+149]
 [  3.63009170e+149  -1.91316044e+149]
 [  3.26310367e+149   4.15179974e+149]
 [ -3.08800902e+149  -1.84669407e+149]
 [  2.61158827e+149  -1.06205556e+149]]