[[ -3.62834371e+149   2.60896879e+149]
 [  2.81810699e+149   8.56290185e+148]
 [  3.94110546e+149  -4.41456631e+149]
 [  2.31583216e+149  -5.28915821e+148]
 [ -1.44017782e+149   5.23443092e+149]
 [ -1.36262767e+148   3.39802486e+149]
 [  4.89208819e+148  -1.14251575e+149]
 [  3.43433001e+149  -3.37504599e+149]
 [ -6.52696276e+148  -6.05486832e+147]
 [  1.16551480e+149  -5.35839941e+149]
 [ -2.76932035e+149   5.04189544e+149]
 [ -3.56963140e+149   4.18769846e+148]
 [  8.46708023e+148  -5.11017099e+149]
 [  5.81262265e+148  -5.03119216e+149]
 [ -1.43010320e+148  -6.13955918e+149]
 [ -1.88479987e+149   4.22374356e+149]
 [ -2.87508343e+148   2.99769222e+149]
 [ -4.36322755e+149   6.42495205e+148]
 [ -3.17622833e+148   4.31225922e+149]
 [ -2.28929501e+149   4.06705739e+149]
 [  4.10254733e+149  -1.67788073e+148]
 [  7.35247147e+148  -5.22886754e+149]
 [ -1.74231559e+149   3.14783147e+149]
 [  2.79434885e+149  -3.91889212e+148]]