[[ -3.18936484e+149   3.13884498e+149]
 [  2.91178474e+149   4.09393402e+148]
 [  3.20645960e+149  -4.97389109e+149]
 [  2.20732718e+149  -8.79432754e+148]
 [ -6.10268111e+148   5.39437415e+149]
 [  3.89374806e+148   3.37831037e+149]
 [  3.05486217e+148  -1.20436532e+149]
 [  2.87226086e+149  -3.86392195e+149]
 [ -6.54241164e+148   4.11100987e+147]
 [  3.27793003e+148  -5.47428042e+149]
 [ -1.93377921e+149   5.41765783e+149]
 [ -3.47010079e+149   9.65575449e+148]
 [  4.86434476e+147  -5.17865532e+149]
 [ -2.01526523e+148  -5.06120386e+149]
 [ -1.08470815e+149  -6.04507272e+149]
 [ -1.21046541e+149   4.46428057e+149]
 [  1.77918945e+148   3.00624358e+149]
 [ -4.21295928e+149   1.30902676e+149]
 [  3.45069404e+148   4.30299821e+149]
 [ -1.63217906e+149   4.37199450e+149]
 [  4.02487276e+149  -7.98841581e+148]
 [ -7.84205557e+147  -5.28006978e+149]
 [ -1.23670133e+149   3.37885314e+149]
 [  2.69772346e+149  -8.18928241e+148]]