[[  1.73110947e+149   4.12645803e+149]
 [ -2.84423746e+149  -7.45926648e+148]
 [ -1.03876510e+149  -5.82597140e+149]
 [ -1.69700456e+149  -1.66309074e+149]
 [ -1.51860200e+149   5.21205791e+149]
 [ -1.66285290e+149   2.96639746e+149]
 [  1.82919945e+148  -1.22896621e+149]
 [ -1.15877039e+149  -4.67301042e+149]
 [  5.87704667e+148   2.90387268e+148]
 [  1.81003320e+149  -5.17677256e+149]
 [ -3.06585245e+148   5.74426008e+149]
 [  2.82873180e+149   2.22984569e+149]
 [  1.95348484e+149  -4.79632507e+149]
 [  2.13895581e+149  -4.59143393e+149]
 [  3.33339195e+149  -5.15829371e+149]
 [ -6.05983302e+148   4.58560920e+149]
 [ -1.32420021e+149   2.70474571e+149]
 [  3.38152148e+149   2.83335304e+149]
 [ -1.97880140e+149   3.83656246e+149]
 [ -1.81320800e+148   4.66320353e+149]
 [ -3.40487512e+149  -2.29010350e+149]
 [  2.10984161e+149  -4.84085272e+149]
 [ -1.62930246e+148   3.59437511e+149]
 [ -2.17276603e+149  -1.79650859e+149]]