[[  1.84224891e+149  -4.07805282e+149]
 [  1.39107865e+149   2.59055853e+149]
 [ -3.55816480e+149   4.72868258e+149]
 [ -6.18428286e+147   2.37526224e+149]
 [  4.85051147e+149  -2.43808084e+149]
 [  3.30452793e+149  -8.02925171e+148]
 [ -1.02441621e+149   7.03128064e+148]
 [ -2.63224999e+149   4.03125727e+149]
 [ -1.87673871e+148  -6.28092397e+148]
 [ -5.02317231e+149   2.20066678e+149]
 [  4.41466626e+149  -3.68798592e+149]
 [ -2.94017582e+148  -3.58991491e+149]
 [ -4.84232127e+149   1.83650807e+149]
 [ -4.81862929e+149   1.56115638e+149]
 [ -6.04721448e+149   1.07270358e+149]
 [  3.77024445e+149  -2.67960525e+149]
 [  2.88229191e+149  -8.72667708e+148]
 [ -2.28649430e+148  -4.40571179e+149]
 [  4.15684289e+149  -1.16426958e+149]
 [  3.53781659e+149  -3.04338597e+149]
 [  6.42313764e+148   4.05279924e+149]
 [ -4.98141952e+149   1.75235447e+149]
 [  2.74271283e+149  -2.32886346e+149]
 [  1.64515933e+148   2.81447861e+149]]