[[  2.10983103e+149  -3.94626518e+149]
 [  1.21540867e+149   2.67747550e+149]
 [ -3.86527915e+149   4.48113744e+149]
 [ -2.19942381e+148   2.36586572e+149]
 [  5.00215791e+149  -2.10952978e+149]
 [  3.35067679e+149  -5.80998048e+148]
 [ -1.06898197e+149   6.33320770e+148]
 [ -2.89495967e+149   3.84694473e+149]
 [ -1.45414242e+148  -6.39199687e+148]
 [ -5.15861897e+149   1.86114069e+149]
 [  4.65054802e+149  -3.38569366e+149]
 [ -5.42088787e+147  -3.60152701e+149]
 [ -4.95390990e+149   1.50983902e+149]
 [ -4.91192697e+149   1.23667735e+149]
 [ -6.10524277e+149   6.67462877e+148]
 [  3.94038075e+149  -2.42248365e+149]
 [  2.93402492e+149  -6.78714477e+148]
 [  6.53614046e+147  -4.41115686e+149]
 [  4.22517064e+149  -8.84759596e+148]
 [  3.73270384e+149  -2.80094028e+149]
 [  3.70894560e+148   4.08658609e+149]
 [ -5.08709294e+149   1.41660582e+149]
 [  2.89176581e+149  -2.14097388e+149]
 [ -2.33465074e+147   2.81918610e+149]]