[[  3.73839899e+149   2.43098380e+149]
 [ -2.77730886e+149   9.96548754e+148]
 [ -4.13621948e+149  -4.23272419e+149]
 [ -2.35366578e+149  -4.02968529e+148]
 [  1.69642901e+149   5.15773708e+149]
 [  2.99779170e+148   3.38814159e+149]
 [ -5.50789724e+148  -1.11264377e+149]
 [ -3.59677256e+149  -3.20275706e+149]
 [  6.47814793e+148  -9.34133637e+147]
 [ -1.42587009e+149  -5.29504116e+149]
 [  3.04735355e+149   4.88044590e+149]
 [  3.57406149e+149   2.43671724e+148]
 [ -1.09120929e+149  -5.06065270e+149]
 [ -8.27988738e+148  -4.99622924e+149]
 [ -1.52984432e+148  -6.13876567e+149]
 [  2.09191681e+149   4.12421451e+149]
 [  4.31043885e+148   2.98098776e+149]
 [  4.38747727e+149   4.30026803e+148]
 [  5.24883134e+148   4.30069758e+149]
 [  2.48965736e+149   3.94811288e+149]
 [ -4.10791049e+149   3.55296480e+147]
 [ -9.90018849e+148  -5.18668340e+149]
 [  1.89441375e+149   3.05791983e+149]
 [ -2.81249092e+149  -2.53138787e+148]]