[[  4.83506754e+148  -4.43105561e+149]
 [ -2.53217631e+149   1.52015933e+149]
 [  6.63444261e+148   5.88101980e+149]
 [ -1.18125885e+149   2.07849895e+149]
 [ -2.91510788e+149  -4.58095788e+149]
 [ -2.43404999e+149  -2.37643621e+149]
 [  5.10307938e+148   1.13138688e+149]
 [  2.02388515e+148   4.81242101e+149]
 [  4.81654924e+148  -4.41843389e+148]
 [  3.19768864e+149   4.45457859e+149]
 [ -1.84234295e+149  -5.45112906e+149]
 [  2.07021918e+149  -2.91774104e+149]
 [  3.22749682e+149   4.04694504e+149]
 [  3.34315879e+149   3.80373986e+149]
 [  4.65759206e+149   4.00124770e+149]
 [ -1.86771434e+149  -4.23029223e+149]
 [ -2.03588032e+149  -2.22010118e+149]
 [  2.44351969e+149  -3.66741276e+149]
 [ -2.99819607e+149  -3.12970642e+149]
 [ -1.47872004e+149  -4.42728816e+149]
 [ -2.62970325e+149   3.15841714e+149]
 [  3.38909177e+149   4.04897916e+149]
 [ -1.16861845e+149  -3.40181284e+149]
 [ -1.58630089e+149   2.33838330e+149]]