[[  1.20998418e+149   4.30546204e+149]
 [  1.76628115e+149  -2.35294775e+149]
 [ -2.83672274e+149  -5.19437006e+149]
 [  3.08651669e+148  -2.36723187e+149]
 [  4.42897001e+149   3.14048695e+149]
 [  3.14857094e+149   1.28816867e+149]
 [ -9.00359062e+148  -8.53308871e+148]
 [ -1.99624820e+149  -4.38153630e+149]
 [ -2.78778049e+148   5.90954998e+148]
 [ -4.63516216e+149  -2.93132204e+149]
 [  3.80170347e+149   4.31731086e+149]
 [ -8.27962325e+148   3.50073016e+149]
 [ -4.50906507e+149  -2.53881837e+149]
 [ -4.52879683e+149  -2.26879093e+149]
 [ -5.81772368e+149  -1.96743372e+149]
 [  3.32288282e+149   3.21729895e+149]
 [  2.72045138e+149   1.29359348e+149]
 [ -8.85577071e+148   4.32034025e+149]
 [  3.93788496e+149   1.77536359e+149]
 [  3.03952756e+149   3.54134247e+149]
 [  1.24507263e+149  -3.90984328e+149]
 [ -4.66145047e+149  -2.48164664e+149]
 [  2.36162291e+149   2.71418176e+149]
 [  5.86241990e+148  -2.75798435e+149]]