[[  1.34950972e+149   4.25722021e+149]
 [ -2.77405844e+149  -9.95872862e+148]
 [ -5.19090490e+148  -5.89514706e+149]
 [ -1.54710681e+149  -1.80720662e+149]
 [ -1.96862592e+149   5.05968410e+149]
 [ -1.92045201e+149   2.80691400e+149]
 [  2.87206190e+148  -1.20877970e+149]
 [ -7.40026291e+148  -4.75825970e+149]
 [  5.59452331e+148   3.40712808e+148]
 [  2.26496005e+149  -4.99402721e+149]
 [ -7.76609394e+148   5.70003497e+149]
 [  2.60995179e+149   2.46475809e+149]
 [  2.37281863e+149  -4.60349833e+149]
 [  2.53722513e+149  -4.38313944e+149]
 [  3.78181549e+149  -4.83840482e+149]
 [ -1.00902426e+149   4.51356480e+149]
 [ -1.56017331e+149   2.57600785e+149]
 [  3.11554331e+149   3.12040189e+149]
 [ -2.32290786e+149   3.65041160e+149]
 [ -5.90387012e+148   4.62979801e+149]
 [ -3.19199396e+149  -2.58414491e+149]
 [  2.53259645e+149  -4.63328412e+149]
 [ -4.81914240e+148   3.56522230e+149]
 [ -2.00870909e+149  -1.98296584e+149]]