[[  1.25541970e+149   4.70781715e+149]
 [ -2.05835030e+149   6.86764849e+148]
 [ -1.15459592e+149  -5.73136634e+149]
 [ -2.63788813e+149  -3.20855843e+148]
 [  4.25730331e+149   3.30341492e+149]
 [  2.28013465e+149   2.07046811e+149]
 [ -1.19984552e+149  -6.69390446e+148]
 [ -3.24783512e+149  -3.44425438e+149]
 [  1.65029481e+148   2.38639650e+148]
 [ -1.29852732e+149  -5.37625307e+149]
 [  4.99018161e+149   2.47518422e+149]
 [ -9.29540377e+148   3.82427395e+149]
 [ -2.65994159e+149  -4.38881629e+149]
 [ -1.37741984e+149  -4.90299780e+149]
 [  7.53440838e+147  -6.16582593e+149]
 [  3.29608157e+149   3.23155849e+149]
 [  1.42509379e+149   2.49063677e+149]
 [ -2.21100431e+149   4.34558211e+149]
 [  2.81668610e+149   3.16917593e+149]
 [  3.30955064e+149   3.24872180e+149]
 [ -4.34839775e+149   2.97447605e+148]
 [ -7.05188004e+148  -5.25376882e+149]
 [  1.80345222e+149   3.09646246e+149]
 [ -1.84574300e+149  -9.32619101e+148]]