[[ -4.16225454e+149  -1.64317771e+149]
 [  8.06098820e+148   2.82777262e+149]
 [  5.84669745e+149   9.14934246e+148]
 [  1.69871813e+149   1.66134042e+149]
 [ -5.17866798e+149   1.62883321e+149]
 [ -2.93045268e+149   1.72541031e+149]
 [  1.22480900e+149  -2.08951101e+148]
 [  4.69654185e+149   1.05937242e+149]
 [ -3.02789976e+148  -5.81411878e+148]
 [  5.13720791e+149  -1.91945025e+149]
 [ -5.73646312e+149   4.28379819e+148]
 [ -2.28935494e+149  -2.78078934e+149]
 [  4.75380273e+149  -2.05479847e+149]
 [  4.54502297e+149  -2.23588096e+149]
 [  5.08641540e+149  -3.44207412e+149]
 [ -4.57172132e+149   7.03129897e+148]
 [ -2.67604429e+149   1.38128294e+149]
 [ -2.90445381e+149  -3.32065130e+149]
 [ -3.79371904e+149   2.05974812e+149]
 [ -4.65830733e+149   2.80209121e+148]
 [  2.36182198e+149   3.35552463e+149]
 [  4.79500328e+149  -2.21206470e+149]
 [ -3.59010962e+149   2.39147680e+148]
 [  1.84219915e+149   2.13416438e+149]]