[[ -4.77381678e+146   4.47205312e+149]
 [ -2.33529446e+149  -1.78969413e+149]
 [  1.33586456e+149  -5.76585474e+149]
 [ -9.37055025e+148  -2.19709208e+149]
 [ -3.41843357e+149   4.21824961e+149]
 [ -2.68511988e+149   2.08904928e+149]
 [  6.36031394e+148  -1.06470044e+149]
 [  7.41213244e+148  -4.75747785e+149]
 [  4.27492037e+148   4.93760168e+148]
 [  3.67331731e+149  -4.07240617e+149]
 [ -2.49635612e+149   5.18270900e+149]
 [  1.74064468e+149   3.14766777e+149]
 [  3.65750268e+149  -3.65978647e+149]
 [  3.74946952e+149  -3.40575134e+149]
 [  5.07206320e+149  -3.46276546e+149]
 [ -2.33238375e+149   3.99404904e+149]
 [ -2.27135530e+149   1.97885578e+149]
 [  2.01708318e+149   3.92167641e+149]
 [ -3.31383332e+149   2.77118461e+149]
 [ -1.97237197e+149   4.22963210e+149]
 [ -2.25297118e+149  -3.42936770e+149]
 [  3.81989043e+149  -3.64644166e+149]
 [ -1.54260362e+149   3.25027549e+149]
 [ -1.30802023e+149  -2.49782434e+149]]