[[  4.38693018e+149   8.69253447e+148]
 [ -2.20745920e+149   1.94507719e+149]
 [ -5.40020546e+149  -2.42207447e+149]
 [ -2.33597478e+149   4.93276256e+148]
 [  3.47758035e+149   4.16953426e+149]
 [  1.53065245e+149   3.03811893e+149]
 [ -9.21248854e+148  -8.30646148e+148]
 [ -4.52436558e+149  -1.64712070e+149]
 [  5.67281626e+148  -3.24146377e+148]
 [ -3.28519963e+149  -4.39145792e+149]
 [  4.60176452e+149   3.45194302e+149]
 [  3.42511344e+149  -1.09941966e+149]
 [ -2.88392661e+149  -4.29642325e+149]
 [ -2.61637964e+149  -4.33728161e+149]
 [ -2.41680346e+149  -5.64586054e+149]
 [  3.46757508e+149   3.06079463e+149]
 [  1.50254548e+149   2.61088317e+149]
 [  4.23774413e+149  -1.22101296e+149]
 [  2.07817721e+149   3.78687080e+149]
 [  3.76842271e+149   2.75297264e+149]
 [ -3.80036025e+149   1.54733300e+149]
 [ -2.83895723e+149  -4.45287323e+149]
 [  2.89071715e+149   2.14190964e+149]
 [ -2.70362365e+149   8.00349888e+148]]