[[ -2.91302378e+149   3.39311731e+149]
 [  2.93751364e+149   1.66442665e+148]
 [  2.74711417e+149  -5.24244244e+149]
 [  2.14361437e+149  -1.05422765e+149]
 [ -1.59857905e+148   5.42714789e+149]
 [  6.73023233e+148   3.33485416e+149]
 [  2.12440387e+148  -1.22182838e+149]
 [  2.54098155e+149  -4.08979532e+149]
 [ -6.46028676e+148   9.54890541e+147]
 [ -1.28466084e+148  -5.48282060e+149]
 [ -1.48800404e+149   5.55680995e+149]
 [ -3.37232262e+149   1.25081520e+149]
 [ -3.85640843e+148  -5.15960240e+149]
 [ -6.20983181e+148  -5.02713570e+149]
 [ -1.58643050e+149  -5.93294065e+149]
 [ -8.36934056e+148   4.54884191e+149]
 [  4.31237286e+148   2.98145810e+149]
 [ -4.08672171e+149   1.65728883e+149]
 [  7.04690535e+148   4.26201390e+149]
 [ -1.26344568e+149   4.49263663e+149]
 [  3.94448728e+149  -1.13019160e+149]
 [ -5.17399465e+148  -5.25551877e+149]
 [ -9.50469751e+148   3.46994254e+149]
 [  2.62062584e+149  -1.04035463e+149]]