[[ -2.59073755e+149  -3.62707668e+149]
 [  2.95050806e+149   8.53564777e+147]
 [  2.30534265e+149   5.45068282e+149]
 [  2.04611576e+149   1.23342682e+149]
 [  3.01930485e+148  -5.42125571e+149]
 [  9.57502160e+148  -3.26384688e+149]
 [  1.07661885e+148   1.23677691e+149]
 [  2.18021400e+149   4.29449133e+149]
 [ -6.37202639e+148  -1.49230700e+148]
 [ -6.04980017e+148   5.45016042e+149]
 [ -1.06411570e+149  -5.65480947e+149]
 [ -3.23649555e+149  -1.53026436e+149]
 [ -8.31113072e+148   5.10967663e+149]
 [ -1.05211961e+149   4.95379660e+149]
 [ -2.09838023e+149   5.77093423e+149]
 [ -4.43061201e+148  -4.60303596e+149]
 [  6.86770025e+148  -2.93269152e+149]
 [ -3.92768636e+149  -2.00133793e+149]
 [  1.08200080e+149  -4.19711456e+149]
 [ -8.78084702e+148  -4.58432710e+149]
 [  3.83820104e+149   1.46579537e+149]
 [ -9.71115300e+148   5.19023903e+149]
 [ -6.47926454e+148  -3.53824588e+149]
 [  2.52677153e+149   1.26190012e+149]]