[[  3.77477645e+149  -3.05289164e+149]
 [  1.61297937e+149   1.92709232e+149]
 [ -2.94804729e+149   5.11654423e+149]
 [  7.47802710e+148   2.51599441e+149]
 [  1.34329203e+149  -5.21418747e+149]
 [  9.61266358e+148  -2.91182491e+149]
 [ -3.50489610e+148   1.15863769e+149]
 [ -1.83184496e+149   4.38589605e+149]
 [ -2.51477301e+147  -3.69220767e+148]
 [ -4.42083591e+149   3.30302010e+149]
 [  2.75935749e+148  -5.57165053e+149]
 [  3.85018455e+149  -7.09324000e+148]
 [ -4.35819814e+149   2.70582532e+149]
 [ -3.95890235e+149   3.17920286e+149]
 [ -5.68267806e+149   2.36589899e+149]
 [  1.63007283e+149  -4.30926984e+149]
 [  1.68961513e+149  -2.29964870e+149]
 [  4.83547997e+149   1.46563197e+148]
 [  1.72945062e+149  -3.84922152e+149]
 [  1.60059044e+149  -4.34503972e+149]
 [  2.03427719e+149   3.87576312e+149]
 [ -4.53244515e+149   2.72472502e+149]
 [  2.09807499e+149  -2.89872122e+149]
 [ -7.52091969e+147   2.12583703e+149]]