[[  4.02204622e+149   1.96151475e+149]
 [ -2.63039113e+149   1.31420540e+149]
 [ -4.62187459e+149  -3.69584238e+149]
 [ -2.37241182e+149  -1.31747570e+148]
 [  2.29421705e+149   4.92018981e+149]
 [  7.05286473e+148   3.32673484e+149]
 [ -6.72662794e+148  -1.04467335e+149]
 [ -3.95201205e+149  -2.74979563e+149]
 [  6.33345542e+148  -1.69100462e+148]
 [ -2.05182251e+149  -5.08578595e+149]
 [  3.55641230e+149   4.52133277e+149]
 [  3.59701504e+149  -1.88197242e+148]
 [ -1.69314620e+149  -4.89429189e+149]
 [ -1.41861141e+149  -4.86250338e+149]
 [ -8.94198824e+148  -6.07617514e+149]
 [  2.56744157e+149   3.84750196e+149]
 [  7.87430087e+148   2.90673519e+149]
 [  4.41053373e+149  -9.88390513e+147]
 [  1.04138071e+149   4.18931888e+149]
 [  2.93790764e+149   3.62588514e+149]
 [ -4.06995311e+149   5.22714378e+148]
 [ -1.60493380e+149  -5.03085223e+149]
 [  2.24710402e+149   2.81008936e+149]
 [ -2.81810215e+149   8.15818270e+147]]