[[ -2.16727964e+149   3.91500892e+149]
 [ -1.17614805e+149  -2.69495252e+149]
 [  3.93035733e+149  -4.42416850e+149]
 [  2.54495585e+148  -2.36239862e+149]
 [ -5.03245406e+149   2.03619885e+149]
 [ -3.35881011e+149   5.31966468e+148]
 [  1.07812367e+149  -6.17630154e+148]
 [  2.95087288e+149  -3.80422456e+149]
 [  1.36056925e+148   6.41256622e+148]
 [  5.18526825e+149  -1.78554965e+149]
 [ -4.69953262e+149   3.31736515e+149]
 [  1.56743100e+146   3.60193461e+149]
 [  4.97544683e+149  -1.43727728e+149]
 [  4.92947618e+149  -1.16475836e+149]
 [  6.11434556e+149  -5.78164585e+148]
 [ -3.97536407e+149   2.36463698e+149]
 [ -2.94363085e+149   6.35761752e+148]
 [ -1.29822674e+148   4.40973049e+149]
 [ -4.23764998e+149   8.22915006e+148]
 [ -3.77324040e+149   2.74608835e+149]
 [ -3.11130240e+148  -4.09157019e+149]
 [  5.10725307e+149  -1.34210759e+149]
 [ -2.92274691e+149   2.09848259e+149]
 [  6.45459027e+147  -2.81854380e+149]]