[[ -4.19940916e+149   1.54575503e+149]
 [  2.48439196e+149   1.57286042e+149]
 [  4.97114020e+149  -3.21072279e+149]
 [  2.37359966e+149   1.08258645e+148]
 [ -2.77887233e+149   4.66364324e+149]
 [ -1.03729665e+149   3.23861226e+149]
 [  7.74620055e+148  -9.71484134e+148]
 [  4.20925577e+149  -2.33707961e+149]
 [ -6.13055229e+148  -2.32131058e+148]
 [  2.55442009e+149  -4.85284786e+149]
 [ -3.99439076e+149   4.13948800e+149]
 [ -3.55967869e+149  -5.50111870e+148]
 [  2.17825527e+149  -4.69851478e+149]
 [  1.90191416e+149  -4.69458411e+149]
 [  1.50261479e+149  -5.95496807e+149]
 [ -2.94248786e+149   3.56886434e+149]
 [ -1.07665072e+149   2.81246846e+149]
 [ -4.37806176e+149  -5.43279093e+148]
 [ -1.45869563e+149   4.06288981e+149]
 [ -3.28870676e+149   3.31100471e+149]
 [  3.99645718e+149   9.30633451e+148]
 [  2.10426941e+149  -4.84327750e+149]
 [ -2.51912810e+149   2.56906059e+149]
 [  2.79549511e+149   3.65461931e+148]]