[[  4.07043465e+149  -1.85209515e+149]
 [ -2.59467296e+149  -1.38723688e+149]
 [ -4.69783998e+149   3.60004405e+149]
 [ -2.38841061e+149   5.40080580e+147]
 [  2.42900966e+149  -4.85587650e+149]
 [  7.92882910e+148  -3.30843186e+149]
 [ -7.07010155e+148   1.01883807e+149]
 [ -4.02617598e+149   2.64063162e+149]
 [  6.26179130e+148   1.85227961e+148]
 [ -2.19089449e+149   5.02770970e+149]
 [  3.68846828e+149  -4.41446658e+149]
 [  3.58548470e+149   2.84533534e+148]
 [ -1.82150270e+149   4.84266789e+149]
 [ -1.55234766e+149   4.82161486e+149]
 [ -1.05772025e+149   6.04960796e+149]
 [  2.67359012e+149  -3.77416504e+149]
 [  8.63491040e+148  -2.88609541e+149]
 [  4.40463841e+149   2.16443791e+148]
 [  1.15437652e+149  -4.16282090e+149]
 [  3.03681425e+149  -3.54370850e+149]
 [ -4.05379503e+149  -6.34787564e+148]
 [ -1.74241600e+149   4.98520108e+149]
 [  2.32249546e+149  -2.74770656e+149]
 [ -2.81507930e+149  -1.59137637e+148]]