[[ -1.13678088e+148  -4.47045966e+149]
 [ -2.29116613e+149   1.84593982e+149]
 [  1.47924750e+149   5.73082800e+149]
 [ -8.84682020e+148   2.21981968e+149]
 [ -3.52000731e+149  -4.13395495e+149]
 [ -2.73541310e+149  -2.02297337e+149]
 [  6.60953640e+148   1.04915627e+149]
 [  8.56686675e+148   4.73805429e+149]
 [  4.15136203e+148  -5.03869812e+148]
 [  3.77121880e+149   3.98195542e+149]
 [ -2.62105508e+149  -5.12078551e+149]
 [  1.66330461e+149  -3.18885109e+149]
 [  3.74518551e+149   3.56933134e+149]
 [  3.83112411e+149   3.31366295e+149]
 [  5.15482011e+149   3.33830903e+149]
 [ -2.42866763e+149  -3.93623374e+149]
 [ -2.31906499e+149  -1.92286782e+149]
 [  1.92084261e+149  -3.96956058e+149]
 [ -3.38048916e+149  -2.68977459e+149]
 [ -2.07466016e+149  -4.18042973e+149]
 [ -2.16891549e+149   3.48305838e+149]
 [  3.90742112e+149   3.55253388e+149]
 [ -1.62124638e+149  -3.21175748e+149]
 [ -1.24689535e+149   2.52886926e+149]]