[[  4.41842718e+149  -5.96196976e+148]
 [ -2.08303891e+149  -2.09048400e+149]
 [ -5.55038531e+149   2.05368148e+149]
 [ -2.29976368e+149  -6.44709945e+148]
 [  3.74233731e+149  -3.93388771e+149]
 [  1.72199996e+149  -2.93328356e+149]
 [ -9.74483006e+148   7.69199771e+148]
 [ -4.62202034e+149   1.35351748e+149]
 [  5.45306857e+148   3.61926334e+148]
 [ -3.55629946e+149   4.17410625e+149]
 [  4.84594840e+149  -3.10218552e+149]
 [  3.33311955e+149   1.31020676e+149]
 [ -3.15343243e+149   4.10563126e+149]
 [ -2.88819177e+149   4.16003308e+149]
 [ -2.76726027e+149   5.48176127e+149]
 [  3.65684498e+149  -2.83060384e+149]
 [  1.66621420e+149  -2.50916744e+149]
 [  4.14872483e+149   1.49056417e+149]
 [  2.31641686e+149  -3.66223980e+149]
 [  3.94098898e+149  -2.50100980e+149]
 [ -3.69693645e+149  -1.79181343e+149]
 [ -3.11607847e+149   4.26283923e+149]
 [  3.02157640e+149  -1.95178530e+149]
 [ -2.65001541e+149  -9.76099768e+148]]