[[ -4.13757201e+149   1.70437488e+149]
 [  2.54242295e+149   1.47721997e+149]
 [  4.84541193e+149  -3.39749304e+149]
 [  2.37599982e+149   1.78925097e+147]
 [ -2.59946397e+149   4.76597175e+149]
 [ -9.13354510e+148   3.27572545e+149]
 [  7.37105805e+148  -1.00024631e+149]
 [  4.11731083e+149  -2.49550131e+149]
 [ -6.21441428e+148  -2.08643458e+148]
 [  2.36797714e+149  -4.94650166e+149]
 [ -3.83404070e+149   4.28843215e+149]
 [ -3.57802782e+149  -4.14309482e+148]
 [  1.99795513e+149  -4.77797158e+149]
 [  1.72196353e+149  -4.76353220e+149]
 [  1.27501023e+149  -6.00781531e+149]
 [ -2.80460466e+149   3.67820883e+149]
 [ -9.68889896e+148   2.85138702e+149]
 [ -4.39555871e+149  -3.76351718e+148]
 [ -1.30309436e+149   4.11543577e+149]
 [ -3.16038155e+149   3.43370541e+149]
 [  4.02896462e+149   7.77941344e+148]
 [  1.91851628e+149  -4.91981524e+149]
 [ -2.41958216e+149   2.66302475e+149]
 [  2.80737352e+149   2.58861451e+148]]