[[ -3.73535216e+149   2.43246816e+149]
 [  2.77834831e+149   9.96403853e+148]
 [  4.13438594e+149  -4.23454451e+149]
 [  2.35483422e+149  -4.02482852e+148]
 [ -1.69574009e+149   5.15805325e+149]
 [ -2.98688403e+148   3.38825611e+149]
 [  5.51172221e+148  -1.11239955e+149]
 [  3.59612343e+149  -3.20370065e+149]
 [ -6.47754151e+148  -9.33936984e+147]
 [  1.42422494e+149  -5.29545737e+149]
 [ -3.05214146e+149   4.87781983e+149]
 [ -3.57194373e+149   2.44630062e+148]
 [  1.08951488e+149  -5.06089557e+149]
 [  8.26814439e+148  -4.99635175e+149]
 [  1.50698038e+148  -6.13875269e+149]
 [ -2.09110310e+149   4.12451848e+149]
 [ -4.30019962e+148   2.98117199e+149]
 [ -4.38707982e+149   4.31206725e+148]
 [ -5.23151052e+148   4.30244235e+149]
 [ -2.48929155e+149   3.94846566e+149]
 [  4.10836183e+149   3.47762502e+147]
 [  9.88503774e+148  -5.18695724e+149]
 [ -1.89360112e+149   3.05832460e+149]
 [  2.81288457e+149  -2.53601441e+148]]