[[  1.69554613e+149  -4.12392545e+149]
 [ -2.85208923e+149   7.57267356e+148]
 [ -9.99889951e+148   5.83305627e+149]
 [ -1.70867508e+149   1.66846522e+149]
 [ -1.53315146e+149  -5.20862633e+149]
 [ -1.67773436e+149  -2.95881946e+149]
 [  1.78459414e+148   1.22860376e+149]
 [ -1.14119482e+149   4.67893453e+149]
 [  5.86236843e+148  -2.91026373e+148]
 [  1.83402306e+149   5.16786766e+149]
 [ -2.62294458e+148  -5.74779387e+149]
 [  2.80278194e+149  -2.23029717e+149]
 [  1.97634211e+149   4.78484201e+149]
 [  2.15628528e+149   4.58237193e+149]
 [  3.36095043e+149   5.13922688e+149]
 [ -6.20685227e+148  -4.58255352e+149]
 [ -1.33845310e+149  -2.69827398e+149]
 [  3.36675037e+149  -2.84592345e+149]
 [ -2.01107749e+149  -3.83799613e+149]
 [ -1.93220699e+148  -4.66356962e+149]
 [ -3.40127711e+149   2.30399172e+149]
 [  2.13117533e+149   4.83113583e+149]
 [ -1.77672964e+148  -3.59276573e+149]
 [ -2.17113496e+149   1.80580790e+149]]