[[ -1.88315926e+149   4.49369916e+149]
 [ -2.04898509e+149  -7.14221250e+148]
 [  2.58844824e+149  -5.24228839e+149]
 [ -1.89197760e+149  -1.86596437e+149]
 [  1.35123115e+149   5.21645052e+149]
 [  5.39623109e+148   3.03226963e+149]
 [ -5.40693063e+148  -1.26307714e+149]
 [ -4.66109862e+148  -4.71105750e+149]
 [ -1.51994279e+147   2.89745733e+148]
 [  2.25751154e+149  -5.04914963e+149]
 [  2.43747265e+149   5.00871007e+149]
 [ -3.07276398e+149   2.45911327e+149]
 [  5.76456199e+148  -5.09947997e+149]
 [  1.90586167e+149  -4.72274963e+149]
 [  3.82751478e+149  -4.83458549e+149]
 [  6.34276232e+148   4.57217866e+149]
 [ -3.93954826e+148   2.84235174e+149]
 [ -4.40568716e+149   2.08867054e+149]
 [  2.92926832e+148   4.22984522e+149]
 [  6.34449496e+148   4.59399528e+149]
 [ -3.62378948e+149  -2.42181499e+149]
 [  2.65232690e+149  -4.58961207e+149]
 [ -4.64675139e+148   3.55311085e+149]
 [ -8.91103904e+148  -1.86614025e+149]]