[[  7.69123495e+148   4.40827006e+149]
 [ -2.60683106e+149  -1.36034007e+149]
 [  2.84162445e+148  -5.91102592e+149]
 [ -1.28422128e+149  -1.99911755e+149]
 [ -2.64070701e+149   4.74324427e+149]
 [ -2.28145328e+149   2.52181772e+149]
 [  4.51899031e+148  -1.15741303e+149]
 [ -8.94816751e+147  -4.81370629e+149]
 [  5.08318622e+148   4.13924776e+148]
 [  2.91697158e+149  -4.64397149e+149]
 [ -1.57756859e+149   5.53188898e+149]
 [  2.26139320e+149   2.80357561e+149]
 [  2.97213614e+149  -4.24113710e+149]
 [  3.10734471e+149  -4.00010079e+149]
 [  4.39799544e+149  -4.28685573e+149]
 [ -1.61153831e+149   4.33566279e+149]
 [ -1.89305365e+149   2.34211517e+149]
 [  2.66597215e+149   3.51499210e+149]
 [ -2.78317379e+149   3.29981972e+149]
 [ -1.21480325e+149   4.50584037e+149]
 [ -2.80966750e+149  -2.99057137e+149]
 [  3.13448176e+149  -4.24974243e+149]
 [ -9.58952285e+148   3.46792289e+149]
 [ -1.71834688e+149  -2.23509269e+149]]