[[  4.45503926e+149  -3.91046640e+148]
 [ -1.98477986e+149  -2.17186145e+149]
 [ -5.62961747e+149   1.82657110e+149]
 [ -2.26935718e+149  -7.42782493e+148]
 [  3.90705369e+149  -3.77011137e+149]
 [  1.84936337e+149  -2.85538191e+149]
 [ -1.00556046e+149   7.26189414e+148]
 [ -4.67563585e+149   1.14950161e+149]
 [  5.28959777e+148   3.83378736e+148]
 [ -3.73973247e+149   4.01147558e+149]
 [  4.94737248e+149  -2.93524966e+149]
 [  3.28646554e+149   1.46235985e+149]
 [ -3.33038540e+149   3.96021505e+149]
 [ -3.06897729e+149   4.02975142e+149]
 [ -3.01164616e+149   5.35225482e+149]
 [  3.77751989e+149  -2.66886711e+149]
 [  1.77533604e+149  -2.43366222e+149]
 [  4.08131059e+149   1.67089373e+149]
 [  2.47450879e+149  -3.54070084e+149]
 [  4.04338497e+149  -2.33044171e+149]
 [ -3.61126374e+149  -1.94822744e+149]
 [ -3.30271133e+149   4.12067480e+149]
 [  3.10486869e+149  -1.81763002e+149]
 [ -2.60151587e+149  -1.08730325e+149]]