[[  2.31120516e+149  -3.82875473e+149]
 [ -2.92441001e+149   3.22409619e+148]
 [ -1.84598930e+149   5.62323925e+149]
 [ -1.93730481e+149   1.39499625e+149]
 [ -7.41180134e+148  -5.37857800e+149]
 [ -1.21552564e+149  -3.17732509e+149]
 [ -6.02377624e+146   1.24045735e+149]
 [ -1.82858746e+149   4.45411469e+149]
 [  6.21668949e+148  -2.01160949e+148]
 [  1.03480041e+149   5.38577496e+149]
 [  5.46183239e+148  -5.72658789e+149]
 [  3.11914045e+149  -1.79207749e+149]
 [  1.23469718e+149   5.02520495e+149]
 [  1.44508461e+149   4.85480668e+149]
 [  2.54691738e+149   5.58837307e+149]
 [  7.17973762e+147  -4.62465194e+149]
 [ -9.18579637e+148  -2.86887843e+149]
 [  3.75618273e+149  -2.31098515e+149]
 [ -1.40046927e+149  -4.08626699e+149]
 [  5.01984927e+148  -4.63981131e+149]
 [ -3.70290423e+149   1.76792808e+149]
 [  1.38066802e+149   5.09720056e+149]
 [  3.62802250e+148  -3.57944373e+149]
 [ -2.41215841e+149   1.46001626e+149]]