# iteration | simulation time (ps) | potential_energy (kT) | kinetic_energy (kT) | ns per day
         0      1.0 -4408.651 3191.922 594.018
         1      2.0 -4626.793 3172.124 587.943
         2      3.0 -4746.248 3270.619 588.972
         3      4.0 -4842.272 3254.963 589.624
         4      5.0 -4901.133 3250.374 589.562
         5      6.0 -5089.808 3169.955 589.815
         6      7.0 -5132.783 3203.348 589.966
         7      8.0 -5099.524 3273.176 589.914
         8      9.0 -5242.264 3263.390 589.843
         9     10.0 -5196.605 3231.701 589.958
        10     11.0 -5221.030 3262.722 590.119
        11     12.0 -5216.198 3210.526 590.196
        12     13.0 -5202.034 3268.927 590.118
        13     14.0 -5346.236 3124.176 590.199
        14     15.0 -5453.185 3261.694 590.227
        15     16.0 -5391.087 3180.360 590.294
        16     17.0 -5461.940 3286.361 590.222
        17     18.0 -5420.197 3135.174 590.320
        18     19.0 -5504.065 3218.215 590.392
        19     20.0 -5479.384 3259.263 590.448
        20     21.0 -5490.701 3272.687 590.416
        21     22.0 -5621.028 3258.255 590.455
        22     23.0 -5439.140 3182.029 590.484
        23     24.0 -5575.949 3260.036 590.518
        24     25.0 -5537.543 3168.895 590.467
        25     26.0 -5595.617 3241.093 590.504
        26     27.0 -5558.378 3293.911 590.527
        27     28.0 -5578.642 3258.203 590.563
        28     29.0 -5524.752 3238.635 590.540
        29     30.0 -5576.917 3225.198 590.578
        30     31.0 -5629.089 3173.493 590.606
        31     32.0 -5678.320 3285.949 590.639
        32     33.0 -5561.985 3154.111 590.612
        33     34.0 -5579.851 3294.617 590.645
        34     35.0 -5611.343 3192.446 590.656
        35     36.0 -5642.387 3294.137 590.670
        36     37.0 -5537.087 3266.251 590.633
        37     38.0 -5504.712 3279.375 585.178
        38     39.0 -5533.964 3264.065 585.333
        39     40.0 -5655.759 3211.005 585.492
        40     41.0 -5628.911 3181.303 585.627
        41     42.0 -5640.770 3288.773 585.737
        42     43.0 -5687.972 3204.760 585.864
        43     44.0 -5610.920 3170.939 585.990
        44     45.0 -5712.824 3325.852 586.105
        45     46.0 -5586.468 3243.842 586.168
        46     47.0 -5622.372 3192.125 586.287
        47     48.0 -5671.454 3193.703 586.372
        48     49.0 -5756.238 3223.388 586.469
        49     50.0 -5681.138 3154.391 586.555
        50     51.0 -5612.736 3258.916 586.644
        51     52.0 -5588.431 3095.828 586.718
        52     53.0 -5656.584 3142.992 586.814
        53     54.0 -5572.809 3125.011 586.873
        54     55.0 -5736.190 3119.595 586.965
        55     56.0 -5642.582 3200.920 587.058
        56     57.0 -5856.522 3268.663 587.132
        57     58.0 -5787.762 3191.963 587.180
        58     59.0 -5675.862 3201.297 587.242
        59     60.0 -5704.719 3225.659 587.300
        60     61.0 -5726.525 3168.773 587.360
        61     62.0 -5717.405 3249.356 587.399
        62     63.0 -5819.042 3265.597 587.454
        63     64.0 -5599.631 3164.060 587.511
        64     65.0 -5737.141 3139.942 587.559
        65     66.0 -5679.386 3231.274 587.596
        66     67.0 -5730.200 3289.715 587.646
        67     68.0 -5701.919 3231.095 587.700
        68     69.0 -5725.129 3183.809 587.745
        69     70.0 -5677.712 3319.769 587.779
        70     71.0 -5783.584 3242.983 587.832
        71     72.0 -5820.421 3211.599 587.883
        72     73.0 -5721.876 3138.963 587.923
        73     74.0 -5773.903 3249.005 587.950
        74     75.0 -5739.669 3254.656 587.994
        75     76.0 -5739.468 3166.254 588.031
        76     77.0 -5708.803 3191.959 588.066
        77     78.0 -5748.433 3226.373 588.096
        78     79.0 -5725.485 3186.089 588.136
        79     80.0 -5781.274 3280.565 588.174
        80     81.0 -5714.090 3259.209 588.209
        81     82.0 -5716.138 3299.414 585.739
        82     83.0 -5771.189 3158.593 585.801
        83     84.0 -5868.295 3283.040 585.867
        84     85.0 -5762.865 3268.453 585.931
        85     86.0 -5827.067 3247.661 585.967
        86     87.0 -5866.599 3208.572 586.030
        87     88.0 -5800.258 3236.839 586.084
        88     89.0 -5767.121 3207.319 586.137
        89     90.0 -5741.738 3221.831 586.176
        90     91.0 -5757.602 3188.118 586.229
        91     92.0 -5801.598 3175.034 586.284
        92     93.0 -5874.342 3237.497 586.336
        93     94.0 -5788.162 3188.306 586.379
        94     95.0 -5751.204 3340.527 586.431
        95     96.0 -5699.997 3215.041 586.481
        96     97.0 -5811.325 3188.248 586.531
        97     98.0 -5846.171 3184.392 586.565
        98     99.0 -5873.340 3229.667 586.614
        99    100.0 -5774.618 3324.428 586.660
