Metastable sets

[array([ 8, 19, 20, 23, 29, 32, 35, 36, 49, 63, 78, 81])
 array([18, 27, 47]) array([ 1, 43, 48, 67, 76]) array([57, 58, 69])
 array([ 5, 17, 40, 65, 70, 72, 83, 84, 97])
 array([ 4, 10, 12, 24, 56, 90, 96])
 array([ 0,  9, 14, 22, 31, 39, 71, 77, 91, 92, 99])
 array([ 3,  7, 13, 16, 21, 25, 33, 37, 41, 42, 44, 60, 62, 66, 68, 73, 74,
       75, 82, 85, 88, 93, 95, 98])
 array([ 2, 28, 34, 46, 52, 53, 64])
 array([ 6, 11, 15, 26, 30, 38, 45, 50, 51, 54, 55, 59, 61, 79, 80, 86, 87,
       89, 94])]

Stationary distribution

[ 0.04136282  0.00535602  0.02810655  0.10014143  0.09805945  0.21026176
  0.07937974  0.14204332  0.12966796  0.16562095]

Macrostate lifetimes

[  4853.94851961   2341.65725148   6797.26635978   8853.94130941
  12132.12460088  27590.42616243  41810.77470338  11163.56772969
  36547.41280208  14070.49885768]

Timescales

[ 77547.89833603  37202.18838435  33571.95739996  19635.29173937
  10671.87860281   6594.39970741   5624.62096677   4051.19068416
   2298.62451633]