Metastable sets

[array([ 8, 19, 20, 23, 29, 32, 35, 36, 45, 49, 63, 78, 81])
 array([18, 27, 47]) array([ 1, 43, 48, 67, 76])
 array([21, 57, 58, 65, 69, 96]) array([ 5, 17, 40, 70, 72, 83, 84, 97])
 array([10, 12, 24, 56, 90]) array([ 6, 11, 15, 26, 30, 38, 59, 80, 86])
 array([ 0,  9, 14, 22, 31, 39, 71, 77, 91, 92, 99])
 array([ 4, 50, 51, 54, 55, 61, 79, 87, 89, 94])
 array([ 3,  7, 13, 16, 25, 33, 37, 41, 42, 44, 60, 62, 66, 68, 73, 74, 75,
       82, 85, 88, 93, 95, 98])
 array([ 2, 28, 34, 46, 52, 53, 64])]

Stationary distribution

[ 0.04994263  0.00682989  0.02283572  0.1697443   0.07451294  0.04009116
  0.08661691  0.07479164  0.13569321  0.15387487  0.18506674]

Macrostate lifetimes

[  5530.40056692   2332.48832152   6782.22864034   6184.42379237
   9290.60144707  12671.55611686   4759.2083721   41772.590608
   7777.87665649   8227.78265138  36295.66526482]

Timescales

[ 75232.79989312  34091.98399914  27348.45391854  12384.0807082
   8820.27204285   6860.78775425   4956.10514352   3893.20600464
   3267.86377671   2288.57173706]