Metastable sets

[array([20, 23, 29, 32, 36, 63, 78, 81]) array([18, 27])
 array([ 1, 12, 43, 48, 76]) array([21, 57, 58, 65, 96])
 array([ 5, 17, 40, 70, 72, 83, 97]) array([10, 24, 56, 90])
 array([ 0,  9, 39, 69, 71, 77, 91]) array([14, 22, 31, 67, 84, 92, 99])
 array([ 6,  8, 11, 15, 19, 30, 35, 38, 45, 49, 59, 86])
 array([ 4, 26, 50, 51, 54, 55, 61, 79, 80, 87, 89, 94])
 array([ 3,  7, 13, 16, 25, 33, 37, 41, 42, 44, 60, 62, 66, 68, 73, 74, 75,
       82, 85, 88, 93, 95, 98])
 array([ 2, 28, 34, 46, 47, 52, 53, 64])]

Stationary distribution

[ 0.0379456   0.00295096  0.01851043  0.11805934  0.04159326  0.00546745
  0.08092051  0.17433068  0.08411624  0.18075622  0.106336    0.14901331]

Macrostate lifetimes

[  3331.30843888   2002.04263504  10820.67956459   6158.04239148
   9095.72150786   7728.95181746   7964.24635096  13477.6324716
   3550.98695332   9449.79682499   8242.79237355  42036.91436496]

Timescales

[ 73707.73944212  30001.66838996  26391.13509912  12298.58979711
   8812.48376031   7063.51582677   5597.68438576   4423.42886838
   3914.65684231   2257.61127009   1970.74917137]