Metastable sets

[array([ 8, 20, 23, 29, 32, 35, 36, 49, 63, 78, 81]) array([18, 27, 47])
 array([41, 44, 66, 67, 74, 84, 85, 93])
 array([ 3,  7, 13, 16, 21, 25, 33, 37, 42, 58, 60, 62, 68, 73, 75, 82, 88,
       95, 98])
 array([ 0,  9, 39, 71, 77, 91]) array([ 1, 43, 48, 76])
 array([ 5, 17, 40, 65, 70, 72, 83, 96, 97]) array([57, 69])
 array([10, 12, 24, 56, 90]) array([ 6, 11, 15, 19, 30, 38, 45, 59, 86])
 array([ 4, 26, 50, 51, 54, 55, 61, 79, 80, 87, 89, 94])
 array([14, 22, 31, 92, 99]) array([ 2, 28, 34, 46, 52, 53, 64])]

Stationary distribution

[ 0.01681819  0.00780295  0.04538028  0.22285731  0.02044753  0.00341914
  0.13565737  0.21990814  0.01499199  0.0389299   0.09606384  0.03476782
  0.14295554]

Macrostate lifetimes

[  4349.93245072   2357.23862126   4072.77345364  12635.97697663
   7983.96407063   6578.88117     12773.61261073  24115.35121404
  13278.87964187   3866.51462611   9525.18189619  13423.5332736
  36009.28977639]

Timescales

[ 68905.93143898  38562.78214281  36987.35740708  14744.67311583
  13178.52852923  10982.9938718    6605.37949342   5607.32286807
   4595.17869554   3588.37685316   2769.88172512   2316.5978414 ]