Metastable sets

[array([20, 23, 29, 32, 35, 36, 63, 78, 81]) array([18, 27, 47])
 array([48, 67, 76, 84]) array([57]) array([ 1, 43, 69])
 array([ 5, 17, 40, 65, 70, 72, 83, 96, 97]) array([10, 12, 24, 56, 90])
 array([33, 42, 58, 60, 75, 88]) array([ 0,  9, 39, 71, 77, 91, 99])
 array([14, 22, 31, 92])
 array([ 6,  8, 11, 15, 19, 30, 38, 45, 49, 59, 80, 86])
 array([ 4, 26, 50, 51, 54, 55, 61, 79, 87, 89, 94])
 array([ 3,  7, 13, 16, 21, 25, 37, 41, 44, 62, 66, 68, 73, 74, 82, 85, 93,
       95, 98])
 array([ 2, 28, 34, 46, 52, 53, 64])]

Stationary distribution

[ 0.04290165  0.00588875  0.01073678  0.07874883  0.0217856   0.12868111
  0.0417818   0.04895101  0.07764801  0.02144281  0.11197893  0.16332582
  0.10998738  0.13614151]

Macrostate lifetimes

[  3433.61731706   2364.32770322   2094.40068137  12339.77776252
   6685.41903021  12195.49124599  13330.02220121   4684.35691086
  16624.11219097   6504.42717059   4459.46546258   8248.56814243
   7552.38626384  35960.95122958]

Timescales

[ 77428.01541793  35108.47755217  31584.40773052  13567.75119682
  11644.92338977   8960.43176866   8324.21226595   5358.83567816
   4516.02244318   3336.99318348   2516.66608528   2324.81548552
   1924.60526584]