Metastable sets

[array([18, 27, 47]) array([48, 67, 76, 84]) array([57])
 array([ 1, 43, 69]) array([ 6, 15, 59, 86])
 array([ 5, 17, 32, 40, 65, 70, 72, 83, 96, 97])
 array([33, 42, 58, 60, 75, 88]) array([10, 12, 24, 56, 90])
 array([ 0,  9, 39, 71, 77, 91, 99]) array([14, 20, 22, 31, 92])
 array([ 8, 11, 19, 23, 29, 30, 35, 36, 38, 45, 49, 63, 78, 80, 81])
 array([ 4, 26, 50, 51, 54, 55, 61, 79, 87, 89, 94])
 array([ 3,  7, 13, 16, 21, 25, 37, 41, 44, 62, 66, 68, 73, 74, 82, 85, 93,
       95, 98])
 array([ 2, 28, 34, 46, 52, 53, 64])]

Stationary distribution

[ 0.00623745  0.01119117  0.08337201  0.02359181  0.01777717  0.13648158
  0.05173756  0.04024315  0.07650765  0.02121907  0.12812674  0.14294221
  0.11621655  0.14435588]

Macrostate lifetimes

[  2364.3539575    2089.4135166   12336.91890978   6702.71785403
   3687.11503275  12178.78667534   4681.72552123  13327.84061413
  16500.62939583   6501.75391493   7039.55598147   8331.44337946
   7551.14014998  35990.96223931]

Timescales

[ 72435.55575875  35105.288742    30720.8744671   13323.9182625
  11609.70267827   8936.30500517   8292.99320436   5355.5503488
   4539.48997521   3452.82897359   3335.85462529   2324.84021508
   1920.70359966]