Metastable sets

[array([21, 48, 67, 76]) array([18, 27]) array([35, 65, 69, 72, 84, 96])
 array([57]) array([ 1, 43]) array([ 6, 15, 20, 59, 86])
 array([ 5, 17, 32, 40, 70, 83, 97]) array([33, 42, 58, 60, 75, 88])
 array([10, 12, 24, 56, 90]) array([ 0,  9, 39, 71, 77, 91])
 array([14, 22, 31, 92, 99])
 array([ 8, 11, 19, 23, 29, 30, 36, 38, 45, 49, 63, 78, 81])
 array([ 4, 26, 50, 51, 54, 55, 61, 79, 80, 87, 89, 94])
 array([ 3,  7, 13, 16, 25, 37, 41, 44, 62, 66, 68, 73, 74, 82, 85, 93, 95,
       98])
 array([ 2, 28, 34, 46, 47, 52, 53, 64])]

Stationary distribution

[ 0.02935982  0.00222915  0.02342103  0.03593745  0.02896159  0.02593118
  0.02505318  0.02665608  0.05684046  0.05389936  0.08993847  0.15901606
  0.26786107  0.05191217  0.12298295]

Macrostate lifetimes

[  2948.00660742   2031.17792216   1758.88090974  11789.50890189
   6590.66239316   3679.13486769   9485.20807884   4710.1970689
  12322.02467645   7824.85781023  11871.01093295   5289.90616879
   9170.69690678   5991.60635492  38239.78288182]

Timescales

[ 46853.81315882  30051.26560569  27198.80766805  12610.85449124
  10581.0992735    8725.29732386   7439.03423243   5465.11978887
   4031.17216266   3371.31016539   3302.60057433   2675.95358798
   2006.36644193   1667.21792072]