Metastable sets

[array([48, 67, 76]) array([35, 69, 84]) array([18, 27, 47]) array([57])
 array([ 1, 43]) array([ 7, 13, 21, 73, 75, 96, 98])
 array([ 6, 15, 20, 59, 86]) array([33, 42, 58, 60, 88])
 array([ 5, 17, 32, 40, 65, 70, 72, 83, 97]) array([10, 12, 24, 56, 90])
 array([ 0,  9, 39, 71, 77, 91]) array([14, 22, 31, 92, 99])
 array([ 8, 11, 19, 23, 29, 30, 36, 38, 45, 49, 63, 78, 81])
 array([ 3, 16, 25, 37, 41, 44, 62, 66, 68, 74, 82, 85, 93, 95])
 array([ 4, 26, 50, 51, 54, 55, 61, 79, 80, 87, 89, 94])
 array([ 2, 28, 34, 46, 52, 53, 64])]

Stationary distribution

[ 0.00552384  0.00257316  0.00729559  0.11541227  0.01625752  0.07197023
  0.01379122  0.05370625  0.0849139   0.03166745  0.02486092  0.04041736
  0.08549593  0.18108996  0.14720696  0.11781743]

Macrostate lifetimes

[  1793.70589257   1919.25278514   2481.49169109  12690.71054214
   6610.39625577   1959.32253611   3677.73097659   3507.65915881
  12110.20820375  12905.16786627   7884.10034628  12383.28828996
   5336.70077733   4545.48468616   9572.5433876   36273.73333049]

Timescales

[ 103041.56268046   37051.87805233   34632.21681698   13220.15618966
   11354.71388179    9425.69449002    8233.00621894    5462.70914309
    4108.66223715    3382.65979559    3011.1273992     2438.39820696
    1903.81068434    1655.59952311    1544.92185771]