Metastable sets

[array([48, 76]) array([35, 47, 67, 84]) array([18, 27])
 array([13, 21, 73, 98]) array([58, 69, 72]) array([57, 65, 96])
 array([ 1, 43]) array([ 7, 16, 32, 33, 37, 42, 60, 75, 82, 88])
 array([ 6, 15, 20, 59, 86]) array([ 5, 17, 40, 70, 83, 97])
 array([10, 12, 24, 56, 90]) array([ 0,  9, 39, 71, 77, 91])
 array([14, 22, 31, 92, 99])
 array([ 8, 11, 19, 23, 29, 30, 36, 38, 45, 49, 63, 78, 81])
 array([ 3, 25, 41, 44, 62, 66, 68, 74, 85, 93, 95])
 array([ 4, 26, 50, 51, 54, 55, 61, 79, 80, 87, 89, 94])
 array([ 2, 28, 34, 46, 52, 53, 64])]

Stationary distribution

[ 0.00111025  0.01406994  0.00375863  0.01436465  0.02836854  0.06574408
  0.00937546  0.06023741  0.02048558  0.04303233  0.03204755  0.04668012
  0.07973565  0.12853892  0.08116307  0.21775369  0.15353414]

Macrostate lifetimes

[  1345.19546192   2602.20556379   2105.19737413   1503.02952132
   2830.69826506   4377.24401749   6483.83136424   4111.93317916
   3675.96595685   9409.03186412  12457.09094292   7838.99267465
  12045.98298837   5342.65635123   4033.654384     9179.37940845
  35943.0849267 ]

Timescales

[ 47839.41725569  30668.87799942  26539.3189708   13159.74228466
  10788.90690259   7797.19500718   5494.70435152   4144.49262715
   3662.16657212   3397.47711283   2949.04431478   2586.11020132
   2508.16190639   2069.85599415   1365.88974188   1280.16191161]