Metastable sets

[array([20, 32, 63, 78, 81]) array([48, 69, 76]) array([18, 27])
 array([35, 72, 84]) array([47, 67, 92]) array([13, 21, 73, 98])
 array([58]) array([ 1, 12, 43]) array([57, 65, 96])
 array([ 7, 33, 37, 42, 60, 75, 88]) array([ 6, 15, 59, 86])
 array([ 5, 17, 40, 70, 83, 97]) array([10, 24, 56, 90])
 array([ 0,  9, 39, 71, 77, 91, 99]) array([14, 22, 31])
 array([ 8, 11, 19, 23, 29, 30, 36, 38, 45, 49])
 array([ 3, 16, 25, 41, 44, 62, 66, 68, 74, 82, 85, 93, 95])
 array([ 4, 26, 50, 51, 54, 55, 61, 79, 80, 87, 89, 94])
 array([ 2, 28, 34, 46, 52, 53, 64])]

Stationary distribution

[ 0.01496597  0.00197509  0.00311238  0.00438961  0.01038841  0.0141862
  0.0336889   0.02625159  0.0579201   0.03407409  0.023973    0.03028295
  0.00663451  0.1346328   0.04410413  0.11421597  0.10368809  0.2295432
  0.111973  ]

Macrostate lifetimes

[  1142.1774553    1361.1569163    2069.27560668   1241.18604526
   2279.65680312   1512.11429193   4754.24021979  10927.45788119
   4226.99291144   2577.95308311   3619.30251142   9315.07941687
   7596.89207243  16000.1839078    6405.94984132   3008.04881403
   4352.11763244   8783.8318334   34504.03709527]

Timescales

[ 59535.38097505  31606.31167308  30021.6448503   15928.109528
  10622.55977449   7127.72027513   5363.26134268   3999.81706704
   3812.19286334   3588.54282665   3188.26207319   2256.92315029
   2136.71804182   2019.97994281   1380.41947851   1311.52507526
   1233.49365166    988.68247034]