Metastable sets

[array([48, 76]) array([47, 69, 72, 97]) array([18, 27]) array([35, 84])
 array([67]) array([13, 21, 73, 98]) array([58]) array([57, 65, 96])
 array([ 1, 12, 20, 43]) array([ 7, 32, 33, 37, 42, 60, 75, 88])
 array([ 6, 15, 59, 86]) array([ 5, 17, 40, 70, 83])
 array([10, 24, 56, 90]) array([ 0,  9, 39, 71, 77, 91])
 array([14, 22, 31, 92, 99])
 array([ 8, 11, 19, 23, 29, 30, 36, 38, 45, 49, 63, 78, 81])
 array([ 3, 16, 25, 41, 44, 62, 66, 68, 74, 82, 85, 93, 95])
 array([ 4, 26, 50, 51, 54, 55, 61, 79, 80, 87, 89, 94])
 array([ 2, 28, 34, 46, 52, 53, 64])]

Stationary distribution

[ 0.00226277  0.00932514  0.00349711  0.00282047  0.01229091  0.01665201
  0.03951915  0.06709508  0.03202596  0.04002013  0.02112109  0.02257137
  0.00724957  0.04986723  0.08531625  0.13015419  0.12162194  0.20795698
  0.12863266]

Macrostate lifetimes

[  1364.076652     1703.84062355   2106.80923531   1830.53343896
   2941.94867088   1511.73706944   4748.39988853   4496.05494246
  10860.61952852   2590.61059902   3674.91395986  11388.47709136
   7608.06661251   7828.40428928  11845.59355771   5258.66901474
   4372.63712447   8993.92465746  33593.89311927]

Timescales

[ 62062.93176213  33243.2709113   28803.27148906  15442.37772847
  12261.45970006   7189.18275896   5497.97112749   4105.28804513
   4034.27639028   3901.47250503   3389.96363675   2880.22630353
   2155.45608154   2055.59583867   1803.90987742   1664.16515516
   1378.91114413   1316.11656928]