Metastable sets

[array([48, 76]) array([ 2, 47, 64]) array([35, 84]) array([18, 27])
 array([67, 69]) array([23, 29, 30, 45, 80, 94])
 array([ 8, 11, 19, 36, 38, 49, 63, 78, 81]) array([13, 21, 73, 98])
 array([58, 72]) array([57, 65, 96]) array([ 1, 12, 20, 43])
 array([ 7, 32, 33, 37, 42, 60, 75, 88]) array([ 6, 15, 59, 86])
 array([ 5, 17, 40, 70, 83, 97]) array([10, 24, 56, 90])
 array([ 0,  9, 39, 71, 77, 91]) array([14, 22, 31, 92, 99])
 array([ 4, 26, 50, 51, 54, 55, 61, 79, 87, 89])
 array([ 3, 16, 25, 41, 44, 62, 66, 68, 74, 82, 85, 93, 95])
 array([28, 34, 46, 52, 53])]

Stationary distribution

[ 0.00228195  0.0426122   0.00320072  0.00326271  0.01455105  0.08435228
  0.10735984  0.01354494  0.02651282  0.06150514  0.03278629  0.03247379
  0.0219598   0.03858526  0.00643162  0.06375861  0.10870556  0.13203789
  0.09857141  0.10550613]

Macrostate lifetimes

[  1376.80734473   2977.91522417   1824.15209002   2129.66245352
   3179.53323896   2668.34468808   3459.68764487   1513.93199586
   2800.44531674   4438.64959137  10882.74507298   2579.4085877
   3636.80363816   9398.59543242   7614.23008245   7857.6982592
  11929.58728022   6833.42321899   4331.90423946   6764.93672873]

Timescales

[ 58950.9903726   28775.31572272  26853.13535203  15121.27049472
  10728.20120355   7292.11862554   5531.63941818   4538.24334289
   3708.09991359   3430.11021283   3104.38761092   2586.99293815
   2174.01017583   2142.41892178   2058.75867179   1872.64770167
   1757.14616178   1379.46550502   1328.88215749]