Metastable sets

[array([20, 32, 78]) array([48, 76]) array([ 2, 47, 52, 64])
 array([35, 84]) array([18, 27]) array([67, 69])
 array([23, 29, 30, 45, 79, 80, 94]) array([21, 96, 97])
 array([ 8, 11, 19, 36, 38, 49, 63, 81]) array([58, 72])
 array([ 1, 12, 43]) array([57, 65]) array([41, 44, 66, 74, 85, 93])
 array([ 7, 33, 37, 42, 60, 75, 88]) array([ 6, 15, 59, 86])
 array([ 5, 17, 40, 70, 83]) array([10, 24, 56, 90])
 array([ 0,  9, 39, 71, 77, 91]) array([14, 22, 31, 92, 99])
 array([ 4, 26, 50, 51, 54, 55, 61, 87, 89])
 array([ 3, 13, 16, 25, 62, 68, 73, 82, 95, 98]) array([28, 34, 46, 53])]

Stationary distribution

[  1.12643207e-06   2.87348995e-03   9.14717216e-02   3.15304293e-03
   2.37843029e-03   1.57078077e-02   1.26105222e-01   4.53727881e-02
   1.28557537e-01   1.78794077e-02   4.17869067e-02   3.46447856e-02
   1.12548507e-02   1.70586317e-02   2.54459974e-02   1.79914476e-02
   8.60365406e-03   6.49159010e-02   1.08243871e-01   1.07845457e-01
   3.96616297e-02   8.90462938e-02]

Macrostate lifetimes

[  2155.00979182   1364.22960979   4089.50981468   1821.658178
   2034.00613698   3168.45145655   2906.43183876   3786.61555002
   3434.01544578   2972.2721222   10945.49757828   3797.42652682
   3748.22537127   2589.80744409   3612.74751959  11389.94048116
   7591.25328394   7845.26296046  11913.65755135   5348.69261446
   3391.48063959   3987.99036221]

Timescales

[ 57233.72502721  28816.67025013  20706.69276611  15013.17762807
  11218.78152625   7288.63525351   5513.41059725   4717.48919624
   4186.32811638   3344.10536923   3322.80529118   3097.83145445
   2778.24828058   2596.92688759   2155.02372327   2106.46526619
   1998.83937261   1929.61085101   1902.39803172   1766.54722892
   1317.05379793]