Metastable sets

[array([48, 76]) array([47, 97]) array([18, 27]) array([35, 84])
 array([67, 69]) array([23, 29, 30, 45, 79, 80, 94])
 array([ 8, 11, 19, 36, 38, 49, 63, 78, 81]) array([21, 96])
 array([58, 72]) array([ 1, 12, 43]) array([57, 65])
 array([41, 44, 66, 68, 74, 85, 93])
 array([ 7, 32, 33, 37, 42, 60, 75, 82, 88]) array([ 6, 15, 59, 86])
 array([ 5, 17, 40, 70, 83]) array([10, 24, 56, 90])
 array([ 0,  9, 39, 71, 77, 91]) array([14, 22, 31, 92, 99])
 array([20, 28]) array([ 4, 26, 50, 51, 54, 55, 61, 87, 89])
 array([ 3, 13, 16, 25, 62, 73, 95, 98]) array([ 2, 34, 46, 52, 53, 64])]

Stationary distribution

[ 0.00287784  0.00728455  0.00222313  0.00318712  0.01540797  0.12261488
  0.12380575  0.04127996  0.01767223  0.04194911  0.03412629  0.02181071
  0.02470305  0.02474298  0.01703507  0.00880593  0.06463808  0.10780896
  0.07904987  0.1058001   0.0271677   0.1060087 ]

Macrostate lifetimes

[  1363.85059621   2660.25300732   2030.58192614   1898.05223125
   3168.50117551   2906.0433936    3434.04036924   4270.31702779
   2925.10288781  10901.74379692   3767.10823726   3515.1757111
   3404.87669179   3618.62397153  11392.45193012   7575.97613364
   7850.65065068  11895.19496367   5417.05315329   5355.36084602
   2737.81564939   6185.97215284]

Timescales

[ 65186.48549871  28965.15573023  24015.86211285  14976.1830546
  11493.00625963   7278.71053114   5516.64339622   5005.63228141
   4197.41130978   3336.04316288   3126.38754912   3099.91644317
   3013.05185753   2899.023016     2634.30389955   2500.38434479
   2097.11815617   1971.08281583   1934.03565166   1809.74335328
   1316.65927333]