Metastable sets

[array([48, 76]) array([47, 97]) array([18, 27]) array([35, 84])
 array([67, 69]) array([72, 83]) array([23, 29, 30, 45, 79, 80, 94])
 array([ 5, 17, 32, 40, 70]) array([21, 65, 96]) array([58])
 array([ 1, 12, 43]) array([57]) array([41, 44, 66, 74, 85, 93])
 array([33, 42, 60, 75, 88]) array([ 6, 15, 59, 86])
 array([ 8, 11, 19, 36, 38, 49, 63, 78, 81]) array([10, 24, 56, 90])
 array([ 0,  9, 39, 71, 77, 91]) array([14, 22, 31, 92, 99])
 array([20, 28]) array([ 4, 26, 50, 51, 54, 55, 61, 87, 89])
 array([ 3,  7, 13, 16, 25, 37, 62, 68, 73, 82, 95, 98])
 array([ 2, 34, 46, 52, 53, 64])]

Stationary distribution

[ 0.0025116   0.00759038  0.00262779  0.00294687  0.01370385  0.01216007
  0.10920502  0.0085469   0.05119581  0.02820933  0.03655282  0.05140101
  0.01545994  0.01987885  0.02206712  0.11056189  0.00748382  0.05703085
  0.09504029  0.08197854  0.09399803  0.05963431  0.11021493]

Macrostate lifetimes

[  1365.29911639   2628.4081335    2062.48716891   1827.68648427
   3169.90395865   3017.26306871   2908.3220718    4729.13407624
   4072.42536668   5122.36741695  10904.35469836  10512.0527385
   3757.85072748   3667.36695717   3618.23657368   3425.99216383
   7596.6436234    7848.84450204  11902.81290031   5401.60175737
   5353.58929898   4292.06742862   6178.42572619]

Timescales

[ 69960.47566394  37514.19451092  28790.77257257  15108.23877554
   8063.19503973   7290.67089509   6934.00829581   5506.11163899
   4613.45897174   4193.53291197   3831.79991572   3465.51322533
   3332.07543541   3099.15130593   3073.34864968   2703.65605815
   2530.63137315   2396.15591828   2019.65922893   1906.52383646
   1769.25030448   1318.06204393]