Metastable sets

[array([48, 76]) array([47, 97]) array([18, 27]) array([35, 84])
 array([67]) array([23, 29, 45]) array([65, 72, 83])
 array([ 5, 17, 32, 40, 70]) array([21, 96]) array([58]) array([ 4, 69])
 array([ 1, 43]) array([57]) array([41, 44, 66, 74, 85, 93])
 array([33, 42, 60, 75, 88]) array([ 6, 15, 59, 86])
 array([ 8, 11, 19, 30, 36, 38, 49, 63, 78, 81])
 array([10, 12, 24, 56, 90]) array([ 0,  9, 39, 71, 77, 91])
 array([14, 22, 31, 92, 99]) array([20, 28])
 array([ 3,  7, 13, 16, 25, 37, 62, 68, 73, 82, 95, 98])
 array([26, 50, 51, 54, 55, 61, 79, 80, 87, 89, 94])
 array([ 2, 34, 46, 52, 53, 64])]

Stationary distribution

[ 0.00105077  0.0051363   0.0020471   0.00220495  0.01169832  0.05048181
  0.01927978  0.00757199  0.04101867  0.02262377  0.09255956  0.01049348
  0.0392371   0.01223937  0.01574518  0.01639077  0.07889671  0.06907401
  0.04380633  0.07716905  0.06001096  0.04814268  0.19208593  0.08103538]

Macrostate lifetimes

[  1380.13832636   2674.68490066   2059.91574371   1826.74701501
   2984.78247879   3313.2358321    2515.04106      4710.23310736
   4438.06311482   5087.0777449    9310.7626506    6465.34521139
  10672.14665921   3757.81604708   3667.26476322   3640.14384623
   3357.25228178  12286.40946218   7852.6159643   11924.16283862
   5376.34882668   4299.96079238   7135.78897358   6183.45692837]

Timescales

[ 66565.55887209  36750.77825841  33032.9381249   16234.00579578
   8770.91897911   8352.25677806   6859.74512683   6445.68212022
   5510.44449742   4548.93373321   4028.65543115   3923.28169279
   3573.50111584   3466.90355689   3122.94448579   2944.05318047
   2720.89207842   2601.52271044   2239.57468204   2089.88846424
   2010.22771953   1790.89627801   1314.56604322]