Metastable sets

[array([48, 76]) array([47]) array([18, 27]) array([35, 84])
 array([ 8, 19, 36, 63, 78, 81]) array([67]) array([23, 29, 45])
 array([72, 83]) array([11, 30, 38, 49, 97]) array([21, 96]) array([58])
 array([ 5, 17, 32, 40, 70]) array([ 1, 43]) array([ 4, 69])
 array([57, 65]) array([33, 42, 60, 75, 88])
 array([20, 41, 44, 66, 74, 85, 93]) array([ 6, 15, 26, 59, 86])
 array([10, 12, 24, 56, 90]) array([ 0,  9, 39, 71, 77, 91])
 array([14, 22, 31, 92, 99]) array([28, 34, 46, 53])
 array([ 3,  7, 13, 16, 25, 37, 62, 68, 73, 82, 95, 98])
 array([50, 51, 54, 55, 61, 79, 80, 87, 89, 94]) array([ 2, 52, 64])]

Stationary distribution

[ 0.0008906   0.00202454  0.00230501  0.00201318  0.03311925  0.0124602
  0.04465146  0.00926077  0.05358972  0.04754534  0.02111259  0.00641958
  0.00943841  0.09126065  0.03227643  0.01560672  0.01221128  0.02562043
  0.06738813  0.04606768  0.07850303  0.06981146  0.04755913  0.19865914
  0.07020528]

Macrostate lifetimes

[  1400.37529795   2481.15972849   2100.65714255   1823.77922414
   2045.71288245   3010.27893093   3130.6602962    3245.10430059
   2137.62648659   4396.65918449   5120.53469465   4733.18484791
   6478.53237524   9185.10494903   3639.83951851   3664.91552377
   3753.96311995   3570.24270951  12359.7869078    7861.13348174
  11984.46269985   3995.24505513   4294.64468698   6736.84127962
   3997.30543905]

Timescales

[ 51407.37252274  33961.54599614  25350.36574251  16090.1560177
   8693.68558228   7226.70900048   6774.07640086   5508.31079306
   5062.53193933   4167.09970718   4058.16978804   3584.72221989
   3482.7742504    2992.73861791   2959.49642059   2683.75027007
   2646.61606986   2481.91327729   2219.5076084    2096.84329183
   2012.64686845   1812.3409816    1408.77767824   1332.17365844]