Metastable sets

[array([ 5, 17, 40, 65, 70, 72, 83, 84, 96, 97])
 array([ 1,  4,  6,  8, 10, 11, 12, 15, 19, 20, 23, 24, 26, 29, 30, 35, 36,
       38, 43, 45, 48, 49, 50, 51, 54, 55, 56, 59, 61, 63, 76, 78, 79, 80,
       81, 86, 87, 89, 90, 94])
 array([ 0,  9, 14, 22, 31, 39, 67, 69, 71, 77, 91, 92, 99])
 array([ 2, 27, 28, 34, 46, 47, 52, 53, 64])
 array([ 3,  7, 13, 16, 18, 21, 25, 32, 33, 37, 41, 42, 44, 57, 58, 60, 62,
       66, 68, 73, 74, 75, 82, 85, 88, 93, 95, 98])]

Stationary distribution

[ 0.14574975  0.22184282  0.15600201  0.16961398  0.30679144]

Macrostate lifetimes

[ 12331.17866452  41321.64968808  44697.18851224  48708.94820459
  46334.8663554 ]

Timescales

[ 83400.58098352  44857.35297724  26381.63747824  10230.64382949]