Metastable sets

[array([ 5, 17, 32, 40, 57, 65, 70, 72, 83, 84, 96, 97])
 array([ 1,  4, 10, 12, 24, 43, 48, 56, 76, 90])
 array([ 0,  9, 14, 22, 31, 39, 67, 71, 77, 91, 92, 99])
 array([ 6,  8, 11, 15, 19, 20, 23, 26, 29, 30, 35, 36, 38, 45, 49, 50, 51,
       54, 55, 59, 61, 63, 69, 78, 79, 80, 81, 86, 87, 89, 94])
 array([ 2, 27, 28, 34, 46, 47, 52, 53, 64])
 array([ 3,  7, 13, 16, 18, 21, 25, 33, 37, 41, 42, 44, 58, 60, 62, 66, 68,
       73, 74, 75, 82, 85, 88, 93, 95, 98])]

Stationary distribution

[ 0.20005155  0.07045811  0.19207372  0.20371734  0.18958825  0.14411103]

Macrostate lifetimes

[ 15456.46900069  21673.35109367  44605.03702808  26879.43912016
  49045.08445438  22283.50874878]

Timescales

[ 76227.20272017  34311.0468245   27985.16237674  16022.51614371
  10465.77297998]