Metastable sets

[array([ 1, 43, 48, 67, 76]) array([ 4, 10, 12, 24, 56, 69, 90])
 array([ 5, 17, 32, 40, 57, 65, 70, 72, 83, 84, 96, 97])
 array([ 0,  9, 14, 22, 31, 39, 71, 77, 91, 92, 99])
 array([ 6,  8, 11, 15, 19, 20, 23, 26, 29, 30, 35, 36, 38, 45, 49, 50, 51,
       54, 55, 59, 61, 63, 78, 79, 80, 81, 86, 87, 89, 94])
 array([ 2, 27, 28, 34, 46, 47, 52, 53, 64])
 array([ 3,  7, 13, 16, 18, 21, 25, 33, 37, 41, 42, 44, 58, 60, 62, 66, 68,
       73, 74, 75, 82, 85, 88, 93, 95, 98])]

Stationary distribution

[ 0.02925806  0.13386785  0.20784378  0.08688227  0.19459793  0.1954011
  0.15214902]

Macrostate lifetimes

[  6871.87753246  34842.2563058   15561.05268578  38236.50073327
  27114.76674348  49051.94332683  22286.76654704]

Timescales

[ 73340.73182113  36433.84521999  33779.23936182  21950.4255509
  10487.88872371   6430.50540788]