Metastable sets

[array([ 8, 19, 20, 23, 29, 32, 35, 36, 49, 63, 78, 81])
 array([ 1, 43, 48, 67, 69, 76]) array([ 4, 10, 12, 24, 56, 90, 96])
 array([ 5, 17, 40, 57, 65, 70, 72, 83, 84, 97])
 array([ 0,  9, 14, 22, 31, 39, 71, 77, 91, 92, 99])
 array([ 3,  7, 13, 16, 18, 21, 25, 33, 37, 41, 42, 44, 58, 60, 62, 66, 68,
       73, 74, 75, 82, 85, 88, 93, 95, 98])
 array([ 2, 27, 28, 34, 46, 47, 52, 53, 64])
 array([ 6, 11, 15, 26, 30, 38, 45, 50, 51, 54, 55, 59, 61, 79, 80, 86, 87,
       89, 94])]

Stationary distribution

[ 0.04741492  0.03206525  0.23791217  0.14063804  0.0905595   0.10627806
  0.15540874  0.18972333]

Macrostate lifetimes

[  4854.22794737   6844.99786816  27652.2605005   15790.08675296
  41820.23607705  23107.34706447  50139.68046461  14093.82541172]

Timescales

[ 67895.90834377  36959.83521281  30936.95513494  19490.30726256
  11390.36710644   6636.33858383   4053.20598355]