Metastable sets

[array([ 8, 19, 20, 23, 29, 32, 35, 36, 49, 63, 78, 81])
 array([18, 27, 47, 69]) array([ 1, 43, 48, 67, 76])
 array([ 4, 10, 12, 24, 56, 90, 96])
 array([ 5, 17, 40, 57, 65, 70, 72, 83, 84, 97])
 array([ 0,  9, 14, 22, 31, 39, 71, 77, 91, 92, 99])
 array([ 3,  7, 13, 16, 21, 25, 33, 37, 41, 42, 44, 58, 60, 62, 66, 68, 73,
       74, 75, 82, 85, 88, 93, 95, 98])
 array([ 2, 28, 34, 46, 52, 53, 64])
 array([ 6, 11, 15, 26, 30, 38, 45, 50, 51, 54, 55, 59, 61, 79, 80, 86, 87,
       89, 94])]

Stationary distribution

[ 0.04745956  0.00542917  0.03194111  0.23859     0.14400338  0.09072018
  0.10944377  0.14239198  0.19002085]

Macrostate lifetimes

[  4854.15819295   2363.01621086   6803.52715335  27648.58068542
  15579.15465327  41808.69881042  20158.58293235  36722.29132017
  14104.20536827]

Timescales

[ 66728.94440006  33848.51774743  27901.1029671   19459.79074735
  11195.59841295   6600.58842008   4052.49201838   2325.28246549]