# iteration | simulation time (ps) | potential_energy (kT) | kinetic_energy (kT) | ns per day
         0      1.0 -3751.942 3193.814 439.547
         1      2.0 -4122.058 3193.317 424.723
         2      3.0 -4365.168 3170.378 422.631
         3      4.0 -4395.195 3239.051 420.602
         4      5.0 -4517.234 3242.898 417.365
         5      6.0 -4511.441 3262.221 419.754
         6      7.0 -4839.456 3212.909 420.143
         7      8.0 -4828.018 3265.518 421.904
         8      9.0 -4802.506 3306.960 423.669
         9     10.0 -4824.005 3296.767 423.004
        10     11.0 -4929.431 3340.635 421.657
        11     12.0 -4952.588 3183.707 423.681
        12     13.0 -4878.037 3203.972 422.669
        13     14.0 -4975.769 3164.525 422.930
        14     15.0 -5040.735 3142.875 422.986
        15     16.0 -5078.169 3298.663 422.171
        16     17.0 -5023.439 3190.871 422.425
        17     18.0 -5175.593 3184.041 422.989
        18     19.0 -5106.197 3162.642 423.104
        19     20.0 -5111.360 3231.335 422.990
        20     21.0 -5117.209 3121.526 423.906
        21     22.0 -5164.296 3235.936 423.151
        22     23.0 -5181.774 3204.593 423.386
        23     24.0 -5195.588 3234.915 423.143
        24     25.0 -5276.793 3232.368 423.672
        25     26.0 -5187.930 3315.406 423.746
        26     27.0 -5231.661 3245.201 423.881
        27     28.0 -5168.916 3222.282 423.930
        28     29.0 -5243.924 3271.294 424.230
        29     30.0 -5192.557 3280.264 424.017
        30     31.0 -5176.709 3222.853 424.140
        31     32.0 -5220.522 3186.902 423.767
        32     33.0 -5275.420 3183.402 423.359
        33     34.0 -5303.548 3290.998 423.783
        34     35.0 -5307.369 3114.036 424.191
        35     36.0 -5209.157 3157.622 423.748
        36     37.0 -5258.367 3260.946 423.848
        37     38.0 -5252.219 3321.515 424.037
        38     39.0 -5164.901 3182.437 414.171
        39     40.0 -5270.179 3212.060 414.266
        40     41.0 -5223.163 3102.242 414.384
        41     42.0 -5248.463 3212.067 414.804
        42     43.0 -5168.132 3312.674 414.972
        43     44.0 -5222.007 3299.780 414.955
        44     45.0 -5339.823 3240.183 415.316
        45     46.0 -5339.286 3272.757 415.793
        46     47.0 -5345.158 3258.200 415.920
        47     48.0 -5268.277 3296.556 416.234
        48     49.0 -5247.240 3313.211 416.326
        49     50.0 -5293.643 3133.623 416.823
        50     51.0 -5368.405 3332.117 416.900
        51     52.0 -5345.570 3263.573 416.362
        52     53.0 -5416.900 3187.860 416.731
        53     54.0 -5332.198 3127.529 416.430
        54     55.0 -5259.579 3211.504 417.168
        55     56.0 -5307.809 3201.592 417.440
        56     57.0 -5284.387 3158.703 417.321
        57     58.0 -5262.036 3221.003 417.676
        58     59.0 -5266.782 3289.523 417.502
        59     60.0 -5363.429 3129.530 417.627
        60     61.0 -5320.637 3290.925 417.748
        61     62.0 -5319.257 3311.019 417.803
        62     63.0 -5354.907 3223.861 417.926
        63     64.0 -5300.944 3141.796 417.885
        64     65.0 -5336.691 3242.892 418.191
        65     66.0 -5330.388 3257.252 418.381
        66     67.0 -5315.655 3191.804 418.492
        67     68.0 -5485.899 3235.375 418.611
        68     69.0 -5214.782 3284.638 418.729
        69     70.0 -5359.021 3125.134 418.724
        70     71.0 -5375.793 3323.753 419.024
        71     72.0 -5259.701 3167.453 418.793
        72     73.0 -5360.917 3369.702 418.958
        73     74.0 -5390.236 3190.262 419.203
        74     75.0 -5340.973 3190.040 419.094
        75     76.0 -5343.687 3153.673 419.289
        76     77.0 -5381.647 3188.067 419.127
        77     78.0 -5257.681 3142.199 419.432
        78     79.0 -5383.226 3160.855 419.387
        79     80.0 -5335.613 3249.376 419.604
        80     81.0 -5339.656 3150.639 419.728
        81     82.0 -5375.622 3234.978 419.566
        82     83.0 -5290.724 3193.153 419.794
        83     84.0 -5390.979 3246.376 415.432
        84     85.0 -5333.632 3240.202 415.418
        85     86.0 -5419.081 3202.968 415.439
        86     87.0 -5252.858 3396.356 415.628
        87     88.0 -5302.857 3229.590 415.690
        88     89.0 -5343.432 3141.293 415.762
        89     90.0 -5320.467 3179.187 415.777
        90     91.0 -5349.956 3238.254 416.027
        91     92.0 -5323.130 3162.794 416.216
        92     93.0 -5350.828 3331.407 416.252
        93     94.0 -5420.909 3242.568 416.348
        94     95.0 -5366.928 3181.686 416.432
        95     96.0 -5412.399 3198.037 416.531
        96     97.0 -5412.289 3196.858 416.529
        97     98.0 -5412.245 3274.369 416.620
        98     99.0 -5425.817 3144.574 416.655
        99    100.0 -5253.962 3222.389 416.401
