[[ -945040.66280851 -1677128.70037853]
 [  734873.09595142   196604.98582314]
 [  434451.35459109  1341496.12142489]
 [  970452.64446826  -532547.68146807]
 [   55961.03363745  -394339.21230263]
 [   37760.39676711  -143786.4312765 ]
 [   36619.98687776   150536.94765821]
 [ -818229.31812242   495857.96537794]
 [    3133.45707207    77604.29015622]
 [ -271910.12543543   368359.9766243 ]
 [  -87002.61645572  -153288.30778129]
 [ -717199.3026426   -641763.34778849]
 [    6043.43129817   494586.50253872]
 [ -275473.97629889   532773.03137763]
 [ -121783.64214965   458032.04504726]
 [ -114835.86377989  -317718.23566129]
 [   23899.52182483  -126189.87114862]
 [ -229985.15428411  -154575.73180991]
 [  268119.43679374  -395794.5962756 ]
 [  250047.61710911  -311774.91912663]
 [  443465.09202455   315320.64569362]
 [  -73928.94041326   267961.33004004]
 [   -2081.08200798  -116093.27288807]
 [  392643.6159829    265866.46614366]]