[[   -4484.76516527  1924663.55293093]
 [  548348.4110428   -515327.15839144]
 [ -286754.57762662 -1382381.22007102]
 [ 1090381.48139936   -71614.68668914]
 [   58089.91794027   354248.89450474]
 [   65757.31289377   125723.86824459]
 [ -104290.63341864  -108599.47346759]
 [ -965299.13008917    28078.86070337]
 [  -14059.43268874   -90572.25084064]
 [ -390370.4544842   -275217.33480521]
 [  149547.60171236   112352.8803309 ]
 [  440677.82369574   872205.87251219]
 [ -232482.28781078  -443102.85181788]
 [ -538951.32626554  -247957.97712193]
 [ -335129.2612645   -377291.84586707]
 [  278235.43403011   228060.07847214]
 [   58925.80875728   103356.84120242]
 [  262905.94412959    84139.05742069]
 [ -233434.25224677   385491.31232045]
 [ -182093.17398416   328711.36246423]
 [  238900.7432396   -487260.17443431]
 [ -193102.92038102  -213375.62614056]
 [   71179.6062315     85333.01150525]
 [  217502.13035303  -419664.99296509]]