[[ -553813.40384684  1846210.34697087]
 [ -734664.11703744  -133749.18540859]
 [  398103.35202042 -1353528.93877229]
 [ 1064470.047306     225862.83637146]
 [  -98000.81541817   357196.44688336]
 [  -16179.05199814   141790.69714526]
 [  -61913.26544798  -159136.98454802]
 [ -680645.90161167  -707486.85191676]
 [   19168.36181304   -82877.13853552]
 [  344502.76473977  -360037.49486648]
 [   82210.35689522   168175.93785036]
 [  238477.37247066   954284.15920879]
 [  417295.78439489  -269997.59040647]
 [  163063.68137149  -555686.34591907]
 [  234738.86957596  -414365.26492772]
 [  137046.99994072   324590.07523422]
 [   -9950.65576972   120077.93414948]
 [  216552.32793289   193909.22211826]
 [ -358309.64743948   293482.57566096]
 [ -297581.36592804   244448.28289336]
 [ -347283.72269071  -370484.39380473]
 [  132079.96823885  -252384.06373963]
 [   13398.53213945   112830.56599846]
 [ -302766.47165116  -323124.82763958]]