[[ -877429.21245016 -1713053.83213628]
 [  710381.50167975   256972.98000841]
 [  291195.13643445  1381394.391927  ]
 [ 1029233.84632405  -384352.82417354]
 [  116206.68506429  -371816.29938389]
 [  107031.81957273  -122368.85083534]
 [  -37210.56178557   145878.39467739]
 [ -883354.50089093   383553.44609675]
 [   17376.64195535    85761.71888237]
 [ -277500.57936081   411991.98282069]
 [   22668.80716258  -173052.7351313 ]
 [  -25515.53402612  -978184.1469574 ]
 [ -170277.54423478   451903.5609773 ]
 [  -93041.40292888   588005.78772173]
 [ -343705.51104875   333758.90503927]
 [  263677.03371595  -247464.20975527]
 [   74726.41682939  -110113.72847933]
 [  -35718.00671495  -245759.52340815]
 [ -343884.11536689  -276921.29403745]
 [ -274600.45166051  -247308.09109361]
 [  409258.83118396   358559.67050057]
 [  -89273.23764107   270202.27004077]
 [   47209.22425406  -104590.52931993]
 [  362544.71393285   307002.95601925]]