[[  3.37393007e+05   1.89445606e+06]
 [ -6.08186279e+05  -4.61908261e+05]
 [  1.00642022e+06  -9.70750156e+05]
 [ -1.11101363e+06   1.17485212e+05]
 [ -2.25789504e+05   3.42286928e+05]
 [ -1.05027507e+05   1.15685534e+05]
 [ -1.34196367e+04  -1.75492804e+05]
 [ -1.64521275e+05  -9.68026647e+05]
 [  2.66791699e+04  -7.22365855e+04]
 [  4.10025130e+05  -2.13630345e+05]
 [ -7.93931513e+02   1.77412765e+05]
 [  4.22741377e+05   8.61591148e+05]
 [  3.50942107e+05  -3.28730829e+05]
 [  5.55283145e+05  -1.20939484e+05]
 [  2.63381479e+05  -3.97081523e+05]
 [ -4.60839737e+04   3.41904263e+05]
 [ -8.58681013e+04   1.04112074e+05]
 [  1.26683702e+05   2.43063174e+05]
 [ -4.18003316e+05   2.54885068e+05]
 [ -3.69274077e+05   1.81540013e+05]
 [ -2.60906508e+05  -4.52294514e+05]
 [  1.94873537e+05  -1.84619237e+05]
 [ -5.83357927e+04   1.06066132e+05]
 [ -2.27199344e+05  -3.94777981e+05]]