[[ 1765543.82522594   767599.21251512]
 [ -286892.40329253  -707426.99681951]
 [-1388881.59979549  -244426.50761579]
 [  413089.55366536 -1028798.2158012 ]
 [  384485.5550676   -107022.83466132]
 [  138232.69162483   -56445.22821862]
 [ -153084.11720651   -17862.2804455 ]
 [ -398612.55270916   870526.87391422]
 [  -76993.30342408     5819.19416459]
 [ -391075.33006093   252072.72057025]
 [  162716.40303089    66223.32142453]
 [  733258.99124517   619642.55415388]
 [ -492767.97221696    47077.37427011]
 [ -397574.16512985   405397.10643199]
 [ -465894.12255947   167518.95226548]
 [  329557.46632528    71338.9642738 ]
 [  122457.4329339    -40556.33628923]
 [  181555.10502691   207095.28491528]
 [  359818.12198414  -317067.61145549]
 [  278553.39809931  -288572.02407243]
 [ -366391.58938779  -404494.01264204]
 [ -255879.33309342   105842.30480245]
 [  115562.10411474   -13551.87158703]
 [ -310784.15946788  -359929.94409354]]