[[ -8.39172463e+05  -1.73271039e+06]
 [ -2.49428324e+05   7.18563660e+05]
 [  8.64009478e+05   1.11433100e+06]
 [ -9.86059739e+05   5.04582535e+05]
 [ -3.59208522e+05  -1.72874727e+05]
 [ -1.40665665e+05  -4.75794664e+04]
 [  1.17047473e+05   9.30134206e+04]
 [  8.69154075e+05  -3.98368855e+05]
 [  5.53813122e+04   5.60594293e+04]
 [  4.10459919e+05   2.67285019e+05]
 [ -7.91367716e+04  -1.56415224e+05]
 [ -1.38337045e+05  -9.51167411e+05]
 [  4.64603933e+05  -6.43291524e+04]
 [  5.90241904e+05   9.98947613e+04]
 [  4.40601733e+05   1.77011617e+05]
 [ -2.00832658e+05  -2.71007899e+05]
 [ -1.18263896e+05  -4.99773745e+04]
 [ -1.23650699e+03  -2.75505254e+05]
 [ -4.78740878e+05   1.37085092e+03]
 [ -3.98779309e+05   3.34031171e+04]
 [  1.20698212e+04   5.43348632e+05]
 [  2.61836866e+05   1.03164631e+05]
 [ -9.53896119e+04  -6.55701459e+04]
 [ -1.55125639e+02   4.73477227e+05]]