[[ 1836697.96847173   572698.34943948]
 [  340187.25669224  -663769.57104936]
 [ -631397.7635194  -1256724.99571049]
 [ -404077.70041453  1010387.73854842]
 [  305140.74320611   191795.25272714]
 [  103591.01606716    92668.27619909]
 [ -129111.51147624   -90877.08901158]
 [ -934825.2476901    298992.76948843]
 [  -70031.20801375   -47231.46548905]
 [ -474670.83237938  -107379.40710795]
 [   56374.11481395   180461.0063785 ]
 [  665010.25621262   722099.90917355]
 [ -493259.79756613    45241.39023778]
 [ -563600.51049891  -252555.84435342]
 [ -391322.83444237  -290059.93451284]
 [  117714.87107506   341475.86097409]
 [   84041.7975966     81604.96953211]
 [  -17954.24137271   286648.00802319]
 [  435409.31132739   -63600.47927739]
 [  361099.46661802   -41740.13823048]
 [    8089.30073648  -532283.49313967]
 [ -272799.011478    -109569.49359844]
 [   62130.87515013    93855.30625559]
 [    7563.68088404  -462136.92549671]]