[[  1.65936893e+06  -9.75991770e+05]
 [ -1.87540381e+05   7.37714064e+05]
 [ -1.33694692e+06   4.48288782e+05]
 [  5.44834211e+05   9.64241760e+05]
 [  3.95560185e+05   5.16399661e+04]
 [  1.44726119e+05   3.65315981e+04]
 [ -1.49212167e+05   3.50353369e+04]
 [ -5.04935884e+05  -8.11592299e+05]
 [ -7.66572925e+04   6.48035460e+03]
 [ -4.88700150e+05  -8.75307661e+01]
 [  1.52584511e+05  -8.85878816e+04]
 [  6.32938265e+05  -7.24362855e+05]
 [ -4.72417079e+05  -1.06520882e+05]
 [ -5.34225590e+05  -2.70458709e+05]
 [ -3.67530913e+05  -2.63166333e+05]
 [  3.16768578e+05  -1.18031404e+05]
 [  1.27019645e+05   2.27120523e+04]
 [  1.51891098e+05  -2.31457629e+05]
 [  3.99830456e+05   2.63545794e+05]
 [  3.15503926e+05   2.46621086e+05]
 [ -3.09378672e+05   4.48000337e+05]
 [ -2.69599523e+05  -6.40861800e+04]
 [  1.16554251e+05  -3.11368625e+03]
 [ -2.60435602e+05   3.96646029e+05]]