[[ 1393357.16122235  1331126.26632917]
 [ -493867.27452296   551152.38442215]
 [-1398853.70952422  -136910.88485108]
 [  179397.97591    -1102599.68589875]
 [  372596.18746189   100954.62444024]
 [  130977.84131728    45332.46927209]
 [  -61055.93458522  -135165.27187798]
 [  577793.25933911  -725821.83537414]
 [  -85963.29237486   -27405.26166018]
 [ -353244.89947256  -316734.17556995]
 [   90851.22629924   146419.69730268]
 [  391685.58675317   890296.21317167]
 [ -152304.36255883  -463546.11823893]
 [ -497207.12929529  -349875.39437697]
 [ -294036.07683196  -400799.19909133]
 [  229387.26028879   243639.34953915]
 [  108571.78274908    42009.35962807]
 [   45155.51117301   268679.19275115]
 [  470544.83073326   -92125.48742983]
 [  386229.20756113  -105979.3269024 ]
 [ -493022.79504815   197814.38166945]
 [ -208659.40813369  -193447.28580279]
 [   89266.99143884    59344.94178732]
 [ -427599.93989942   173641.04676118]]