[[ 1224488.39389597  1493194.38403543]
 [ -610698.73291016   440394.78262747]
 [ -710921.50853832 -1218784.33044224]
 [  921662.93911463  -571235.59683027]
 [  365230.75684018   146268.2320385 ]
 [  140535.31716043    33821.27854139]
 [ -164710.14825417   -65512.0289858 ]
 [ -985818.28670815   -10689.09231149]
 [  -55831.00751398   -68143.36980904]
 [  -33764.47655673  -484284.16325353]
 [  123796.86215167   121524.17345913]
 [  497380.78016675   829932.33667597]
 [ -164160.84816795  -469756.06119295]
 [   99168.24517244  -584394.22672391]
 [ -265859.39772069  -416033.6908931 ]
 [  356616.87064443   -19994.02572111]
 [  105708.83075631    48361.00507056]
 [  180987.15627138   191388.46038548]
 [  -41076.7945377    440391.68703859]
 [  -18302.37931048   366341.00261917]
 [ -513890.20466879     6167.00063486]
 [  -86877.44035631  -273616.02872682]
 [   85271.4468574     60100.87068185]
 [ -448936.37378815     4557.40108187]]