[[ 1304083.51511023  1415854.1180718 ]
 [ -532015.38804537  -548613.39450309]
 [  197394.70733028 -1390488.69082901]
 [ -841114.61588522   721175.02052253]
 [  -20176.10764837   409514.47954541]
 [  -24437.08164057   153473.61837523]
 [ -106063.75846655  -128574.2789055 ]
 [ -956504.21586564  -206827.64734789]
 [   -6228.88922178   -76956.49182699]
 [   63104.0622498   -472569.98631246]
 [   95165.72512874   153641.10379517]
 [  818540.93718077   504465.12498016]
 [  144733.49458162  -461968.13083822]
 [  424637.25366346  -397827.83502691]
 [  262360.20805227  -386876.81120701]
 [  135759.67187664   320375.59997954]
 [  -15371.86341379   132818.14320469]
 [  237246.03111922   144998.95458213]
 [ -235247.76152587   421386.39548602]
 [ -231439.18061631   334547.6975263 ]
 [ -434293.56011709  -261664.72599655]
 [   82010.84484749  -255674.42196223]
 [    9261.08575067   120732.86629603]
 [ -371405.11444463  -244940.70760916]]