[[ 1071457.29214148 -1601458.33624822]
 [  249193.22970438   725014.75350471]
 [-1400941.30773943   -10002.45049428]
 [  954757.9402345    552891.24171971]
 [  333470.4217382   -197244.95043558]
 [  130149.86769074   -59038.20513385]
 [ -108597.41930849   150346.72985647]
 [ -447584.29006908   885174.50708631]
 [  -66590.0858907     57720.27273788]
 [ -480491.18836356   -44201.53590919]
 [  195522.33423229   -17307.58549184]
 [  378134.61787339  -887468.32847712]
 [ -459871.06838461  -163525.0747418 ]
 [ -536002.37200021   223531.76766945]
 [ -466226.67080735    74002.33526176]
 [  392128.55861733    -2638.91592191]
 [  114373.76449681   -40874.75881872]
 [  266399.89452499    61001.28922696]
 [   28422.79710883  -408599.93532389]
 [   73618.21236598  -335045.22915058]
 [  -31564.34535585   531961.75846724]
 [ -274458.32025253    61155.23761757]
 [  114975.20734194   -20122.94501932]
 [  -30277.06989906   464728.35801827]]