[[ 1900672.36738816  -306248.36856067]
 [ -610360.51172945  -449977.82847365]
 [-1324093.32547908   484168.23956625]
 [ -206899.61742065 -1086742.37823134]
 [   64822.67961794  -368540.44544753]
 [   79251.58037688  -121672.521133  ]
 [ -118919.20048808    91612.75091099]
 [  120128.55144787   950536.60959478]
 [  -71385.41394716    37148.17494986]
 [ -210033.62060045   418255.12881204]
 [  170417.58639431   -32339.90182234]
 [  948313.51650336   158348.52940247]
 [  -62321.10761449   474046.86881703]
 [ -346629.51449755   496521.22159327]
 [ -371258.81813664   308105.59423148]
 [  314422.7717454   -116589.37742357]
 [   79167.06975509   -98944.48580738]
 [  264325.11374241    75077.99889374]
 [  242604.25387326  -425479.81517287]
 [  205834.67069952  -356278.45601635]
 [ -523767.02168152  -144117.0048791 ]
 [ -176907.94147158   221262.85410059]
 [   86638.71953071   -73264.17159594]
 [ -454022.78800826  -134889.21630876]]