[[-1635822.41351311 -1019131.89673765]
 [  233208.10095738  -675129.19517536]
 [ 1391059.51438921  -219262.06586888]
 [ -501507.09863439   993283.10067147]
 [ -400416.48902207    74637.57929854]
 [ -154437.81213281    26507.0123409 ]
 [  134678.41248731    97243.48975382]
 [  552790.88716558   817402.94440391]
 [   76577.56920864    -5492.68485347]
 [  480664.73085528   -37323.70076895]
 [ -156531.59766475   -90167.72770466]
 [ -671976.03821785  -686912.20665735]
 [  482810.63788354   114042.07683408]
 [  478420.83594778  -305140.96477465]
 [  435724.0686729   -148977.47126484]
 [ -327223.63232842  -102668.87630488]
 [ -133086.36049683    19264.9084755 ]
 [ -156344.77396989  -224585.10646184]
 [ -396699.27321979   291579.59572682]
 [ -316211.89581559   268241.41309003]
 [  226418.81508012   466754.18908526]
 [  267453.02863767   -45337.47806153]
 [ -121125.18759816    -5365.07429312]
 [  211575.97132827   396538.13924684]]