[[ -230278.77814989  1909607.64547754]
 [  592166.15223748  -482686.93283934]
 [-1108386.34200521  -851083.10064683]
 [ 1114146.00903893    72413.26683362]
 [  232821.85540402   336224.01142544]
 [  108751.80444304   111929.45332826]
 [    8872.94635315  -177042.83655058]
 [  133691.13492821  -977012.10187659]
 [  -27102.05602904   -72804.84390447]
 [ -352098.59420533  -294483.19324419]
 [    6543.1571715    177154.68113269]
 [ -410535.99699558   868842.71769514]
 [ -423396.15973249  -216881.64339138]
 [ -329495.53584068  -462961.77465644]
 [ -466464.23313544  -105332.70544342]
 [   51262.88872086   341103.05450563]
 [   88954.99294399   101253.41524858]
 [ -120849.29598536   247072.45174037]
 [  423890.48726092   244150.65829187]
 [  373644.51763994   172157.98890312]
 [  248922.72556514  -458126.98145724]
 [ -193005.70239721  -187808.19873404]
 [   61543.19657748   104019.24051811]
 [  216400.82619155  -399704.27235588]]