[[-1881724.69679164  -405279.45524795]
 [   38291.70278422  -725849.72110128]
 [ 1171649.7289229   -773442.88143525]
 [ -205437.6095696   1083996.30308181]
 [ -256503.88544527   318209.44135751]
 [ -125485.87926618    65778.68170833]
 [  153838.25204438    31159.9765207 ]
 [  656977.52372509   733896.16951508]
 [   81165.38997813   -32692.0089589 ]
 [  472788.32222833   120272.48588528]
 [ -170649.656164     -32176.69207752]
 [ -845608.43532716  -445498.04194356]
 [  425425.42653487   268992.79454384]
 [  617622.87063146    49102.25220621]
 [  481155.36400226   -76940.07534985]
 [ -127067.38323933   295001.8980882 ]
 [ -103145.57730365    68269.28528672]
 [ -223431.86857947  -141714.80830311]
 [ -416155.48808445   241639.91699632]
 [ -367837.67173137   160529.59815791]
 [  234188.00810074  -461750.86856598]
 [  293361.31397942    22081.53669719]
 [ -101012.47219332    37991.73572982]
 [  197596.72076362  -401577.52279152]]