[[  5.85905346e+05  -1.83386292e+06]
 [ -6.77143083e+05   3.45835329e+05]
 [ -1.48869065e+05   1.40218013e+06]
 [ -1.06089473e+06  -3.17435192e+05]
 [ -1.38899122e+05  -3.73385082e+05]
 [ -6.82444467e+04  -1.31677160e+05]
 [  2.01395499e+04   1.48258974e+05]
 [  9.03377499e+05   3.13990224e+05]
 [  1.52032873e+03   7.88200081e+04]
 [  1.11450809e+05   4.77109344e+05]
 [  5.15077440e+04  -1.67576437e+05]
 [  5.60625235e+05  -7.81242397e+05]
 [  3.80086951e+05   2.75360677e+05]
 [  3.57021058e+05   4.80850613e+05]
 [  1.95689025e+05   4.32817634e+05]
 [  4.34745000e+04  -3.34496875e+05]
 [ -5.04386109e+04  -1.17883214e+05]
 [  1.90253016e+05  -1.99529555e+05]
 [ -3.45939857e+05  -3.30479750e+05]
 [ -3.10432151e+05  -2.52061689e+05]
 [ -3.67194787e+05   4.00408476e+05]
 [  1.17785324e+05   2.55776798e+05]
 [ -2.31289521e+04  -1.13303047e+05]
 [ -3.27651582e+05   3.41525108e+05]]