[[  1.34282249e+06   1.37942414e+06]
 [ -7.59598356e+05   6.63690653e+02]
 [ -7.74255896e+05  -1.17849902e+06]
 [ -8.00720999e+05   7.63838064e+05]
 [  4.79517903e+04   3.94787196e+05]
 [ -3.29329121e+01   1.47819363e+05]
 [ -4.87558888e+04  -1.41647305e+05]
 [  6.62158218e+05  -6.91111551e+05]
 [ -3.43275527e+04  -7.12266838e+04]
 [ -1.17727397e+05  -4.76008669e+05]
 [  1.22878134e+05   1.25074844e+05]
 [  8.58006331e+05   4.36308652e+05]
 [  2.13272957e+05  -4.19057042e+05]
 [  9.89533357e+04  -5.91411420e+05]
 [ -2.25736820e+04  -4.74967250e+05]
 [  1.92843794e+05   2.76695303e+05]
 [  9.47367988e+03   1.27416126e+05]
 [  2.61079881e+05   9.00398836e+04]
 [ -1.56138719e+05   4.51352255e+05]
 [ -1.60248001e+05   3.65513149e+05]
 [ -5.08712578e+05  -1.89200613e+05]
 [ -1.13719863e+04  -2.81859376e+05]
 [  3.17082936e+04   1.10885105e+05]
 [ -4.46684919e+05  -1.54828844e+05]]