[[ 1917242.36138093   173284.10026835]
 [  168631.67531246  -711250.46912539]
 [ -906694.53685384 -1072456.05702854]
 [  -96231.824254    1099734.75115704]
 [  272658.62882517   289589.23154049]
 [  109595.37144871   100141.42739676]
 [ -160574.77701566     7743.22053379]
 [ -842644.95481178   509473.32934764]
 [  -72888.66067145   -48743.36361408]
 [ -485589.37806131   -14474.69691232]
 [  172124.75732263    12714.14338429]
 [  946891.78892365  -145512.33638263]
 [ -479788.37864548   139364.81185963]
 [ -604041.35389716  -128837.66053172]
 [ -439312.21292842  -204028.52536805]
 [  321382.37257626   100460.23219864]
 [   93760.1021777     84123.69483691]
 [  250662.25472236   -88506.77163223]
 [  130091.31065565   459347.45030433]
 [   78884.09434642   394653.59112535]
 [ -101170.72584509  -511343.25974341]
 [ -285171.618345     -60000.76394142]
 [   96137.45793787    57731.23227377]
 [  -83953.75430064  -443207.3119472 ]]