[[ -207087.79473698 -1912947.88523215]
 [ -503760.47683224   555597.97172125]
 [  832403.35999801  1142123.94601808]
 [-1076345.51078801   231657.68505923]
 [ -303792.47630317  -245923.14375017]
 [  -77500.07726133  -121412.85571341]
 [  128056.81398278    88119.11774777]
 [  939740.22610739  -141671.52714977]
 [   10968.97777837    88421.17614214]
 [  222613.39886946   438769.36445211]
 [ -176621.60457235   -83481.02781578]
 [ -559486.53848428  -807964.7689612 ]
 [  -63460.47200554   464394.43419862]
 [   -3541.06255328   619022.84807985]
 [  135061.29675969   472756.94770824]
 [ -140649.23581145  -289403.22417008]
 [  -68205.05819568  -101609.69789626]
 [ -292574.64772143   -45703.5731871 ]
 [  170082.10684135  -414011.81032452]
 [  128853.95114774  -350776.15903647]
 [  499399.4136606    116366.97598281]
 [   60230.01554853   276519.68537246]
 [  -83975.77337426   -81604.69035818]
 [  429591.16794607   102760.21111252]]