[[  7.26384890e+04  -1.92591768e+06]
 [  7.40088287e+05  -1.11215621e+04]
 [  8.40569400e+05   1.12584788e+06]
 [ -9.38170460e+05   6.05853540e+05]
 [ -1.81531512e+05  -3.40677230e+05]
 [ -5.72146018e+04  -1.25669065e+05]
 [ -5.89730714e+04   1.38059924e+05]
 [ -9.25823634e+05   6.26358908e+04]
 [  3.74597114e+04   8.23829443e+04]
 [ -8.35352509e+04   4.73389058e+05]
 [  4.43000220e+04  -1.65512326e+05]
 [  3.74507242e+05  -8.95107382e+05]
 [ -2.31437944e+05   4.27931667e+05]
 [ -2.61274136e+04   6.17439655e+05]
 [  1.00480560e+05   4.74388668e+05]
 [  1.97299375e+04  -3.32903082e+05]
 [ -4.40252229e+04  -1.07313516e+05]
 [  1.64841297e+05  -2.15658891e+05]
 [ -3.88253432e+05  -2.81762169e+05]
 [ -3.41309456e+05  -2.09482117e+05]
 [  4.81637245e+05   2.27352254e+05]
 [ -1.09341311e+03   2.86261041e+05]
 [ -1.82758216e+04  -1.05008279e+05]
 [  4.19519042e+05   1.94590774e+05]]