[[ 1886939.56380936  -383608.67928637]
 [ -443114.03253595  -581643.4894455 ]
 [-1406617.51439599   136721.54950336]
 [  251967.25113197  1075272.45850877]
 [  372369.14921182   107020.57556701]
 [  142341.58824485    24312.97685041]
 [ -148787.95370199   -56021.48479249]
 [ -224931.7168396   -920252.2930586 ]
 [  -82834.8721154     17903.71736665]
 [ -416595.68276094   271698.7171985 ]
 [  153833.92441195   -85124.00173335]
 [  804654.41383897  -536564.97837379]
 [ -292103.43711575   372305.8397407 ]
 [ -410685.65395932   469949.93276598]
 [ -472908.79944491   164177.82781162]
 [  318553.46579334   -99077.93791791]
 [  120953.62621544    16939.57993919]
 [  170045.58451789  -215259.22641772]
 [  344570.15684337   333346.15940096]
 [  279275.78645818   289282.20026369]
 [ -441630.35099811  -276829.42421891]
 [ -248824.0400016    140755.40816685]
 [  110966.14685884    -7502.19144592]
 [ -367436.60346641  -257803.23639314]]