[[  1.45294607e+06   1.26565794e+06]
 [ -4.29696463e+05  -6.31242361e+05]
 [ -1.40024663e+06   1.24506472e+05]
 [  8.19493385e+04  -1.11034731e+06]
 [  3.02368351e+05  -1.94462696e+05]
 [  1.32964538e+05  -3.38246361e+04]
 [ -1.16743402e+05  -1.05177988e+05]
 [  5.15502269e+05  -7.71195370e+05]
 [ -8.38713878e+04  -5.89378144e+02]
 [ -4.52706426e+05   1.92053328e+05]
 [  1.41174329e+05   9.36041208e+04]
 [  4.98884963e+05   8.27757647e+05]
 [ -4.81510282e+05   5.01044028e+04]
 [ -3.97776282e+05   4.38648058e+05]
 [ -3.86714345e+05   2.76746688e+05]
 [  3.00084387e+05   1.49022437e+05]
 [  1.17821450e+05  -1.60419195e+04]
 [  1.34966187e+05   2.40565169e+05]
 [  4.85953137e+05  -8.60468112e+04]
 [  4.06726148e+05  -9.44243149e+04]
 [ -3.69353367e+05  -3.74680756e+05]
 [ -2.57820106e+05   9.57253238e+04]
 [  1.07987962e+05   8.22161991e+03]
 [ -3.02890444e+05  -3.44579663e+05]]