[[  1.78499671e+06  -7.26042026e+05]
 [ -1.49895161e+05  -6.83055807e+05]
 [ -1.20114929e+06   7.35121731e+05]
 [  3.81934984e+05   1.03229006e+06]
 [  3.97874085e+05   7.04677120e+04]
 [  1.40863468e+05   2.82991491e+04]
 [ -1.44722164e+05  -6.80076249e+04]
 [ -6.69516461e+05  -7.15488962e+05]
 [ -8.24502268e+04   1.51501463e+04]
 [ -4.77314906e+05   1.11793693e+05]
 [  1.53222688e+05  -9.41298912e+04]
 [  7.24679753e+05  -6.39847258e+05]
 [ -4.78971832e+05  -9.90991027e+03]
 [ -6.01655147e+05  -1.13656642e+05]
 [ -4.26643910e+05  -1.79191217e+05]
 [  3.16816911e+05  -4.92042042e+04]
 [  1.20724418e+05   2.30957783e+04]
 [  1.70962608e+05  -2.21004937e+05]
 [  3.70373340e+05   3.05291891e+05]
 [  2.92929672e+05   2.75164799e+05]
 [ -2.39611296e+05   4.89517651e+05]
 [ -2.79428405e+05  -1.55473648e+02]
 [  1.12514551e+05  -5.62570901e+03]
 [ -2.16534390e+05   4.19127049e+05]]