[[  4.15481370e+05  -1.87997347e+06]
 [  7.15589512e+05   5.63091835e+04]
 [  8.05076385e+05   1.15111059e+06]
 [ -1.09153059e+06  -1.86126653e+05]
 [ -3.21801650e+05  -1.97079817e+05]
 [ -5.90704960e+04  -1.42365130e+05]
 [ -5.69327761e+04   1.47427792e+05]
 [ -7.17161787e+05   6.75442011e+05]
 [  3.30042779e+04   7.46575098e+04]
 [  6.77456129e+04   4.76404628e+05]
 [  4.63062939e+04  -1.74579169e+05]
 [  4.79722630e+05  -8.32780038e+05]
 [ -1.62213175e+05   4.83713227e+05]
 [ -1.42274772e+04   6.19548588e+05]
 [  1.98017966e+05   4.43596340e+05]
 [  1.55283131e+03  -3.42906917e+05]
 [ -5.33910644e+04  -1.20599482e+05]
 [  1.69991742e+05  -2.13778237e+05]
 [ -3.46479312e+05  -3.61188750e+05]
 [ -2.82103101e+05  -3.14872515e+05]
 [  4.33561547e+05   2.08496782e+05]
 [  4.50289369e+04   2.78145700e+05]
 [ -2.57066748e+04  -1.15374547e+05]
 [ -2.80460996e+05   2.66772384e+05]]