[[ 1261798.41460436 -1449364.36260494]
 [ -498175.38455485  -576866.0607333 ]
 [ -861182.54130406  1118213.53125965]
 [ 1031798.33966778   100771.71874425]
 [  257103.2283612   -284178.98346305]
 [  105357.6838206    -93489.34653393]
 [ -179890.40282289    25236.08783491]
 [ -978446.35791274  -131621.55193364]
 [  -70202.13081465    57402.4501153 ]
 [ -358967.60583259   331885.43195189]
 [  171940.01875547    -8013.44152912]
 [  822361.64246051   523602.35964197]
 [ -307935.12305904   394946.19297506]
 [  -57685.31976938   587730.6869452 ]
 [ -165021.45562455   454841.9003081 ]
 [  318486.12700286   -97874.46470596]
 [   91298.70351879   -76066.69076798]
 [  248394.89530683   102031.90073171]
 [   84241.50636976  -466516.03933635]
 [   64647.49654923  -390483.38225035]
 [ -489639.91126936  -171147.87583795]
 [ -153992.71974418   242031.98794567]
 [   93439.09320492   -51308.73122365]
 [ -429728.19691402  -141763.31753347]]