[[ 1875965.8908506    441871.08985418]
 [  392679.63535331  -613479.75241475]
 [-1280382.57972337  -591889.7267469 ]
 [ -475125.46602994  1001369.83531582]
 [  361092.07351913    40782.79966745]
 [   70057.24118097   110302.45828214]
 [  -91448.50056872  -146806.84467629]
 [ -151349.46933023  -958991.07924321]
 [  -81193.34664503   -37298.99961705]
 [ -489140.12739203   -12042.27565661]
 [  159354.90672973    62158.49473982]
 [  820667.967129     530607.76381467]
 [ -409075.8430284   -273794.55028357]
 [ -585691.18295558   128373.20293721]
 [ -483200.33661481  -124277.10407132]
 [  285454.17112608   188102.18827978]
 [   75332.87755021    85623.60334206]
 [  150617.81145861   207696.62638884]
 [   22805.93608607   481589.14079185]
 [   -4242.38904929   408090.11720697]
 [   24720.92638776  -498890.69599266]
 [ -285725.75668107   -60241.54155446]
 [   83097.47875878    65381.86685722]
 [   14728.08188823  -434236.61722119]]