[[-1090197.52449795 -1586359.72144509]
 [  549393.37561854  -484444.17946595]
 [ 1373228.33889265   296097.18482624]
 [ -920673.34369791   606631.39509959]
 [ -382222.82802068  -106794.26632261]
 [ -139051.50320163   -50748.92694764]
 [   69215.83985668   144566.29479884]
 [  -51153.07690953   982711.61891021]
 [   77938.69768378    40681.67041119]
 [  241259.52375105   421058.9773313 ]
 [  -91203.89049134  -146911.97453925]
 [ -303298.62153142  -910891.10983968]
 [  102589.38397914   488032.36581509]
 [  397929.52644408   471938.50316377]
 [  387001.711637     291217.96217391]
 [ -237651.78886793  -238928.54827793]
 [ -117514.47831134   -44148.39724999]
 [  -38421.16403106  -263881.49987541]
 [ -465881.11750706    98923.6985828 ]
 [ -384856.50668094   113855.63844661]
 [  499812.897517    -151803.53139643]
 [  187462.45080955   222794.56610626]
 [  -95316.87823605   -58696.81731594]
 [  431610.97579538  -134900.90298988]]