[[  253234.98644016  1908523.51367261]
 [ -612071.64979884  -452438.10703048]
 [   84515.21464436 -1407484.28112639]
 [-1098531.54723082   127163.49226732]
 [ -313325.19532432   264250.37553939]
 [ -112920.16823242    97301.15115424]
 [   65485.90381124  -134857.52210265]
 [  944267.90934446  -159988.34043151]
 [   17396.43159052   -79292.4249582 ]
 [  412354.68720643  -205364.87890645]
 [    6315.41127154   167116.0263174 ]
 [  448500.97398096   849798.93332435]
 [  390081.48325861  -289927.6396206 ]
 [  360121.096991    -482378.39046252]
 [  196548.79795635  -434384.82380338]
 [ -315706.65249636   117293.47753127]
 [  -89011.3867877     93934.97226153]
 [  133560.50449915   229533.32991221]
 [ -208531.72856448   423183.13563648]
 [ -123483.4957105    374216.75719789]
 [ -286089.87755972  -467602.23698391]
 [  165248.05514702  -228965.44820175]
 [  -61485.90218117    94761.99915158]
 [ -256473.85225549  -404393.07033843]]