[[-1534098.53592913  1160903.99480948]
 [  762559.97102276    86921.49313024]
 [  -99074.53518756 -1393690.43364678]
 [  732817.7935996    841218.78404452]
 [   64798.55799427   413286.39183503]
 [   22869.32394953   153761.8000522 ]
 [  123555.5593395   -127801.86851188]
 [  775680.347494    -604585.51022176]
 [   22688.99767095   -74592.08008669]
 [  -53697.62497133  -472745.28787417]
 [ -108837.09957312   130866.48728467]
 [ -906970.8291735    308119.83370282]
 [  105276.07491622  -472589.4301906 ]
 [ -326239.47977097  -461819.90289931]
 [ -160630.11689419  -433355.91743401]
 [  161136.35225092   303407.13562479]
 [   10311.61839502   134629.815806  ]
 [ -245598.48758602    98567.9696853 ]
 [ -113509.21010839   470818.00415747]
 [ -139431.98642305   379816.66922521]
 [  505570.00450413  -153277.89129478]
 [  -28634.46767871  -268850.86857508]
 [  -11142.63105871   117660.92229474]
 [  440600.40321778  -136670.11091742]]