[[ -569827.05599982 -1838968.10980424]
 [  674043.45326016   347908.63404032]
 [  161300.29517386  1400568.97969507]
 [ 1061529.74522026  -313228.66470686]
 [  140751.5921741   -373153.15169717]
 [   69169.80640079  -131268.06062808]
 [   -8244.88121493   153353.53878918]
 [ -902761.72731696   324321.99214466]
 [   -8015.48495621    77793.52796863]
 [ -367360.52734817   283240.39678855]
 [  -49840.7546488   -168673.05098221]
 [ -564226.96521429  -780103.48576815]
 [ -326245.63845242   359954.19146625]
 [ -265879.97955941   540653.04844096]
 [ -112938.3188822    462321.35246674]
 [  -41417.03133703  -335763.05323708]
 [   51267.75679095  -117602.65768658]
 [ -188760.15901839  -202399.57291851]
 [  347534.22985997  -328303.05071092]
 [  311845.8633702   -249816.11234209]
 [  361847.03755307   403761.89306622]
 [ -120403.38492826   253502.33495658]
 [   23946.65050338  -113343.32638798]
 [  322685.47857013   345242.40704669]]