[[  1.24697111e+06   1.46514294e+06]
 [  3.39286377e+04  -7.64156954e+05]
 [ -1.38507136e+06   1.86173322e+05]
 [  8.00754723e+05  -7.78808664e+05]
 [  4.06344692e+05   4.65930840e+04]
 [  1.55292305e+05  -6.04030151e+03]
 [ -1.27148137e+05  -1.23513106e+05]
 [ -6.44226267e+05  -7.43037761e+05]
 [ -7.36789147e+04  -2.47415826e+04]
 [ -4.71066825e+05   6.91966802e+04]
 [  1.35487586e+05   1.13285822e+05]
 [  3.92181866e+05   8.75555887e+05]
 [ -4.75975204e+05  -8.90044173e+04]
 [ -4.50348928e+05   3.44922333e+05]
 [ -4.29825983e+05   1.75247990e+05]
 [  2.90396273e+05   1.84372924e+05]
 [  1.34089378e+05   9.32033534e+02]
 [  1.03893949e+05   2.53161256e+05]
 [  4.63161802e+05  -1.56880399e+05]
 [  3.75752924e+05  -1.66324812e+05]
 [ -1.76516449e+05  -4.92014467e+05]
 [ -2.68226153e+05   3.53676480e+04]
 [  1.17902495e+05   2.33437559e+04]
 [ -1.54073522e+05  -4.28773216e+05]]