[[-1000920.01336233  1644703.54053302]
 [ -184292.37701101  -736029.89518971]
 [  955580.54962784 -1037413.08244263]
 [ -935930.27702102  -591517.86720897]
 [ -373765.16532639   140568.81523752]
 [ -144661.40987512    34381.58957341]
 [  119976.49498119   -94213.6761235 ]
 [  843869.25186965   457129.26504665]
 [   63176.74325246   -45777.64888654]
 [  454289.2769769   -123253.31037153]
 [  -94361.37137143   148497.70175384]
 [ -212021.06423569   939240.10051977]
 [  463972.27062498   124112.2694228 ]
 [  535110.13281265  -254707.83244505]
 [  483492.6319736    -29291.62742141]
 [ -225660.9546232    252478.21125999]
 [ -122574.54792134    38996.67253951]
 [  -28248.70863972   275082.93594243]
 [ -476660.08669343   -44075.2212615 ]
 [ -394109.27001451   -69159.46453034]
 [   61585.37185151  -537197.37714515]
 [  268609.37170265   -80117.5774517 ]
 [ -101342.71513953    56668.00872743]
 [   44885.8655613   -469104.53007832]]