[[ 1624405.57831161  1032773.95749736]
 [  479167.14346096  -551741.32982245]
 [ -336025.76392783 -1364415.3437347 ]
 [ -601074.18814786   923054.71371196]
 [  -36505.20632032   405037.45682026]
 [   41027.15980299   136420.16319431]
 [ -118535.66353024   -97674.80108711]
 [ -980701.96316749    82038.01390531]
 [  -35053.06480753   -76756.18008817]
 [ -427583.19513952  -227001.65905093]
 [  144283.37122355    96946.9030016 ]
 [  920207.5027086    262625.08358046]
 [ -286916.50704789  -411489.20965246]
 [ -568951.44442184  -183610.77944913]
 [ -381049.49171302  -336450.17252067]
 [ -119382.00059323   300198.04556893]
 [   25490.80972968   121160.40751036]
 [  259395.35771905    54901.92256718]
 [  132699.70813127   460922.02209643]
 [  153890.73736369   369560.63934753]
 [  158502.75827862  -496017.66975832]
 [ -235964.2200297   -172492.00536836]
 [   45501.9195597     98682.41911085]
 [  143170.66255673  -426672.59738024]]