[[-1217755.33135239  1488704.67957674]
 [  761356.41917788   -62933.98416169]
 [ -402215.20514378 -1339390.63255662]
 [  881725.82571547   681184.41044553]
 [   -7654.72429533   405750.75299459]
 [   23966.80492717   151760.33330093]
 [  107487.53334903  -139709.42701937]
 [  651960.18079471  -738070.2335597 ]
 [   17558.60265258   -76663.44729728]
 [   -1523.53809517  -478468.19826454]
 [  -99919.15153986   144643.85317237]
 [ -839416.32453364   473854.78236762]
 [ -213022.71966959  -409929.14268487]
 [ -393361.44159242  -407610.00713466]
 [ -100411.81466571  -472806.81427757]
 [ -156135.95324051   304257.8667639 ]
 [   12091.53776142   132498.93117971]
 [ -243439.10128884   128669.52387076]
 [  203381.85019684   442145.03914686]
 [  203354.28040826   355114.72682939]
 [  468748.17440823  -233509.74385868]
 [  -54394.2269147   -265278.52669749]
 [  -11401.18201079   118563.15104175]
 [  409019.50495115  -202777.89317769]]