[[-1763399.17638565  -772859.62725349]
 [  569170.03984463  -484377.99488178]
 [ 1333664.81771158   468066.19870202]
 [ -408717.47449798  1009561.36532968]
 [ -317432.86311375  -185933.29771859]
 [ -129866.87253522   -48332.06935128]
 [  160056.58565074   -45277.1136042 ]
 [  384077.1293487   -881036.18233939]
 [   78258.58880621    39353.36361246]
 [  257248.23208767   405068.18455035]
 [ -177729.22921176    44319.72308185]
 [ -973920.61757467    66887.15584362]
 [  434381.22404141   230126.73035364]
 [  229334.71898873   555741.03739072]
 [  357281.33684979   354162.04672438]
 [ -339461.87471662    45553.75980125]
 [ -111001.72784717   -35806.02757439]
 [ -234400.96933436   168621.70440466]
 [ -202060.09137721  -416052.55329185]
 [ -162818.86003593  -349463.07720751]
 [  500038.70775048  -179841.59043961]
 [  202438.09619746   197901.7578031 ]
 [ -109369.14425455   -11981.57351641]
 [  424229.42360745  -174401.92041922]]