[[-1925184.91311503    84661.1745926 ]
 [  741854.38552954   174251.48650645]
 [  960363.60213153 -1027431.27957271]
 [  689656.79695757   872958.80919915]
 [ -302792.09443599   254894.80767539]
 [  -81589.47706594   113065.31319161]
 [  156573.80676704     5592.17985256]
 [  143476.49393077   915244.29334685]
 [   64451.58952059   -52558.49204462]
 [  301803.68905641  -383062.37839814]
 [ -169182.40423262    22502.43772995]
 [ -927030.78777761  -285757.6740919 ]
 [  227534.98186691  -428485.43918715]
 [    4301.63292652  -594185.32725535]
 [  102713.07792672  -465806.66332206]
 [ -328763.94706821    78783.7139879 ]
 [  -80181.69272712    89533.20348091]
 [ -260898.28749367   -94534.43386799]
 [ -207757.75574972   432156.96409903]
 [ -128814.97081181   377131.1859187 ]
 [  522350.40700569    31547.32995341]
 [  133346.51229999  -238394.41231377]
 [  -89439.57832199    64255.34516618]
 [  453208.93288045    53637.85535301]]