[[  -93282.91569391  1924907.18665012]
 [ -704113.75975191     2423.54167832]
 [  471661.80881841 -1328056.20519508]
 [ 1077425.27317388   160628.41574332]
 [  -15095.58470132   343391.35596542]
 [    6292.97590596   123889.96066904]
 [ -129781.96726572  -122741.40530217]
 [ -860628.6377122   -479527.70937594]
 [   -9573.5757609    -95546.40767255]
 [ -215023.04808061  -418810.26730181]
 [  107103.97812221   134337.45606962]
 [ -456462.36525083   865237.54173031]
 [   17682.89289173  -502573.35913678]
 [ -320227.95963186  -513944.05769013]
 [ -101289.56081173  -491333.96995201]
 [  291382.8987261    244337.09064098]
 [   23985.25361063   106878.05605044]
 [  214736.80096162   125718.42425184]
 [   97841.98245304   437157.27325365]
 [ -183513.66515519   302518.64950826]
 [  439591.18719438  -332019.5051459 ]
 [  -73184.62723412  -279079.79800049]
 [   40385.07385816    92176.7303735 ]
 [  374087.54133418  -299968.99781194]]