[[ -129569.12722125  1921176.70553159]
 [ -638111.20472774  -358432.95592669]
 [  -51392.62116717 -1412516.10990247]
 [ 1100171.11786275   100771.92725307]
 [  163028.10683743   352961.24824479]
 [   45322.34878326   137995.01017184]
 [  -77536.88302916  -138145.79387065]
 [ -942480.71997501   -94874.48044752]
 [    6144.38364499   -83704.13324439]
 [  105601.36010158  -484541.94666568]
 [  -61478.64066831   165471.19891131]
 [ -419062.68429973   870933.87649773]
 [  302650.34000399  -360975.96577642]
 [  427872.78222398  -447771.12880263]
 [  190804.69930172  -469860.37691902]
 [  -46340.77483105   330815.94466655]
 [   35483.36289265   117688.85311013]
 [ -187169.26174237   201178.92624205]
 [  381223.6690169    291866.58017528]
 [  328626.31702206   232803.64731452]
 [ -338279.89638868  -395373.40733595]
 [  103972.74656528  -264860.32799523]
 [    9589.20551904   111554.26380989]
 [ -309068.62572516  -324161.55504209]]