[[  4.13392430e+05  -1.87967604e+06]
 [ -6.36998362e+05   3.99615152e+05]
 [ -1.10866169e+03   1.41127836e+06]
 [ -1.08493310e+06  -1.42492973e+05]
 [  1.81648509e+03  -3.62491701e+05]
 [ -1.03411307e+05  -9.55915583e+04]
 [  9.53583873e+04   1.18786814e+05]
 [  9.49762190e+05   1.66269810e+05]
 [ -2.25901572e+03   9.31373707e+04]
 [  1.58437875e+05   4.69161000e+05]
 [ -6.93453031e+04  -1.70784501e+05]
 [ -2.53704429e+05  -9.44694291e+05]
 [  4.12227468e+05   2.52337083e+05]
 [  4.11785317e+05   4.49752078e+05]
 [  2.39618288e+05   4.21967368e+05]
 [ -3.02938351e+05  -2.01062988e+05]
 [ -6.69634955e+04  -9.61694569e+04]
 [ -1.67104726e+05  -2.25434284e+05]
 [  2.99113889e+05  -3.34035994e+05]
 [  2.37432749e+05  -2.88157122e+05]
 [ -3.27049296e+05   4.31815741e+05]
 [  1.35935357e+05   2.55058085e+05]
 [ -4.57579118e+04  -9.82503337e+04]
 [ -2.93306482e+05   3.69662377e+05]]