[[ 1002522.39952924  1641985.58019199]
 [ -738434.32277727  -203509.57338682]
 [  632802.7254832  -1246149.27180932]
 [ -994850.00175776   506461.50893092]
 [ -216354.76360305   359816.77207236]
 [  -81804.29005922   134504.29276695]
 [  -66041.54146121  -163233.4066082 ]
 [ -507749.87345786  -843087.48039898]
 [    3089.44292241   -77578.09510543]
 [  325172.8757642   -344418.96621132]
 [   48242.20519602   164076.78438571]
 [  730993.43164184   619405.97989163]
 [  400614.62614024  -255991.56326965]
 [  149513.52078219  -546258.24068016]
 [  221658.12767495  -402833.92717921]
 [ -265802.48259132   221038.47578229]
 [  -62361.5864507    121862.34977947]
 [  187647.0560951    187145.33116407]
 [  -72191.04337841   481058.14802748]
 [  -14605.58254912   406585.53702976]
 [ -406087.84064752  -334115.49640757]
 [  112500.38025247  -245987.40328596]
 [  -36253.06142942   114219.83576106]
 [ -352220.40131901  -294997.17144107]]