[[  1.49307796e+06  -1.21255496e+06]
 [ -7.63299583e+05  -6.05562849e+04]
 [  1.99063288e+05   1.38337062e+06]
 [ -7.65447611e+05  -8.12481272e+05]
 [ -1.52306691e+05  -3.56029245e+05]
 [ -1.00724694e+04  -1.53841395e+05]
 [ -1.28956806e+05   1.25098915e+05]
 [ -7.60775775e+05   6.25528873e+05]
 [ -2.89365495e+04   7.28301673e+04]
 [  2.57113028e+05   3.95000629e+05]
 [  1.10603237e+05  -1.34384042e+05]
 [  8.95570969e+05  -3.44284750e+05]
 [ -1.04124555e+05   4.63977646e+05]
 [  1.04521136e+05   5.65595101e+05]
 [  1.54535008e+05   4.25462460e+05]
 [  1.96498124e+05  -2.79738044e+05]
 [ -3.13076288e+02  -1.33566723e+05]
 [  2.53291072e+05  -9.74873496e+04]
 [ -2.87028273e+04  -5.00310909e+05]
 [ -2.79380478e+04  -4.22196286e+05]
 [ -5.00868084e+05   1.59145489e+05]
 [  2.31578050e+04   2.69410254e+05]
 [  2.12081593e+04  -1.17079054e+05]
 [ -4.36897706e+05   1.39090170e+05]]