[[ -7.94975266e+05  -1.75538560e+06]
 [  6.59909589e+05  -3.21683002e+05]
 [  1.27691367e+06   5.79254839e+05]
 [ -5.01201112e+05   1.00189713e+06]
 [ -3.18369132e+05  -2.28924219e+05]
 [ -1.11296872e+05  -9.11051967e+04]
 [ -2.04841568e+03   1.48499721e+05]
 [ -8.00807497e+05   4.84144322e+05]
 [  6.36510138e+04   5.61013779e+04]
 [  1.72417035e+05   4.39952993e+05]
 [ -3.73046132e+04  -1.70584927e+05]
 [ -1.75621695e+04  -9.72462067e+05]
 [ -3.48783036e+04   4.70390848e+05]
 [  1.75735757e+05   5.85913392e+05]
 [  3.01657103e+05   3.87779837e+05]
 [ -1.34345173e+05  -3.09786058e+05]
 [ -9.13292447e+04  -7.95354500e+04]
 [  4.98981328e+04  -2.67298590e+05]
 [ -4.81355508e+05  -8.42375354e+04]
 [ -4.07598365e+05  -4.41651093e+04]
 [  5.26905714e+05   5.29883905e+03]
 [  1.16163622e+05   2.55295856e+05]
 [ -6.70473806e+04  -8.86211413e+04]
 [  4.56867420e+05  -7.40257080e+02]]