[[  1.44352045e+06   1.27410083e+06]
 [ -4.68374291e+04  -7.57815048e+05]
 [ -1.22592695e+06  -6.97461449e+05]
 [  7.14626148e+05  -8.46280024e+05]
 [  3.99250884e+05   2.01816868e+04]
 [  1.48574254e+05  -1.13959183e+04]
 [ -1.42532135e+05  -5.41081273e+04]
 [ -6.66264031e+05   6.90116053e+05]
 [ -7.38322339e+04  -2.47217079e+04]
 [ -4.70009598e+05   1.96539038e+04]
 [  1.35190940e+05   1.12600013e+05]
 [  4.87826792e+05   8.29486154e+05]
 [ -4.04320116e+05   2.58209375e+05]
 [ -5.86492037e+05  -8.18678514e+04]
 [ -4.69387206e+05   1.17935187e+05]
 [  2.92087651e+05   1.71429018e+05]
 [  1.28921250e+05  -2.90225793e+02]
 [  1.10559261e+05   2.53154407e+05]
 [  4.41320394e+05  -1.86770686e+05]
 [  3.54965235e+05  -1.85748705e+05]
 [ -2.20916210e+05  -4.93891263e+05]
 [ -2.79943348e+05   4.53658491e+03]
 [  1.14027505e+05   2.29642507e+04]
 [ -1.84409461e+05  -4.34016459e+05]]