[[ -468671.04456272 -1868622.61483937]
 [  681882.19448589   237589.37708172]
 [ -997623.20670922   981344.67033505]
 [ 1041213.33448001  -345287.31025315]
 [  302243.24215757  -271537.10398238]
 [  119117.63249826  -109154.0365261 ]
 [   75982.87320548   163972.75674254]
 [  610575.10752142   791500.3895587 ]
 [   -9252.61115866    89826.05939294]
 [  153016.30407485   457687.24480672]
 [   41332.35167082  -165185.30935375]
 [ -296900.24117389  -912083.39793741]
 [   84858.79468035   508058.69113145]
 [ -100400.28056898   611000.90346847]
 [ -141555.87374318   457324.03432728]
 [  192066.71444493  -302742.52881254]
 [   83704.54386012  -100401.69613387]
 [    7617.65795037  -254470.51552048]
 [ -296632.68690443  -290942.28217213]
 [ -219690.49600853  -263517.75551572]
 [ -490358.58892193   201465.65823055]
 [  -15340.73554802   289325.9401767 ]
 [   57171.20904962   -95858.17513864]
 [ -414356.19478014   190707.00093341]]