[[ 1158041.61177727  1537708.83486161]
 [  112761.58047155  -753090.39202529]
 [-1068813.19007269  -919893.17677674]
 [  865166.79989119  -690365.03774645]
 [  356764.41593122  -112913.90831395]
 [  144913.99049127    15835.80469189]
 [ -126553.14124307   -88093.80510285]
 [ -785267.00668134   550519.98538997]
 [  -71208.91107873   -31766.19848426]
 [ -467311.55411518    21499.54201717]
 [  106669.47325314   137734.61070224]
 [  304150.62334938   911392.69702206]
 [ -451585.370499    -205564.94420318]
 [ -544771.83906662   156156.23164537]
 [ -488601.19950884   -88258.07555159]
 [  248365.15690664   225056.02777868]
 [  124500.55217361    25021.26503483]
 [   53830.43285179   269832.86579325]
 [  489609.67544367    16291.97008139]
 [  411228.86979911    16120.14124691]
 [ -113166.81100993  -534076.25235237]
 [ -275937.22666295   -35372.25697333]
 [  105197.8981051     43911.21872163]
 [  -87984.83050659  -467687.147457  ]]