[[ 1113133.01815005 -1570203.08575266]
 [  674228.05584945   324452.84167354]
 [  224875.48304781  1389454.76075507]
 [ -919171.85441225  -581166.27061235]
 [ -103901.3638033   -377971.67046564]
 [   33379.08232049  -131202.5624811 ]
 [  -33882.76191914   156848.82765003]
 [ -933980.93887375   304514.33884717]
 [  -34376.11873647    80201.91573286]
 [ -315262.01435656   362493.30419423]
 [  -71086.97535567  -170623.59751599]
 [  171008.17751859  -961718.2635215 ]
 [ -251888.31513345   457480.47137574]
 [ -468324.21092644   354966.95540592]
 [ -120956.42796978   487178.41109818]
 [   57844.69979624  -315002.74647321]
 [   20329.70744162  -113795.06638744]
 [ -190274.06624949  -212111.35457936]
 [  379663.76844694  -213550.26077748]
 [  306779.98880829  -189716.32814662]
 [  333850.52195851   419658.20501557]
 [ -158442.49247767   245957.22036507]
 [   -4774.83963393  -109738.96778428]
 [  291229.87650991   363592.92238423]]