[[-1007551.29160183  1641700.57173351]
 [  713720.17759527  -274709.91424703]
 [  294457.31194885 -1378273.72870245]
 [ 1020264.38370627   448827.94647323]
 [  116633.86105163   385284.30845443]
 [   62200.05032133   138924.5982818 ]
 [   13627.32639592  -152233.37765992]
 [ -855259.1114923   -416417.275865  ]
 [    4832.90910314   -76702.92600911]
 [ -331822.32114285  -314528.36698157]
 [  -60259.0420781    164288.9030185 ]
 [ -523243.91084118   797937.80153158]
 [ -283384.20182146  -387681.21609782]
 [ -204258.63594149  -562096.0959681 ]
 [  -60557.9427806   -469259.4766132 ]
 [  -62408.41033654   330501.40885024]
 [   45625.0168721    123693.53233878]
 [ -201312.55160667   185061.65477723]
 [  324601.26466004   359910.83814629]
 [  295765.76744896   277632.55589873]
 [  406932.39580789  -365162.56825659]
 [  -89342.92104034  -262159.73763659]
 [   18947.79146448   116614.11690379]
 [  361792.08430748  -311153.55237073]]