[[-1744679.06961936  -814355.26861157]
 [ -422148.50162758   597411.93119888]
 [  465013.51578998  1325291.85635064]
 [  482411.7675293   -993776.40628103]
 [ -139323.32163471  -373357.44040363]
 [  -62319.32631565  -135675.60566586]
 [  149528.50664283    54922.22223849]
 [  968116.4255818   -179356.58314361]
 [   48926.59785702    70990.83283044]
 [  443501.28657014   166127.03981577]
 [ -153993.1001259    -78471.22374117]
 [ -922344.73697921  -248572.81719083]
 [  427697.23557016   286521.83091392]
 [  585946.43084443   140928.91376682]
 [  324918.25242524   375927.83758798]
 [ -256655.73574179  -217808.2303115 ]
 [  -54116.01734814  -114705.2878775 ]
 [ -265204.22406299   -14771.60851859]
 [   58495.27896465  -473054.75485559]
 [   81571.64655848  -393630.26570506]
 [ -100751.58067602   512628.3724499 ]
 [  243594.54822706   155674.31053251]
 [  -66385.12925866   -91259.90121654]
 [  -91800.74917109   442370.24583712]]