[[ 1449443.08518597  1271892.62396779]
 [  541943.59006972  -497251.79200623]
 [-1122619.99280988  -855297.2555757 ]
 [ -745389.19626806   811783.97178705]
 [   84077.71273816   391786.97607547]
 [   47978.11011116   143465.49972177]
 [  -41385.93265124  -162039.78619756]
 [  124276.21833584  -969955.71181223]
 [  -50318.70120829   -61189.12372539]
 [ -403857.51992316  -250580.7595624 ]
 [  148736.19144561   103439.09284044]
 [  895683.74858678   370057.22465729]
 [ -465164.46008591  -167376.66092236]
 [ -382302.90690752  -427360.72759307]
 [ -496716.63262869   -55591.71080282]
 [  227968.14921262   256197.30275345]
 [   45569.47424275   120575.40737899]
 [  269821.94646157    60057.22926085]
 [ -123206.44217908   469154.74979576]
 [ -123613.50316212   388220.32892755]
 [  160550.2860112   -473662.86734473]
 [ -236243.59488249  -152914.0689758 ]
 [   60827.04340727    99920.16197721]
 [  133943.32689778  -413330.10462532]]