[[-1838798.82231668  -571139.82053361]
 [  678799.80579325  -347722.6634907 ]
 [ 1216107.51894395   714222.21939781]
 [  372095.54188822 -1043653.69957487]
 [  -94382.89187906  -400924.44036953]
 [  -37486.9056305   -145962.37763965]
 [  109860.20756331   105677.02004602]
 [ -264118.25940556   919982.34375046]
 [   54653.22458616    54687.87741134]
 [  206494.78254918   422307.10067245]
 [ -153361.14569606   -71368.00381934]
 [ -958649.13543434    17916.65738126]
 [   93302.34322847   492433.76698734]
 [  358904.73583365   467043.18355911]
 [   -4857.30667616   452999.88725301]
 [   36915.75849412  -335741.48938924]
 [  -44570.69370623  -123200.53114638]
 [ -265606.77705517    13515.58252571]
 [ -282036.25894666  -383105.50719951]
 [ -276410.67632597  -285283.15392328]
 [  545705.98191381   -49871.91310122]
 [  129083.69367674   246708.40907063]
 [  -57836.65083704   -99070.49511804]
 [  476191.92943856   -50449.95274978]]