[[ -7.90069782e+05  -1.75565503e+06]
 [ -2.70949247e+05   7.08821566e+05]
 [  8.22198385e+05   1.14524906e+06]
 [ -9.93133469e+05   4.88504928e+05]
 [ -3.72887331e+05   3.63726321e+04]
 [ -1.38902390e+05  -4.36002286e+04]
 [  1.20193762e+05   8.91376796e+04]
 [  8.83289576e+05  -3.69487979e+05]
 [  5.39961678e+04   5.98541756e+04]
 [  4.57523147e+05   9.32225912e+04]
 [ -7.71972853e+04  -1.55314668e+05]
 [ -1.03580372e+05  -9.55150464e+05]
 [  4.72825237e+05  -6.58829646e+04]
 [  5.71888334e+05   1.98538729e+05]
 [  3.95632796e+05   2.76823451e+05]
 [ -1.97398340e+05  -2.71126443e+05]
 [ -1.16968818e+05  -4.95965214e+04]
 [  1.10661034e+03  -2.74433287e+05]
 [ -4.75587397e+05  -1.19660505e+05]
 [ -3.99102280e+05  -1.02528679e+05]
 [  6.02835985e+02   5.43612104e+05]
 [  2.59881329e+05   1.12024054e+05]
 [ -9.42186430e+04  -6.36400691e+04]
 [ -9.14282655e+03   4.73915870e+05]]