[[ -1.40898203e+06   1.31092281e+06]
 [  7.51682598e+05   4.07436215e+04]
 [  8.03993443e+05  -1.16034997e+06]
 [  8.04713880e+05   7.40293674e+05]
 [ -2.13859485e+05   2.88954921e+05]
 [ -4.44245125e+04   1.35473900e+05]
 [ -3.94686545e+02  -1.50147297e+05]
 [ -6.85157394e+05  -6.79479470e+05]
 [  5.73665251e+04  -7.22730529e+04]
 [  1.46051576e+05  -4.72621425e+05]
 [  2.31201778e+04   1.86498962e+05]
 [ -3.26489386e+05   9.22116316e+05]
 [  4.51275319e+04  -5.13961997e+05]
 [ -1.90979858e+05  -5.61111396e+05]
 [ -6.82379011e+04  -4.63264264e+05]
 [  2.91875142e+04   3.59828389e+05]
 [ -3.33260544e+04   1.14857282e+05]
 [  1.21859374e+05   2.48561324e+05]
 [ -4.38842912e+05   9.89997202e+04]
 [ -3.62442847e+05   9.70668782e+04]
 [  5.17590305e+05  -1.64570312e+05]
 [  3.00877439e+04  -2.84613310e+05]
 [ -1.17226192e+04   1.11214587e+05]
 [  4.54079015e+05  -1.33139899e+05]]