[[-1866532.23779437   457387.91123565]
 [  332923.27843264  -639585.87009245]
 [  837879.24104887  1117729.35738756]
 [ -172537.22747521 -1085075.07249141]
 [ -355827.90704781   -47402.83422254]
 [ -131728.55560217   -50400.10281037]
 [  169623.22157304   -47228.32605014]
 [  872132.67774527  -486956.2879959 ]
 [   86148.42388416    16257.84118275]
 [  472905.42616185   -86642.83744211]
 [ -129296.92900066  -141953.80962004]
 [ -954188.96023393  -214621.29250275]
 [  511481.22097822   -10267.62546063]
 [  587687.83471533   184822.38888478]
 [  428790.75702575   207021.35677842]
 [ -257486.88187664  -265315.16601727]
 [ -108635.97283116   -49384.67546494]
 [ -110489.96801832  -259390.1249306 ]
 [ -345820.10942228   264380.31243525]
 [ -300694.63566354   197350.9847122 ]
 [  121839.02748988   513356.24026605]
 [  282016.59215679    55400.62863457]
 [  -93096.77475141   -66134.54541428]
 [  122908.45850571   436651.54899818]]