[[  1.19059808e+06  -1.51186210e+06]
 [  6.58423928e+05   3.50855615e+05]
 [  1.81802490e+05   1.39517944e+06]
 [ -8.97952654e+05  -6.15323254e+05]
 [ -8.58671969e+04  -3.82824221e+05]
 [  3.92496949e+04  -1.29316223e+05]
 [ -6.91816789e+04   1.42732096e+05]
 [ -9.44534963e+05   2.61179136e+05]
 [ -2.31975611e+04   8.38812579e+04]
 [ -1.63904622e+05   4.73662372e+05]
 [ -6.33037056e+04  -1.74030309e+05]
 [  1.99309906e+05  -9.57926705e+05]
 [ -4.21684504e+05   2.51096300e+05]
 [ -4.00023877e+05   4.70251823e+05]
 [ -2.42821794e+05   4.21971355e+05]
 [  7.25813826e+04  -3.12194977e+05]
 [  2.47856533e+04  -1.13007529e+05]
 [ -1.80536124e+05  -2.21615606e+05]
 [  3.87493472e+05  -1.99066081e+05]
 [  3.14179544e+05  -1.77300741e+05]
 [  3.13750632e+05   4.31825517e+05]
 [ -1.62383850e+05   2.47447405e+05]
 [ -1.45895644e+02  -1.09944526e+05]
 [  2.73363643e+05   3.74329959e+05]]