[[  775263.48170896 -1761819.97281044]
 [ -290538.14580883   707557.65327485]
 [-1355857.88355642   364816.00919356]
 [  997775.06536988   481683.07494535]
 [  383210.40734958  -144553.37251612]
 [  149897.82168936   -38741.49870589]
 [  -76715.13849032   148704.09831778]
 [  191668.35696675   960181.90412906]
 [  -69270.2261294     35699.69236409]
 [ -482451.86844545    21507.3901391 ]
 [  102412.48905186  -148214.07838942]
 [  139879.70454702  -950818.81017835]
 [ -450276.89195029   169364.93562188]
 [ -534596.89298625  -229802.72986456]
 [ -460666.25657793   -84253.565405  ]
 [  239313.36345039  -251788.70214885]
 [  127377.09598755   -38674.18361861]
 [   38022.05064421  -274995.50877207]
 [  479888.95417583    47880.47804626]
 [  398721.679988      78811.35075547]
 [  -64958.01549879   502689.95247108]
 [ -269706.83383512    23002.95656876]
 [  106460.5759714    -56417.64640661]
 [  -74852.893622     438180.57298871]]