[[  279020.06835663  1904887.15376447]
 [  454777.57005509  -609591.34731357]
 [ -486756.19235704 -1323375.27247711]
 [ 1092284.02297524  -183406.23107771]
 [  290022.08358191   273391.34539505]
 [  119627.75444299    87885.54892475]
 [  -83509.02945819  -124048.01359771]
 [ -948964.5589586    117290.44190317]
 [  -35957.26233327   -70129.95842818]
 [ -310615.12842583  -378781.86611213]
 [   28086.41954396   173036.66330842]
 [ -156162.20837843   948528.67808196]
 [ -462421.83308299   -79039.26767122]
 [ -532565.89218769  -273550.02678827]
 [ -366618.15084716  -301830.91023411]
 [  109352.64082134   319095.09388823]
 [   97551.42582949    83396.80294511]
 [  -82182.15099679   263023.94465543]
 [  456663.10493459   143401.52921054]
 [  390127.54230487    88720.31057649]
 [  152585.33218431  -521562.71777687]
 [ -218511.03323757  -177430.74068919]
 [   71033.461015      91352.46186675]
 [  143132.01421814  -451263.62235431]]