[[ 1605269.45080393  1063210.17502766]
 [ -155045.58516385  -743356.56170196]
 [-1311126.16358688  -519521.596198  ]
 [  588373.30234697  -938819.34879031]
 [  398801.07574453   -38126.36903349]
 [  146242.72315144   -32643.12633225]
 [ -149076.3778569    -45388.27408896]
 [ -563416.95850408   776633.16940769]
 [  -76457.8127003     -9922.98394772]
 [ -373777.46356768   286031.80928368]
 [  150984.21673042    92090.57305988]
 [  600596.71347208   751630.97216892]
 [ -462625.56753212    81165.9142752 ]
 [ -594597.78172686    12897.45240931]
 [ -437056.22532534   206258.38113357]
 [  314806.18365454   126991.92397577]
 [  128222.91800167   -19124.88457736]
 [  146736.09082521   235149.64160189]
 [  409909.48557296  -249170.56100652]
 [  324464.80813184  -235894.84029754]
 [ -291246.23119092  -456776.86823438]
 [ -270515.69354925    53593.49030777]
 [  116947.40848765     6161.46286552]
 [ -246412.51621904  -403069.55130836]]