[[-1868464.99498946   464347.00624716]
 [  390335.90907319  -654532.14306348]
 [ 1409241.79495492   -47654.04101668]
 [ -236485.04230729 -1081266.37813866]
 [ -292736.81344538  -287597.51137178]
 [ -107724.79995958  -103101.60332034]
 [  127612.54001238    71041.36856538]
 [  248952.68190015   922962.58781867]
 [   85886.86204018     2065.19201046]
 [  348246.5125316    311477.32374643]
 [ -165839.33915355    21458.57650817]
 [ -804216.99201666   523174.5584435 ]
 [  228885.54315163   415876.0613445 ]
 [  506702.32066272   328675.50091326]
 [  458556.34293441   147377.31410384]
 [ -146841.0556882   -302898.05698827]
 [ -101967.79766591   -79789.84168626]
 [ -215739.07397769   153574.63449598]
 [ -441326.40188405  -170297.33795188]
 [ -384484.0180076    -89992.06961438]
 [  436461.45599245  -332096.36168167]
 [  248646.87565617   135901.69524651]
 [ -100069.37199201   -52489.46297011]
 [  376366.86217758  -296217.01164037]]