[[-1649997.34420073  -991438.4755834 ]
 [ -449936.52187051   577309.58958712]
 [  382312.77106202  1352294.09121678]
 [  553128.78212488  -954360.17161896]
 [ -130191.79236901  -375502.33888047]
 [  -59497.59025922  -136150.09910937]
 [  145766.09328756    62276.71495032]
 [  979993.57715985  -101323.65881594]
 [   44698.11967449    75096.34714852]
 [  385642.5986204    289632.61381603]
 [ -152554.69541424   -82275.27113722]
 [ -928145.81504781  -246202.78374154]
 [  496035.55088555    67293.29443634]
 [  405530.99883002   444294.39062629]
 [  449832.10119046   218551.1882232 ]
 [ -253225.88704301  -222952.89356556]
 [  -51597.88088862  -115027.81472166]
 [ -265930.00190671   -22272.87035405]
 [   69743.57111952  -472135.01752917]
 [   89352.22288842  -392202.39220898]
 [ -121266.64428362   506017.93872667]
 [  232230.44960261   173426.3995405 ]
 [  -64737.07457772   -91954.42605956]
 [ -107185.5885846    437605.64505411]]