[[  1.44175817e+06   1.28341063e+06]
 [ -5.65850015e+05   5.06511254e+05]
 [ -7.98149930e+05  -1.16262364e+06]
 [  8.51478953e+05  -6.62071221e+05]
 [  3.89474517e+05   7.63066600e+04]
 [  9.47393314e+04   1.00167248e+05]
 [ -1.73507950e+05  -4.79611238e+04]
 [ -9.86081510e+05   7.47734385e+04]
 [ -6.03023336e+04  -6.65577210e+04]
 [ -8.90121803e+04  -4.74697193e+05]
 [  1.76138274e+05   3.13607685e+04]
 [  5.68590930e+05   7.87756573e+05]
 [ -3.37046523e+05  -3.63195224e+05]
 [  3.66438752e+04  -5.87127982e+05]
 [ -1.99289484e+05  -4.55387314e+05]
 [  2.60348974e+05   1.94686253e+05]
 [  8.28477835e+04   8.13899609e+04]
 [  2.70722003e+05  -5.46211461e+04]
 [ -6.95919920e+01   4.46583691e+05]
 [  1.78571527e+04   3.69943390e+05]
 [ -5.12197307e+05   7.06587450e+04]
 [ -1.12369096e+05  -2.65451172e+05]
 [  9.12098338e+04   5.74408452e+04]
 [ -4.47933875e+05   5.87042838e+04]]