[[ 1117084.69200893  1569733.05034225]
 [  652099.08449462  -389973.56496557]
 [   91567.97756889 -1405450.40039982]
 [-1111454.95548719    15812.10886055]
 [  208510.33110254   299057.78187206]
 [   62431.58347986   118457.68869872]
 [  -71099.82818775  -123209.01610456]
 [ -802441.18953292   414045.80762792]
 [  -14269.02398556   -83564.99456345]
 [ -187351.06673086  -462236.12215373]
 [  -26334.43258729   176127.82809902]
 [  104919.06294611   976638.78258585]
 [ -275765.55102522  -392940.92149527]
 [ -434571.60278951  -441219.78078994]
 [ -389160.90636325  -263350.48852503]
 [  -16275.56504698   341894.13542072]
 [   45492.07498534   102925.13348591]
 [ -138055.57125355   239666.20394462]
 [  432969.28815076   161733.21381369]
 [  358078.12445143   138093.58546684]
 [  288202.36647447  -463072.17711636]
 [ -168003.01584107  -230854.98045269]
 [   21582.87547029   104516.14864269]
 [  251845.2476979   -402829.02229442]]