[[  1.75676730e+06  -7.89169758e+05]
 [  4.00973832e+05   6.28863364e+05]
 [ -5.08398264e+05   1.31211068e+06]
 [ -4.78513558e+05  -9.79126337e+05]
 [  1.39642233e+05  -3.63835084e+05]
 [  1.90396323e+04  -1.50304257e+05]
 [ -1.31377976e+05   9.09342415e+04]
 [ -9.56213847e+05  -2.24127493e+05]
 [ -5.48573071e+04   6.95156282e+04]
 [ -4.64125672e+05   1.55977878e+05]
 [  1.09111333e+05  -1.27804575e+05]
 [  7.01058007e+05  -6.71216737e+05]
 [ -4.98895283e+05   5.37393931e+03]
 [ -5.40106660e+05   3.05262257e+05]
 [ -3.62309223e+05   3.30309713e+05]
 [ -3.61616064e+04  -3.56434342e+05]
 [  3.38025556e+04  -1.16599230e+05]
 [  1.84222439e+05  -1.76200844e+05]
 [  4.31339586e+05   1.94784218e+04]
 [  3.57403148e+05   8.63184143e+02]
 [  6.00231091e+04   5.29485346e+05]
 [ -2.61389603e+05   1.41371470e+05]
 [  4.64461955e+04  -9.45856052e+04]
 [  5.25196304e+04   4.59858133e+05]]