[[ -7.62731693e+05   1.76998870e+06]
 [  6.50185235e+05   3.76219328e+05]
 [  5.51444746e+05  -1.29708174e+06]
 [ -9.63608310e+05  -5.01705965e+05]
 [ -1.62243594e+05   3.30864040e+05]
 [ -8.26285720e+04   1.15748025e+05]
 [  1.52660889e+05  -8.15461738e+04]
 [  9.73302393e+05  -1.37992403e+05]
 [  3.74949826e+04  -7.72528169e+04]
 [  1.01175250e+05  -4.82806633e+05]
 [ -1.72910878e+05   7.01688237e+04]
 [ -7.92262918e+05   5.81362176e+05]
 [  2.52421045e+05  -4.23496939e+05]
 [ -1.52934179e+05  -5.68352483e+05]
 [ -1.02117636e+04  -4.81173451e+05]
 [ -3.18148401e+05   1.50629420e+05]
 [ -7.17431078e+04   9.59363433e+04]
 [ -2.89044030e+05   5.86673165e+02]
 [  7.86137854e+04   4.54855324e+05]
 [  6.30250979e+04   3.78424228e+05]
 [  5.08749008e+05  -3.39419343e+04]
 [  5.09314765e+04  -2.81251575e+05]
 [ -8.46754977e+04   7.47334995e+04]
 [  4.43139036e+05  -3.29144628e+04]]