[[-1877038.63501758   445197.63534512]
 [  578145.32277784   478918.21831688]
 [ 1344676.54180294  -433298.96927524]
 [  189856.62692335  1074963.99061697]
 [ -128857.11454841   376889.0895666 ]
 [  -52573.58185558   145009.04393421]
 [  110272.34580244  -110145.76984784]
 [ -131121.35855407  -963460.35940688]
 [   83682.77450429   -33769.43721517]
 [  218674.71244156  -455613.06801008]
 [ -141478.55926593    95057.82723629]
 [ -927945.51678552   245569.24288924]
 [  305706.61301215  -380775.51096586]
 [  461200.50209894  -385086.98388839]
 [  119106.75369371  -474680.48192728]
 [ -193366.49479771   286795.73202457]
 [  -59886.93307119   111348.59274697]
 [ -238923.80694075    92447.00617544]
 [ -400042.96700673  -179323.95007477]
 [ -342084.94630577  -125257.92784728]
 [  514046.48368695   168835.04844126]
 [  190158.73829861  -219589.50841739]
 [  -68333.08772903    85645.2864223 ]
 [  446125.5868355    154325.25316036]]