[[  150505.12461294  1921519.21617931]
 [  738118.33215065    85212.10491241]
 [   -9552.24559743 -1411439.68279589]
 [-1088647.82008003   -62578.44604616]
 [  -20344.91722267   359953.47396525]
 [  -10830.48750325   126595.89415019]
 [   97326.25590954  -147374.85373086]
 [  841206.61080606  -502360.0071458 ]
 [   -3254.13225728   -92265.13509577]
 [ -328409.59233784  -380730.93562647]
 [ -140049.97248253   125243.44031471]
 [ -505593.14129768   852034.84238831]
 [ -250332.71113107  -436226.90743664]
 [   -3626.41017064  -579714.68888138]
 [ -121071.19561752  -466439.55804981]
 [  161927.44145486   241663.01913434]
 [  -18406.13462974   108326.51894198]
 [ -269966.9222565    131540.6824528 ]
 [  183078.47862305   422640.27245226]
 [ -126624.01529456   359437.14175079]
 [  444923.17864628  -248214.00712335]
 [  -67182.140942    -282002.91614025]
 [  -39799.93086549    96678.33607876]
 [  386606.34748286  -221497.80464872]]