[[ 1376064.44237004 -1352225.69857825]
 [ -567239.5561746   -427922.26557872]
 [   86409.29344999  1395114.24802138]
 [-1049868.07011571   378252.27445791]
 [  113681.70994364  -380257.86918798]
 [   16793.8827034   -141865.07727812]
 [ -132956.77792901    81823.25488268]
 [ -915492.29368396  -296140.89922936]
 [  -19840.05604116    74292.07107747]
 [   47341.76350557   481218.90791627]
 [  135872.76285673  -112290.73141606]
 [  924447.25865363  -320205.38966385]
 [ -104849.00396519   470780.33770539]
 [  328017.00300318   477090.17609524]
 [  156490.03261717   446849.25077788]
 [  239550.62925757  -243449.25989654]
 [   24534.26987385  -119916.61301125]
 [  276470.51797854   -64743.13933935]
 [  -65126.93013089  -495120.81476401]
 [  -81708.05239181  -407450.76500408]
 [ -456193.18793092   217965.88574322]
 [   25289.00927146   272107.60023128]
 [   46126.8023153   -104280.30675574]
 [ -403815.44943683   170374.82279458]]