[[ -1.67758520e+06   9.45146345e+05]
 [  2.36718249e+05   6.92422352e+05]
 [  1.34903878e+06   3.91740546e+05]
 [ -5.22408078e+05  -9.73748431e+05]
 [ -3.84368017e+05  -1.07291817e+05]
 [ -1.46926531e+05  -2.97375473e+04]
 [  1.33881591e+05  -8.10905467e+04]
 [  4.21762249e+05  -8.89257077e+05]
 [  8.49513810e+04   1.40327932e+03]
 [  4.76454242e+05  -1.68838685e+05]
 [ -1.54586137e+05   7.83689628e+04]
 [ -7.44955130e+05   5.97671131e+05]
 [  5.00327957e+05  -4.80572928e+04]
 [  4.61107170e+05  -3.89801391e+05]
 [  3.95280724e+05  -2.58829967e+05]
 [ -3.27594434e+05   7.91263849e+04]
 [ -1.25174531e+05  -2.38424006e+04]
 [ -1.68278428e+05   2.05871261e+05]
 [ -3.48474317e+05  -3.25832564e+05]
 [ -2.70668068e+05  -2.97757039e+05]
 [  3.55180743e+05   3.82884574e+05]
 [  2.66101733e+05  -1.14695295e+05]
 [ -1.13453974e+05  -1.53573503e+02]
 [  3.03668029e+05   3.34298789e+05]]