[[ 1422587.98747944 -1298774.52901674]
 [ -479635.67872713   603008.06405315]
 [-1407505.19059511   -30740.19341565]
 [  800392.3911669    747738.09095997]
 [  421096.90350026    25592.61262017]
 [  156493.90562182    77538.10790786]
 [ -134854.27625104   107785.61492897]
 [  -62209.96189855   974359.85698515]
 [  -84380.54402046    14381.56532159]
 [ -473809.10519027  -127495.77303737]
 [  181472.0206724     -7339.88176841]
 [  422297.55244267  -877241.74507157]
 [ -402815.94796598  -228752.55723388]
 [ -456047.11323163  -379291.06620714]
 [ -492132.5176385     -8743.77277024]
 [  329448.3530979    182095.57855515]
 [  132838.45963904    49723.57140485]
 [  153327.40964598  -120018.09376353]
 [  264521.2989618   -318451.27138394]
 [  293662.19947893  -230476.08289969]
 [ -217264.41433376   467425.3575343 ]
 [ -274029.90441695   -50762.35728082]
 [  117504.65689011    26141.80194615]
 [ -210958.4843279    402297.10163167]]