[[ 1683767.0908632   -926220.3686846 ]
 [ -267260.29203576   715880.17559613]
 [-1114750.33953249  -844171.81082642]
 [  367114.32576487  1046084.10795727]
 [  359370.00595506   199164.42006198]
 [  142386.95435433    30409.5365946 ]
 [ -175693.39920773    49217.20631428]
 [ -900150.5073807    407738.56858194]
 [  -83593.4405177      4063.3855593 ]
 [ -250723.53797499  -412132.11088927]
 [  152988.7244074    122146.78745866]
 [  983882.16727521   -20019.6515524 ]
 [ -327705.57218036  -353007.28917086]
 [ -547314.7441977   -171398.31106501]
 [ -397587.40521914  -241473.75594676]
 [  329844.76004882    40888.92843035]
 [  119876.00583712    33587.12673267]
 [  173047.73136937   232151.45238247]
 [  295497.11001181  -319690.79172252]
 [  269429.09605511  -243470.46312781]
 [ -359792.43283828   388336.29498732]
 [ -243492.10395971  -127591.53024826]
 [  106635.78589177    51516.84206769]
 [ -315775.9827895    337991.25050922]]