[[  1.28523556e+06  -1.43055990e+06]
 [ -7.63908540e+05   3.74717912e+04]
 [  4.10267783e+05   1.33586613e+06]
 [ -8.66156426e+05  -7.01370426e+05]
 [  1.30022487e+05  -3.65054856e+05]
 [ -3.21937595e+04  -1.48608098e+05]
 [ -1.06318297e+05   1.43568747e+05]
 [ -6.77305663e+05   7.17516778e+05]
 [ -1.59596118e+04   7.73255945e+04]
 [  1.18522078e+05   4.45089321e+05]
 [  9.82782569e+04  -1.46672907e+05]
 [  8.52995539e+05  -4.42321431e+05]
 [  2.21614059e+05   4.21277707e+05]
 [ -9.30108206e+02   5.68632870e+05]
 [  3.20193978e+05   3.53735317e+05]
 [ -1.87459269e+05  -2.68910127e+05]
 [ -2.17209576e+04  -1.30117401e+05]
 [  2.36983596e+05  -1.34764136e+05]
 [ -1.09932041e+05  -4.87638448e+05]
 [ -6.09128960e+04  -4.20527951e+05]
 [ -4.73739867e+05   2.27359855e+05]
 [  5.16045406e+04   2.65538926e+05]
 [  3.31122271e+03  -1.17383302e+05]
 [ -4.12491661e+05   2.00545949e+05]]