[[ 1920297.95948766  -161671.94574037]
 [  -37225.0541835   -711851.08946077]
 [-1288068.75702667   569425.02815134]
 [  214692.65933648  1064676.63736685]
 [  370557.04190801   137326.18432878]
 [  125039.58993156   -24955.66082365]
 [ -136331.48651309  -123294.14911698]
 [ -538336.99777889  -827954.56550696]
 [  -98790.12276896    -2239.80130826]
 [ -497475.04625251    33956.15996491]
 [  135977.91401035    83886.83500255]
 [  860139.68342813  -467012.48745551]
 [ -390482.88805963  -293015.63022966]
 [ -582744.8394972   -199364.57709237]
 [ -483733.31055798   -61616.65536919]
 [  297341.3444462    -51134.69174847]
 [  110892.74720366    -3181.92426221]
 [  130119.99098785   201373.27984145]
 [  336601.55624406  -231171.58933203]
 [  319650.45039299   254202.95232349]
 [ -301726.82109872   455144.65706673]
 [ -289300.83009756   -45191.47873365]
 [   96606.76736466    15509.21280155]
 [ -273701.55090691   388155.29933243]]