[[ -3.90791019e+05   1.88242865e+06]
 [ -4.31450870e+05  -5.85380572e+05]
 [  1.34287529e+06  -3.77832963e+05]
 [ -1.08767815e+06  -2.26504364e+05]
 [ -3.27976386e+05   2.35166662e+05]
 [ -1.28546238e+05   8.16840184e+04]
 [  1.66420597e+03  -1.79654433e+05]
 [ -9.19569862e+04  -9.92873468e+05]
 [  5.03584777e+04  -6.55425989e+04]
 [  3.57611372e+05  -3.05669516e+05]
 [ -5.18956516e+04   1.65453865e+05]
 [  8.64404024e+04   9.54190251e+05]
 [  2.23793335e+05  -4.34445793e+05]
 [  4.01353893e+05  -4.63786214e+05]
 [  1.21260786e+05  -4.62492432e+05]
 [ -1.54988521e+05   3.04455977e+05]
 [ -1.08981311e+05   7.12626930e+04]
 [  4.03874645e+04   2.65110227e+05]
 [ -4.72490424e+05   7.25539094e+04]
 [ -4.01415142e+05   2.13604968e+04]
 [  5.06123763e+05   1.07139688e+05]
 [  1.61677423e+05  -2.25848921e+05]
 [ -8.28837521e+04   8.09426897e+04]
 [  4.37508040e+05   7.82821509e+04]]