[[  7.31800132e+05  -1.77342256e+06]
 [ -7.02557462e+05   2.83596307e+05]
 [ -3.38949180e+05   1.37164618e+06]
 [ -5.37878507e+05  -8.84062963e+05]
 [  1.22016882e+05  -3.53659618e+05]
 [  2.57426471e+03  -1.37336251e+05]
 [  7.71872683e+04   1.41377658e+05]
 [  9.12874707e+05   3.34201515e+05]
 [ -1.63025134e+04   9.90415936e+04]
 [  2.40311759e+05   4.21467021e+05]
 [ -9.43898038e+04  -1.40194556e+05]
 [ -8.23104474e+05  -5.22712396e+05]
 [  3.78772014e+05   3.31749565e+05]
 [  2.58597985e+05   5.68791386e+05]
 [  6.76995693e+04   4.92786659e+05]
 [ -8.08011593e+04  -3.16207958e+05]
 [ -9.64042345e+02  -1.14748809e+05]
 [ -2.14307699e+05  -1.47838891e+05]
 [  3.72187421e+05  -2.85637712e+05]
 [  3.10744424e+05  -2.41051208e+05]
 [ -3.92620400e+05   3.70535734e+05]
 [  9.20341932e+04   2.82821738e+05]
 [ -1.88416492e+04  -9.98099081e+04]
 [ -3.46083730e+05   3.18667468e+05]]