[[  512855.26663795 -1855939.61402535]
 [  367206.94683106   665114.55076457]
 [ -656931.94051536  1247938.69324716]
 [ 1058959.0808041    327275.5065072 ]
 [  328105.68475924  -230542.24593151]
 [  132611.13537191   -70347.7910449 ]
 [  -83105.0252436    131765.487343  ]
 [ -933211.29988205  -221199.27373237]
 [  -51201.60058374    57460.19973895]
 [ -469453.19585412    26693.66848439]
 [   54957.73336097  -168087.87635596]
 [  -31185.19786008  -961024.37983232]
 [ -403127.42902168   240230.5369201 ]
 [ -459299.77829887   377611.09189913]
 [ -465486.78998332   128479.78760781]
 [  157013.49393564  -300984.15401262]
 [  110124.38489686   -68885.51342927]
 [  -41356.8843404   -273814.08798689]
 [  473819.03779846   -77725.47757712]
 [  400296.19955536   -32060.81999517]
 [   77034.65495552   536514.02443102]
 [ -239762.91229073   135680.63651045]
 [   85099.35273574   -80708.03247227]
 [   76039.08223116   466555.08294195]]