[[-1281935.4313106  -1440279.15754968]
 [  499158.03330624  -541373.1135202 ]
 [  844440.06865629  1130620.03240837]
 [ -803927.46192126   751046.88757887]
 [ -349992.52776216    99950.25247263]
 [ -139100.98307308   -52307.29263586]
 [  163966.73493658    39272.98271833]
 [  971207.61132137  -120070.9916063 ]
 [   63356.06790173    48836.91720537]
 [  249489.40411516   405152.0525073 ]
 [ -101662.78381952  -151017.17130564]
 [ -354750.09496057  -902746.52877667]
 [  165221.24420576   465583.6756225 ]
 [  426961.7262112    383064.8110115 ]
 [   52467.45832757   496870.8857498 ]
 [ -257893.74622775  -226730.10416347]
 [ -117768.94123339   -45615.15043957]
 [  -60604.942746    -271546.1528973 ]
 [ -494246.70772347    48329.84668962]
 [ -420239.64279916     2438.6844466 ]
 [  474934.35389251  -160524.66044042]
 [  153529.96578044   236448.39943123]
 [  -97159.21059162   -61266.39982018]
 [  414549.80551373  -134138.70468684]]