[[ 1598700.78999247 -1072861.8505815 ]
 [ -148231.70072814   744673.8506188 ]
 [-1302713.317257     538975.57170347]
 [  596675.21863237   933071.97990792]
 [  398095.79843637    33782.99919607]
 [  145614.57454984    31017.56051971]
 [ -149332.91004158    35190.7500785 ]
 [ -561406.01983787  -776905.16397112]
 [  -76656.83762993    14244.58738026]
 [ -373031.61508522  -274302.79276135]
 [  148828.76477824   -93704.69757845]
 [  597029.8872995   -754011.01008476]
 [ -435493.19225696  -213613.3326495 ]
 [ -592535.39006827  -105689.45726791]
 [ -475109.03497835    19720.50719015]
 [  312138.74679938  -130618.78796042]
 [  127557.60711112    17532.45452629]
 [  143089.506348    -236348.40700449]
 [  411749.58495043   244593.69458443]
 [  326313.37170781   231962.53127931]
 [ -288090.01361912   459918.13875504]
 [ -276467.4726048    -45208.47167793]
 [  115922.99557648    -7533.16302091]
 [ -242649.34207476   406112.5088184 ]]