[[ 1531589.12329615  1162164.948808  ]
 [  -58971.70968811  -724741.21858556]
 [-1262080.02636528   594440.50836929]
 [  670046.42641011  -886361.47872881]
 [  402069.22744323   -37999.02080087]
 [  150874.40029922   -23313.87347765]
 [ -119095.80755235  -130946.85253795]
 [ -584872.46853066  -807519.57650736]
 [  -80591.3439883    -17116.6035007 ]
 [ -403005.55193227  -270565.38549815]
 [  148102.29529905    90364.84222702]
 [  560145.97065468   777516.55718953]
 [ -473977.71285397    19277.42056362]
 [ -605186.27655486  -105352.60179912]
 [ -445393.32438797  -163884.01499469]
 [  317039.80706323   127875.9320619 ]
 [  129312.46077856   -18050.88136096]
 [  143916.75891891   226127.3023433 ]
 [  404505.59808942  -255414.00358182]
 [  317217.7385094   -247519.35500925]
 [ -310976.08092547   413521.18702735]
 [ -268578.60121467   -75453.43251938]
 [  115981.64569962     6353.34308597]
 [ -278072.54846766   346596.25722628]]