[[ 1820278.41059162   618168.98705648]
 [ -701518.15212836   298385.25981654]
 [ -234917.67707572 -1380571.79806859]
 [ -509998.99230498   981650.14132259]
 [  270848.01604449   245370.96857075]
 [   75324.93237026   125643.83677789]
 [ -154485.16957342   -92847.23341072]
 [ -910123.75163174  -376309.69245605]
 [  -57906.95801339   -57930.48477074]
 [   12858.74789498  -468909.12651624]
 [   32243.17986507   195648.19174885]
 [  656876.02607244   734541.38757887]
 [ -117537.53377427  -472705.79300348]
 [  176232.76825364  -546647.56731103]
 [ -220948.04261941  -428790.17335152]
 [   62382.68639276   374895.92716473]
 [   56759.49620085   111105.77002826]
 [  -40764.21772459   281637.99259841]
 [  439556.71780004   -17469.93545257]
 [  365434.35964361    13109.13553249]
 [ -529036.56055073     7972.53793742]
 [  -65542.22081718  -265821.6149727 ]
 [   36100.15166289   113470.18822135]
 [ -462116.21657886     6403.09495902]]