[[-1924592.23342014    51190.60288351]
 [  549014.22371905   523973.9261313 ]
 [ 1376125.8094795   -306365.85981955]
 [   49161.48362036  1106079.85565265]
 [ -306704.56952524   255595.5701487 ]
 [ -101510.20983835   108645.1444156 ]
 [  142461.01522769   -57111.30043059]
 [   13171.53247462  -958819.51308811]
 [   70781.70028386   -32812.84904882]
 [  147769.47968165  -438793.69736034]
 [ -175746.68468217     8379.5879265 ]
 [ -921475.74633886  -277401.00271004]
 [  233516.30383027  -426539.56869626]
 [  425592.49914145  -425782.95754246]
 [  399275.68569504  -257485.05140481]
 [ -330791.44841091    71463.95145746]
 [  -94436.58894358    87255.65912787]
 [ -252968.93432163  -111801.72912065]
 [ -196816.61330678   436212.08314811]
 [ -134198.65813093   376835.77218325]
 [  499818.19806289   210692.03352601]
 [  200161.68094814  -196215.90884652]
 [  -99327.68390451    60044.57096165]
 [  431719.75865859   192760.68050555]]