[[ -250401.03170004 -1908923.08448594]
 [  601225.83512101   463402.69353876]
 [ -104649.66983009  1405920.51179997]
 [ 1102331.33270179  -102327.19647218]
 [  337403.01963765  -163413.14069624]
 [   96059.90200708  -109693.77585784]
 [  -54658.63101007   139440.15866656]
 [ -945950.88334174   146804.75636675]
 [  -15300.94002963    78805.28836556]
 [ -343158.67065099   316980.83607437]
 [  -14825.31617405  -172848.4007158 ]
 [ -408237.11903468  -869294.67006065]
 [ -437675.1467173    190069.93379633]
 [ -381682.53850172   469279.04371189]
 [ -193184.75827126   441750.69559384]
 [   27813.87055121  -334296.89757943]
 [   74223.34480034  -103359.13932106]
 [ -143651.31733275  -233668.00157557]
 [  343883.86798771  -350183.82386445]
 [  287684.41422673  -295537.86996039]
 [  283301.68078115   464137.25484252]
 [ -163290.13554821   230835.12477665]
 [   47488.43530692  -103479.85603138]
 [  255250.45502093   399599.55908774]]