[[ 1851181.4444003    525040.91634548]
 [ -676541.97551091   352948.7523732 ]
 [ -448549.79039388 -1324771.46663096]
 [ -369711.01085874  1053496.4922288 ]
 [  214458.35988666   348670.86961619]
 [   60370.1812296    143607.5098089 ]
 [ -164273.17130796   -63003.81824086]
 [ -945991.26051499  -263193.47940827]
 [  -53786.05715833   -55423.1941456 ]
 [  -18727.89326999  -462613.92207196]
 [  160537.46144493    75464.95800624]
 [  960585.24456253   -23196.47233689]
 [ -148116.55768889  -457962.66416855]
 [  127209.23284253  -554583.75661935]
 [ -247214.55040595  -407775.3025172 ]
 [  290787.21508274   185492.70904448]
 [   57989.50708258   121359.97007669]
 [  274259.18852716   -12227.43919682]
 [   53543.33529965   485895.94917694]
 [    7986.43589152   410714.55361018]
 [ -519972.55033358    43111.8508834 ]
 [  -83946.45957788  -255480.09115801]
 [   71502.56586482    97264.08034729]
 [ -453578.89509392    37162.99497667]]