[[ -1.50145349e+06  -1.20340004e+06]
 [  7.60728237e+05  -6.12226200e+04]
 [ -1.04177911e+05   1.39471047e+06]
 [  7.51035852e+05  -8.26236117e+05]
 [ -6.14052532e+04  -4.04783167e+05]
 [  4.75606458e+02  -1.55832423e+05]
 [  1.26780726e+05   1.22024514e+05]
 [  7.68346033e+05   6.11446021e+05]
 [  2.79906895e+04   7.19580100e+04]
 [ -1.62961740e+05   4.33267788e+05]
 [ -1.18333849e+05  -1.32142020e+05]
 [ -8.93215889e+05  -3.53797902e+05]
 [ -4.19781892e+04   4.79432026e+05]
 [ -3.33232646e+05   4.61025907e+05]
 [  6.88145457e+04   4.71825210e+05]
 [ -1.95283733e+05  -2.84302074e+05]
 [ -6.01101272e+03  -1.34417526e+05]
 [ -2.57228226e+05  -9.57458037e+04]
 [  1.40258001e+05  -4.68372183e+05]
 [  1.52900778e+05  -3.81365021e+05]
 [  4.95748573e+05   1.62945651e+05]
 [ -2.22309898e+04   2.67935714e+05]
 [ -2.78466287e+04  -1.17496655e+05]
 [  4.32280520e+05   1.42542248e+05]]