[[ -7.65994717e+05   1.76648043e+06]
 [  6.14767107e+05   3.92787319e+05]
 [  1.31039611e+06  -5.05513954e+05]
 [ -1.00701166e+06  -4.56251879e+05]
 [ -3.66069183e+05   1.60039851e+05]
 [ -1.32730136e+05   7.02464723e+04]
 [  6.28697350e+04  -1.41946484e+05]
 [ -1.92309926e+05  -9.67708198e+05]
 [  6.73943836e+04  -5.10424979e+04]
 [  1.50847492e+05  -4.82565903e+05]
 [ -7.04731849e+04   1.58814600e+05]
 [ -1.87665014e+05   9.38334020e+05]
 [  2.50650821e+05  -4.19161822e+05]
 [  4.05185854e+05  -4.42765476e+05]
 [  4.61022041e+04  -4.85666041e+05]
 [ -2.03876914e+05   2.69035031e+05]
 [ -1.12141628e+05   6.09597242e+04]
 [ -6.44781543e+02   2.66280214e+05]
 [ -4.78689749e+05  -3.05075365e+04]
 [ -4.00560194e+05  -5.67211056e+04]
 [  5.13823476e+05   7.25247942e+04]
 [  1.39643897e+05  -2.52586141e+05]
 [ -8.80775094e+04   7.19751908e+04]
 [  4.44563521e+05   6.49593961e+04]]