[[-1801015.56342639   674058.7046352 ]
 [  472362.23740302   596848.59335896]
 [  708940.90644712 -1208121.17786556]
 [ -702127.55968743  -781392.80071423]
 [ -229164.83059829   287560.11907432]
 [ -102325.6455138     98489.38921764]
 [  185488.96339545    28821.96027988]
 [  942633.79796184   344019.30997563]
 [   80223.59534814   -39061.98755058]
 [  427588.33077245  -219154.85613466]
 [ -169588.36311968    33325.386082  ]
 [ -689576.1787118    705795.81135234]
 [  509808.8536784     15930.758362  ]
 [  460206.9567121   -373848.37059269]
 [  485948.81542791  -140901.12000042]
 [ -334893.44404983    76592.9465245 ]
 [  -86078.2372718     82354.32931162]
 [ -256358.30613254   -52664.45685805]
 [  -23884.90923536   480357.0433577 ]
 [  -19388.13000853   400731.4002194 ]
 [  -21909.26271004  -507858.28563882]
 [  259166.41789253  -124076.97591342]
 [  -88832.63866868    59495.63924204]
 [   -7225.80590477  -437301.3597248 ]]