[[ 1227291.94223936 -1480913.43136674]
 [ -512762.37972903   567634.14081916]
 [-1398614.52848337  -141113.16434251]
 [  730158.41439238   818252.06834074]
 [  354661.84860211  -123639.71422238]
 [  140295.99137008    53024.61447218]
 [ -136468.8650127    104097.5921992 ]
 [ -147004.64870397   968134.18401477]
 [  -79583.22162917    15292.19866872]
 [ -414198.00189271  -231246.71028709]
 [  188660.93873681   -14485.34573278]
 [  923467.84449378  -345966.10191667]
 [ -484380.24891606    14351.98736431]
 [ -430653.9968493   -401505.54542904]
 [ -470052.81851981  -141301.38940413]
 [  331283.36628846   185912.11536317]
 [  122903.07404939    21025.96582485]
 [  280712.27142709    56011.39275845]
 [  169749.48775084  -402293.33740423]
 [  169801.82232251  -321319.27265501]
 [ -208669.0617906    465603.90800514]
 [ -267653.67443176   -66881.81490659]
 [  114722.66465442     1696.61792463]
 [ -203668.22036878   399629.04191185]]