[[-1527897.95858507 -1159779.85686441]
 [  753170.2909502    -95788.3933856 ]
 [  960706.87081398  1036115.22113893]
 [   29496.48944428 -1036807.51471754]
 [ -273893.89508311  -253879.0260521 ]
 [  -63451.60074396  -122780.46562614]
 [    9876.95023218   159030.77202335]
 [ -630431.17413939   738297.30824858]
 [   63393.63963748    77080.79737164]
 [ -138800.11067481   466608.11057151]
 [   16834.76889439  -169393.45959022]
 [  461708.39181367  -860675.19131826]
 [  -66506.34739408   502546.20771612]
 [   85333.96661828   612723.12780905]
 [  172140.45707181   458656.12195812]
 [  -75358.58600227  -318843.40303155]
 [  -55924.09345171  -101047.96364028]
 [  119390.59710759  -233562.41834666]
 [ -460993.36227279   -72810.25788907]
 [ -385834.41661498   -63967.58417839]
 [  524808.85346435   133566.65400246]
 [   54120.58430875   291058.72625993]
 [  -30901.13683207   -97504.48528851]
 [  459010.82143729   111156.97282903]]