[[  893258.48936768  1704831.24406934]
 [ -718228.27667147  -218848.23427208]
 [ -382622.03409309 -1358186.3224919 ]
 [-1009646.24082751   421368.58453285]
 [   94687.94015359   350119.72194731]
 [  -75308.67110633   119056.79954496]
 [   57588.97413583  -140626.14400293]
 [  871323.98729172  -415782.22918564]
 [  -26697.9175197    -89411.72274158]
 [  200359.97231634  -430789.25583687]
 [  -22851.85483336   182890.42905646]
 [    2029.91317772   978399.77998971]
 [  345404.55827474  -351414.55553267]
 [  210275.99750899  -578307.68568251]
 [   24229.42136701  -489288.67116947]
 [ -240679.87797709   272622.77294716]
 [  -39911.41602517   110228.51126261]
 [ -103177.58302196   260923.24928344]
 [  375402.56266037   245679.12621063]
 [  303579.63837864   217748.3644507 ]
 [ -426347.14972813  -333079.18323364]
 [   63837.24143496  -282592.44905567]
 [  -18885.3182126    106759.40252872]
 [ -377622.35605118  -282301.53261892]]