[[ -5.20333568e+05   1.85283481e+06]
 [ -3.75286601e+05  -6.51625515e+05]
 [  6.62835050e+05  -1.24603326e+06]
 [ -1.02433106e+06  -3.83320108e+05]
 [ -1.67777414e+05   3.17990864e+05]
 [ -1.01757759e+05   9.89961765e+04]
 [  1.39919429e+05  -6.01569784e+04]
 [  9.15950929e+05   3.01301263e+05]
 [  4.02625836e+04  -8.49952109e+04]
 [  3.60945487e+05  -3.39234686e+05]
 [ -1.77006428e+05   6.18789202e+04]
 [ -6.74953649e+05   7.08889258e+05]
 [  4.82757180e+05  -2.86229384e+04]
 [  5.75239972e+05  -2.03037170e+05]
 [  4.10237004e+05  -2.59406843e+05]
 [ -3.37038222e+05   1.31868219e+05]
 [ -8.80173875e+04   8.00822020e+04]
 [ -2.75800986e+05   1.23568692e+03]
 [  1.04939763e+05   4.36736511e+05]
 [  7.15777086e+04   3.67672079e+05]
 [ -8.44731604e+04  -5.35699479e+05]
 [  2.39908781e+05  -1.61396431e+05]
 [ -9.42348841e+04   5.90770102e+04]
 [ -8.35627689e+04  -4.65034388e+05]]