[[-1917903.16620411   168600.99855867]
 [  587733.1162427    483030.16790338]
 [ 1340355.50366231  -438975.83756172]
 [  148610.24510978  1097966.52408768]
 [ -340697.26396503   174405.8586543 ]
 [  -84861.11155809   119787.8715386 ]
 [  121878.02256795   -86456.66704177]
 [  -62019.59162291  -955304.15888459]
 [   71216.66615331   -35037.47589353]
 [  299279.06415666  -364234.94570844]
 [ -175414.6353166     26793.26354496]
 [ -935965.31916599  -210944.23816655]
 [   73987.61978185  -471032.19956047]
 [  454573.42661465  -378044.00711   ]
 [  224715.73219163  -427781.21988279]
 [  -46665.77701998   313361.12581073]
 [  -76038.86767412   101140.80910504]
 [ -262840.91997637   -76505.35295885]
 [ -246149.61877781   427545.67562016]
 [ -239835.54383651   343570.98098171]
 [  517908.08164056   169862.74645442]
 [  185350.57848723  -211067.48383777]
 [  -86854.4320045     73775.14230266]
 [  449638.19051339   155542.4220442 ]]