[[-1215766.24347833 -1497765.71231303]
 [ -208463.93165401   721866.60646599]
 [  940349.93600235  1054041.2420395 ]
 [ -906335.0824144    603247.70715846]
 [ -289009.47374991  -224210.28657577]
 [ -137142.28243018     1910.47969715]
 [  156577.67775165    23422.83673024]
 [  815665.63825319  -526885.08834507]
 [   67320.86399261    70692.66525267]
 [  439565.68175833   238766.25866776]
 [ -152510.73359673   -85196.77249281]
 [ -594274.94908294  -754790.17057693]
 [  481415.62636376   -93215.89755175]
 [  613695.98311606    50699.41922407]
 [  468295.4805151    149413.99639923]
 [ -362895.81065749    56995.55297426]
 [ -110894.28720486   -22595.4664255 ]
 [ -264856.52967731   -39451.58856562]
 [   10044.30276081  -436870.26018071]
 [  -20078.59651334  -362007.09966757]
 [   50904.98881089   541195.69343195]
 [  278610.90770561    96684.22403257]
 [  -95731.18096277   -38538.75716215]
 [   35512.01439192   472590.41778304]]