[[-1923577.11931601   -35947.44131159]
 [  576479.44448146  -503834.32347887]
 [  723048.02736417  1195688.37151924]
 [  128455.6307902  -1109849.03232944]
 [ -343121.77374805  -188840.36626728]
 [  -87783.03827471  -125819.19547726]
 [  174303.75604778    28622.7017483 ]
 [  981470.63236444    48306.46870402]
 [   62138.34623251    45213.54315986]
 [  321365.92992238   344803.07274858]
 [ -175417.0093817    -38726.06266128]
 [ -925854.63831506   241862.47026599]
 [  264421.37177287   405538.99455031]
 [   -2141.43025229   565198.67689099]
 [  117366.3873404    445821.85631516]
 [  -51745.36238072  -319076.9980039 ]
 [  -73092.16440923  -111041.26248592]
 [ -265715.98428582    62575.72057554]
 [ -249882.18275696  -438257.99758196]
 [ -237137.39896157  -358186.74723581]
 [  500558.06875613  -162901.02453768]
 [  133486.94737808   232314.47787544]
 [  -85271.5146753    -82765.49371516]
 [  437645.07430698  -140700.40926728]]