[[  1.00143806e+06  -1.64829639e+06]
 [  6.63712685e+05   3.55332637e+05]
 [  1.81007251e+05   1.39776990e+06]
 [ -8.82972469e+05  -6.29198753e+05]
 [ -1.09823376e+05  -3.83972399e+05]
 [  3.61565374e+04  -1.29302475e+05]
 [ -4.93930970e+04   1.54550927e+05]
 [ -9.47627830e+05   2.54332100e+05]
 [ -3.06131858e+04   8.35672147e+04]
 [ -2.56364680e+05   4.43350452e+05]
 [ -6.21137070e+04  -1.70933299e+05]
 [  4.16772561e+05  -8.65551108e+05]
 [ -3.57680785e+05   3.16292927e+05]
 [ -4.74301117e+05   3.75402511e+05]
 [ -1.44497907e+05   4.88610417e+05]
 [  4.59386272e+04  -3.20150873e+05]
 [  2.45733010e+04  -1.10519900e+05]
 [ -1.78253957e+05  -2.14525731e+05]
 [  3.84869333e+05  -1.81680959e+05]
 [  3.06111604e+05  -1.72304610e+05]
 [  3.17554072e+05   4.36042623e+05]
 [ -1.60210764e+05   2.49853362e+05]
 [ -1.10066070e+03  -1.07423749e+05]
 [  2.76819510e+05   3.78755173e+05]]