[[ 1899455.2758569    313841.34582131]
 [ -616717.65673514   444101.93778929]
 [-1317194.83373334  -502792.01383913]
 [ -201472.73082778  1088867.25624451]
 [  268376.29988679   294580.33844678]
 [   85577.64829609   121092.32631556]
 [ -124236.85908377   -84598.00299545]
 [  131266.49358057  -947667.52675485]
 [  -69365.57457903   -37726.8357609 ]
 [ -254341.64427781  -390015.8689882 ]
 [  172391.1138465     31267.79932108]
 [  951087.6098381   -141175.62525702]
 [  -68058.40772449  -467904.58485657]
 [ -292154.56598323  -529190.5045835 ]
 [ -381767.00421226  -307822.90675286]
 [  317198.37963949   114866.57028145]
 [   81538.65861012    98922.70861828]
 [  264507.73267147   -77320.35913218]
 [  135409.10131881   458872.96926766]
 [   81795.4664228    391433.08121583]
 [ -524155.03674963   142390.08565938]
 [ -175247.05809641  -220697.81264262]
 [   89950.02992056    72576.65181121]
 [ -453842.43788532   134098.97077096]]