[[ 0.11128123  5.83375586]
 [-2.27300644 -2.89121358]
 [-0.60990185 -6.19965997]
 [-3.87205037 -0.52795273]
 [-2.45963265  4.15246167]
 [-3.17739576  1.31021879]
 [ 0.48458554 -1.26828458]
 [-0.51350446 -4.3342112 ]
 [ 1.04760143  0.01541187]
 [ 3.96219197 -2.83710622]
 [ 2.04713317  4.74039062]
 [ 3.58407595  2.19652415]
 [ 2.28198579 -4.18328019]
 [ 2.80632324 -3.0801581 ]
 [ 4.31543925 -2.10356866]
 [-3.71788182  3.20731231]
 [-1.67692477  1.43155667]
 [ 3.07630055  2.83719975]
 [-1.00749841  3.63199763]
 [ 0.22600459  3.10010975]
 [-3.81008717 -2.93104033]
 [ 2.12901363 -2.03398962]
 [-0.60212071  1.91540115]
 [-2.35193192 -1.98187505]]