[[ 3.4499179   4.56655685]
 [ 0.40386929 -4.17228655]
 [-5.11859822 -3.57568414]
 [-1.1458101   2.73161706]
 [ 4.76196292  0.81085074]
 [ 2.4402072  -2.2562154 ]
 [-1.21955107 -0.9347449 ]
 [-3.26805721 -2.85580669]
 [-0.30628044 -0.03169847]
 [-4.45675861  1.9756266 ]
 [ 4.56966958  2.51932841]
 [ 0.74309791  4.3722789 ]
 [-4.49121522 -0.62328138]
 [-3.56851138  2.60434295]
 [-4.81552708  0.59737648]
 [ 4.55823713 -2.10985101]
 [ 1.9398934  -0.56841498]
 [ 1.17867847  3.69523785]
 [ 3.94256847 -0.90652474]
 [ 3.31551313  0.52513475]
 [-1.26075793 -4.47909401]
 [-2.94444296  0.70618543]
 [ 2.0443476   0.52143891]
 [-0.75245277 -3.11237266]]