[[ 4.51012947 -3.80348858]
 [-3.08407886 -2.77454163]
 [-6.06558028  1.2067144 ]
 [ 1.71961705  2.87992526]
 [ 3.82841621 -2.45602836]
 [-0.42419297 -3.3490738 ]
 [-1.23359472  0.58617171]
 [ 0.49007619  4.55742231]
 [-0.40420865  0.01150031]
 [-2.19259527  4.36515372]
 [ 5.24392104 -0.57429676]
 [ 3.84492597  1.06705562]
 [-3.5331026   2.67910207]
 [-1.10220209  4.03224614]
 [-3.47716575  3.48173939]
 [ 0.83686683 -4.88891571]
 [ 0.63456225 -2.09816267]
 [ 3.85512533  1.98298441]
 [ 1.85208594 -3.5353134 ]
 [ 2.66004801 -1.50898124]
 [-4.36597724 -1.49892009]
 [-1.88097555  2.27602632]
 [ 1.37035918 -1.45411158]
 [-3.08245952 -1.18420786]]