[[ 2.05127048  5.38394222]
 [ 0.72138297 -3.95167502]
 [-4.10628263 -4.67284886]
 [ 2.15505689 -2.96701965]
 [ 4.63409144  1.13613926]
 [ 3.2944731  -1.47307595]
 [-1.26214447 -0.4974739 ]
 [-2.76436194 -3.26939175]
 [-0.67932357  0.68340539]
 [-4.72155064  0.0749311 ]
 [ 4.51304826  2.95482912]
 [-0.7838064   4.38073752]
 [-4.46496954 -1.26693207]
 [-3.93016775  1.8380068 ]
 [-4.82994629  0.81798069]
 [ 4.88531339 -0.43429495]
 [ 2.23639871 -0.28181463]
 [-0.15291083  3.79458867]
 [ 2.3730315   2.81707693]
 [ 2.14472032  2.08754578]
 [-0.37412102 -4.69420196]
 [-2.97828226 -0.01985745]
 [ 2.23625199  0.63671794]
 [-0.19717172 -3.07731523]]