[[-3.34428569 -4.78435784]
 [-0.36666179  2.81936735]
 [ 2.31027148  5.71807926]
 [-2.97564226  2.72724017]
 [-4.71464774 -0.83940589]
 [-3.38666632  0.7695118 ]
 [ 1.66108835 -0.07259054]
 [ 4.28065474 -1.20914496]
 [ 0.64304568 -0.32347608]
 [ 4.13776049  2.46704132]
 [-1.0026166  -5.08196923]
 [ 1.81058503 -3.8994254 ]
 [ 4.72778048  0.42550692]
 [ 3.09603642  2.78789426]
 [ 4.54786738  1.69223286]
 [-4.56368786 -1.69663624]
 [-2.14134895 -0.38358243]
 [ 0.93459822 -4.0354061 ]
 [-2.83208119 -2.49718124]
 [-1.40859588 -2.83226385]
 [-1.30375543  4.61327129]
 [ 2.34714598  1.73537673]
 [-1.48271842 -1.39548027]
 [-0.97412612  3.29539813]]