[[ 5.22004665 -2.36388404]
 [-2.92024344  2.25838552]
 [-6.22635722  0.06513726]
 [-0.64849309  3.59256138]
 [ 4.38493088  1.86035392]
 [ 2.45316494 -0.05115325]
 [-1.40255691 -0.2561059 ]
 [-4.42775469  0.89328207]
 [-0.02010272 -1.09423754]
 [-2.76773103 -4.01218042]
 [ 5.26840263  0.09927924]
 [ 2.47475014 -3.62742155]
 [-4.17560083 -2.06777516]
 [-3.06901863 -2.94223561]
 [-2.07133949 -4.30934783]
 [ 3.81964224  3.17314214]
 [ 1.49657702  1.16418153]
 [ 2.86270284 -2.83703585]
 [ 2.06950335  3.75383842]
 [ 2.23069102  2.56688178]
 [-2.91603691  3.80180327]
 [-2.03257032 -2.16817527]
 [ 2.39731644  0.43052641]
 [-1.99992286  2.0701795 ]]