[[ 1.38038291 -5.57310918]
 [-3.52878867  2.20375474]
 [ 0.01833388  6.24061561]
 [ 2.91531958 -0.68415174]
 [-2.91226415 -3.80167443]
 [-3.52162677 -0.66721804]
 [ 0.01882753  1.50633757]
 [-0.15594662  4.32772006]
 [ 0.20958853  0.21597723]
 [ 4.27106627  2.45290742]
 [-1.79815017 -5.12443874]
 [ 2.3104649  -3.52750703]
 [ 2.3514501   4.04105465]
 [ 3.15713025  2.81798503]
 [ 4.46684664  1.85694132]
 [-4.32386882 -2.38504744]
 [-1.72020541 -1.0992329 ]
 [ 3.02677954 -2.89293774]
 [-0.58459354 -3.43766889]
 [-1.04529484 -2.84220879]
 [-2.84758575  3.70698232]
 [ 2.3078574   1.85175317]
 [-1.93357881 -1.68600608]
 [-2.06214399  2.49917188]]