[[-2.49030781 -5.27137096]
 [ 4.05774982 -0.32341124]
 [ 3.26583126  5.31132996]
 [-3.12940959  1.25434264]
 [-0.59074801 -4.6134841 ]
 [-1.28876302 -2.17711485]
 [ 1.16979023  1.1139315 ]
 [ 3.17608337  3.16130146]
 [ 0.00815533  0.38168629]
 [-2.02351761  4.50451621]
 [-3.80711259 -3.54745915]
 [-3.86344784 -1.49717924]
 [ 0.8291922   4.38156825]
 [-2.32068704  3.60697146]
 [-0.48738603  4.81822462]
 [ 1.11117122 -4.77419405]
 [ 0.20454469 -2.00171971]
 [-4.34062544 -0.61421205]
 [ 2.66757002 -3.46985831]
 [ 1.75864665 -3.00819695]
 [ 4.46274228  1.21092444]
 [-0.7024824   2.95689444]
 [-0.5604502  -2.23157133]
 [ 2.89346052  0.82808067]]