[[ 2.09535344 -5.43929479]
 [ 3.83643634  0.95266939]
 [ 2.6923897   5.56445002]
 [-3.60202513  0.42426554]
 [-2.52174173 -4.00852111]
 [ 1.12146838 -2.27768814]
 [-0.06566142  1.27578113]
 [-2.22617493  4.28467078]
 [ 0.89784347  0.26225522]
 [-3.76001587  3.06330958]
 [-1.57323535 -5.12366511]
 [ 3.19312975 -3.06226829]
 [-0.99842277  4.63631999]
 [-2.32193892  3.08587707]
 [ 0.54015583  4.61710194]
 [ 0.35695287 -4.50478948]
 [-0.40943205 -1.81006517]
 [ 3.57907051 -2.09034814]
 [-3.60431081 -2.37025476]
 [-2.77410137 -2.14903601]
 [ 3.78786462  2.57561021]
 [-0.4891911   2.78388273]
 [-0.29461398 -2.44033619]
 [ 2.54020051  1.75007359]]