[[-5.76021149  0.8109951 ]
 [ 2.77075392  2.62599749]
 [ 6.17038775 -0.83683443]
 [ 1.23631229  3.63766012]
 [-3.92468009  2.91345574]
 [-0.63483208  3.43575885]
 [ 1.17490475 -0.68915199]
 [ 4.32122172 -0.24089413]
 [-0.15241916 -1.01356846]
 [ 1.79056386 -4.53839594]
 [-5.01302628 -1.07374063]
 [-3.34816022 -2.45317031]
 [ 3.58686172 -2.88211453]
 [ 0.81623784 -4.16193204]
 [ 2.88314251 -3.92681592]
 [-2.48930485  4.27741704]
 [-1.07398049  1.93150136]
 [-2.9257989  -3.01204926]
 [-2.9735117   2.20544299]
 [-3.11698282  0.59644057]
 [ 4.04689953  2.55047824]
 [ 1.74433534 -2.47217348]
 [-1.76521311  0.79114247]
 [ 2.63649999  1.52455114]]