[[-3.46691264 -4.67812834]
 [ 3.39377292  1.19612822]
 [ 3.9167174   4.84421286]
 [ 3.51870926 -1.68276247]
 [-0.58532922 -4.85694315]
 [ 1.9556552  -2.83720116]
 [ 0.29262142  1.32647448]
 [ 2.80829315  3.27917093]
 [-0.81627031  0.59745255]
 [-1.89458083  4.49828812]
 [-4.27191283 -2.82032767]
 [-4.18328991 -0.63051557]
 [-0.53944808  4.64255767]
 [-2.44741246  3.53972382]
 [ 0.2984279   4.81141629]
 [ 1.33060597 -4.755406  ]
 [ 0.57095834 -2.09739211]
 [-4.14359289  0.04271759]
 [-0.6490978  -3.64257914]
 [-1.79925456 -2.6277757 ]
 [ 4.79623414  0.38684689]
 [-0.5263429   2.95934216]
 [-0.68575944 -1.81171955]
 [ 3.12720818  0.31641928]]