[[-1.22876837 -5.70977464]
 [ 2.57925644  2.1767538 ]
 [ 2.55724592  5.6097311 ]
 [ 3.87226918 -0.3850672 ]
 [ 1.35187029 -4.62618594]
 [ 2.8184436  -1.9786947 ]
 [-0.89662592  1.21162005]
 [-3.88241558  2.23919013]
 [-0.56080771  0.26909083]
 [-2.3130374   4.31210236]
 [-2.96780114 -4.24108471]
 [-4.08333702 -1.33853149]
 [-1.50832175  4.46685464]
 [-2.5836629   3.16501587]
 [-0.1276604   4.78027018]
 [ 2.99998067 -3.90317786]
 [ 1.27380061 -1.81284423]
 [-3.55789072 -2.09494963]
 [ 0.07000895 -3.71726028]
 [-1.12135866 -2.8785277 ]
 [ 4.32334982  2.09668348]
 [-0.22258203  2.98688558]
 [ 0.19441622 -2.04475606]
 [ 3.0136279   1.41665641]]