[[  4.67955221e+00   3.59933905e+00]
 [  2.55878046e+00  -3.04573881e+00]
 [ -1.93274676e+00  -5.94482272e+00]
 [ -3.14043718e+00   2.06551124e+00]
 [  1.80213228e+00   4.46957432e+00]
 [  5.06756574e-03   2.60956280e+00]
 [ -2.05950688e-01  -1.55031443e+00]
 [ -8.52706756e-01  -4.28988548e+00]
 [ -3.09495716e-01  -2.45144197e-01]
 [ -4.92650125e+00  -2.72334472e-01]
 [ -2.02216332e-01   5.37757486e+00]
 [  4.10779254e+00  -4.22783166e-01]
 [ -3.10601259e+00  -3.28870652e+00]
 [ -3.99956265e+00  -1.32475525e+00]
 [ -4.27485216e+00  -2.48143571e+00]
 [  4.63180350e+00   1.17533447e+00]
 [  1.73877595e+00   8.90916012e-01]
 [ -2.00981183e+00   3.85225782e+00]
 [  3.13453891e+00   2.11002593e+00]
 [  1.99547616e+00   2.75949417e+00]
 [  1.62070945e+00  -4.30102560e+00]
 [ -2.86952500e+00  -9.99365038e-01]
 [  5.89439058e-01   2.06788236e+00]
 [  9.65750829e-01  -2.81116163e+00]]