[[ 5.75175537  0.36601359]
 [-3.41150267  1.69119527]
 [-5.70251354 -2.49943294]
 [-2.22597668  3.16813456]
 [ 2.57846772  4.02865511]
 [-0.34777314  3.56627171]
 [-0.89044177 -1.02925223]
 [-4.01708429 -1.57891349]
 [ 0.43530404 -0.85556809]
 [ 0.13563624 -4.90238959]
 [ 4.254689    3.30530363]
 [ 3.796525   -2.16735709]
 [-2.57445099 -3.86083075]
 [-0.13306415 -4.09099435]
 [-1.55613496 -4.65751966]
 [ 1.14786351  4.76305127]
 [ 0.41638897  2.19564786]
 [ 3.70534824 -1.29713953]
 [ 3.3343647   1.16634409]
 [ 2.64630801  1.53178283]
 [-4.61161934  1.25935763]
 [-1.04721777 -2.79541223]
 [ 1.29072955  1.93795591]
 [-2.97560106  0.75509648]]