[[-5.61099788  1.29050985]
 [ 2.13872721 -3.54037605]
 [ 6.13515494 -0.65506449]
 [-0.64387119  2.84262878]
 [-3.76771259 -2.88210779]
 [-0.6236868  -3.5237904 ]
 [ 1.17933812  0.46079779]
 [ 0.83748977  4.53687362]
 [ 0.43354972 -0.2556246 ]
 [ 4.27525708  1.83591159]
 [-5.00861999 -2.11959831]
 [-3.28199829  3.08738466]
 [ 3.87648752  2.54468278]
 [ 2.1726893   3.61487874]
 [ 3.66755524  3.30144288]
 [-2.2491924  -4.39322013]
 [-1.15149906 -1.78010535]
 [-3.11547727  2.27313717]
 [-3.59244525 -0.67724982]
 [-2.84541441 -0.53332248]
 [ 3.7313261  -2.72799822]
 [ 2.67149614  1.2848631 ]
 [-1.78818235 -1.88575058]
 [ 2.56002633 -2.09890273]]