[[ 0.77723676 -5.69692336]
 [ 0.14895743  3.50894918]
 [-2.88218631  5.51984391]
 [ 2.94048828  2.60423621]
 [ 4.28968903 -2.13407341]
 [ 3.4738911   0.69889256]
 [-1.1444782   0.73265124]
 [-2.03465426  3.7983559 ]
 [-0.78036034 -0.48786276]
 [-4.88458407 -0.09725072]
 [ 3.69119921 -3.95849381]
 [-1.77248363 -4.02324115]
 [-4.5358052   1.23458671]
 [-4.16540623 -0.84863071]
 [-4.32463991  2.10692697]
 [ 4.8615494  -0.61250586]
 [ 2.18772362 -0.22087718]
 [-0.87157752 -3.7863948 ]
 [ 1.96551936 -3.08200415]
 [ 1.40665959 -2.5557214 ]
 [ 1.43981021  4.5887222 ]
 [-2.88586036  0.7431633 ]
 [ 2.09448571 -1.10552033]
 [ 1.00482632  3.07317144]]