[[-4.74793648  3.19267027]
 [ 3.97196355 -0.30268118]
 [ 3.45772333 -5.17301569]
 [ 3.45957487  1.37475961]
 [-0.023435    4.88572217]
 [ 2.24013807  2.78576308]
 [ 0.19160306 -1.3431331 ]
 [ 2.52517076 -3.47188234]
 [-0.8573929  -0.49371733]
 [-1.25182073 -4.54702795]
 [-2.54261624  4.7020602 ]
 [-4.36989845  0.25593987]
 [ 0.12990033 -4.62926864]
 [-2.75532078 -3.34284998]
 [-1.99355938 -4.47608573]
 [ 1.65604631  4.63954396]
 [ 0.82397412  2.0851554 ]
 [-3.77146249  0.95145047]
 [-0.78552796  3.57038207]
 [-1.71477708  2.63782643]
 [ 4.47538006 -1.5153104 ]
 [-0.73988319 -2.88593588]
 [-0.29230402  2.06867254]
 [ 2.91446024 -0.96903784]]