[[ 5.7711933  -0.83971327]
 [-1.92583087  3.1116533 ]
 [-6.12554653  1.04478782]
 [-0.10517465  3.96689939]
 [ 3.72453605  3.05725846]
 [ 1.60042223  3.15327263]
 [-1.29218749 -0.4051985 ]
 [-4.19024721  1.11928952]
 [-0.1041408  -1.03795743]
 [-3.16433766 -3.69230644]
 [ 4.4787544  -2.46633811]
 [ 1.88674987 -3.88658575]
 [-3.82153407 -2.63593666]
 [-2.01353542 -3.83712629]
 [-4.39605919 -1.98425764]
 [ 4.3537703   2.24689552]
 [ 1.59290597  1.52550016]
 [ 2.48022219 -3.27497761]
 [ 3.65450311  0.79312814]
 [ 3.07412112 -0.45682874]
 [-2.98892526  3.77793041]
 [-2.42370745 -1.75982739]
 [ 1.94707211  0.31970279]
 [-2.01302404  2.16073569]]