[[-5.68624288  1.31347142]
 [ 1.45516    -3.78279033]
 [ 5.95109034 -1.82081269]
 [-0.23299968 -3.60651326]
 [-4.58409116 -1.51471997]
 [-1.95959223 -2.94867907]
 [ 1.33405578  0.21852299]
 [ 4.07703759 -1.3247222 ]
 [ 0.23914116  1.00789088]
 [ 3.97390589  2.59194852]
 [-4.24318396  2.93488731]
 [-2.13242494  3.62097583]
 [ 4.467207    1.28023621]
 [ 2.37147524  3.58591048]
 [ 3.65908957  3.29222309]
 [-3.91465304 -2.99327202]
 [-1.78807472 -1.40702329]
 [-1.4926446   3.90858469]
 [-3.74178795 -0.29526666]
 [-2.9661428   0.85551379]
 [ 2.7983778  -3.78152363]
 [ 2.55143231  1.57974761]
 [-1.96335985 -0.23111866]
 [ 1.82722512 -2.48347105]]