[[-3.74148337 -4.37179896]
 [-0.26598454  4.15945555]
 [ 5.18394115  3.47289843]
 [ 1.15687032 -2.87745521]
 [-4.68380831  1.00802028]
 [-2.48440754  2.55177083]
 [ 1.22388698  0.94307717]
 [ 3.31968805  2.83334842]
 [ 0.35889996 -0.0269255 ]
 [ 4.43163252 -2.04209047]
 [-5.48259382 -0.04965969]
 [-1.56830774 -4.05625715]
 [ 4.52621249  0.52921318]
 [ 3.53140914 -2.65359837]
 [ 4.81071564 -0.73541934]
 [-4.42984306 -1.54776215]
 [-1.76093921 -0.14449071]
 [-0.60662303 -4.03069567]
 [-3.08298658 -1.22719806]
 [-3.30066275  1.31349888]
 [ 1.35268423  4.45119054]
 [ 2.94673311 -0.74138787]
 [-2.29834597  0.21690424]
 [ 0.86331234  3.02536164]]