[[ 2.15955244  5.42263604]
 [ 3.01204472 -2.91109498]
 [-1.09840911 -6.13630475]
 [-2.79354006  1.40590733]
 [ 2.97500772  3.64712571]
 [ 3.30575717 -0.14510217]
 [-0.39382467 -1.47118954]
 [-0.92357208 -4.17127415]
 [-0.18811699 -0.23994557]
 [-4.93850236 -0.67835721]
 [ 0.1054747   5.109773  ]
 [-2.24162411  3.64093214]
 [-3.88983289 -2.71609615]
 [-4.11191407 -1.03704567]
 [-3.3797668  -3.40891522]
 [ 4.82678633  1.28985519]
 [ 1.92169593  0.79835698]
 [-1.60719249  3.85633485]
 [ 3.56439005  1.9481689 ]
 [ 1.87250901  2.62239136]
 [ 1.91203757 -4.22139535]
 [-2.65667079 -1.37373021]
 [ 1.13303932  1.64187821]
 [ 1.43467145 -2.87290874]]