[[ 5.08967432 -2.82288498]
 [ 0.49453263  4.04680423]
 [-4.94174122  3.77743631]
 [-1.40023786 -3.05360381]
 [ 4.8129516   0.26645653]
 [ 2.44161153  0.24113287]
 [-1.13028101  1.13195493]
 [-3.0579151   3.16936491]
 [-0.39043533 -0.02566535]
 [-4.30574936 -2.46670424]
 [ 3.28840672 -3.99317588]
 [ 1.34259708 -3.87426364]
 [-4.68709444 -0.08807258]
 [-3.95949751 -1.56086306]
 [-4.73502532  0.67048693]
 [ 4.53683164 -0.7664527 ]
 [ 1.87843128 -0.27774609]
 [ 0.45175905 -4.34707019]
 [ 3.70624794  2.50888236]
 [ 3.20059289  1.76547268]
 [-1.02606251  4.50570309]
 [-2.95014689 -0.57057424]
 [ 2.04743356 -1.14485324]
 [-0.70688369  2.90823516]]