[[ 2.10388221  5.31196325]
 [-3.76900314 -1.80408528]
 [-0.64805981 -6.19494312]
 [ 3.16914832  0.41714931]
 [-2.65418695  4.08782293]
 [-3.11662075  0.87715621]
 [-0.25173458 -1.50127672]
 [-0.80076718 -4.25554997]
 [ 0.18928871 -0.26221282]
 [ 4.40209917 -2.29935793]
 [-0.11862459  5.17784365]
 [ 2.59735485  3.23871287]
 [ 2.68332746 -3.8491115 ]
 [ 3.4984175  -2.370808  ]
 [ 2.05249508 -4.32414887]
 [-1.66159124  4.29988251]
 [-0.99632011  1.62179351]
 [ 3.28669459  2.59029641]
 [-3.78917146  2.32362807]
 [-2.45237911  2.37957222]
 [-3.19373206 -3.35816066]
 [ 2.04195782 -2.17071278]
 [-0.40871588  2.27770188]
 [-2.16375888 -2.21315515]]