[[-0.03642872  5.81684415]
 [ 2.57224695 -2.4772531 ]
 [-0.15892917 -6.21002333]
 [ 3.67061527 -0.68940365]
 [ 3.05049301  3.8207137 ]
 [ 0.82436058  2.1917253 ]
 [-0.35701942 -1.38246463]
 [ 0.96693164 -4.44625854]
 [-1.13622115  0.01548595]
 [-4.25498276 -2.4720469 ]
 [-1.77939178  4.78763687]
 [-3.56567357  2.47120493]
 [-2.11192664 -4.0717786 ]
 [-3.87201607 -1.61624181]
 [-3.37358989 -3.52904671]
 [ 1.76764199  4.35611441]
 [ 1.21561355  1.4558673 ]
 [-2.91535996  3.02044346]
 [ 3.85484994  2.08213556]
 [ 2.76180524  2.14601384]
 [ 3.54213198 -3.27465172]
 [-2.15645128 -2.16279768]
 [-0.16144364  2.39944321]
 [ 1.65274389 -2.23166202]]