[[-5.31260416 -2.09975756]
 [ 3.86677649 -1.54573398]
 [ 4.93814354  3.82091992]
 [-2.53398608  2.04441225]
 [-2.26458556 -4.02862764]
 [ 0.8025682  -2.51106046]
 [ 1.33148352  0.84397515]
 [ 3.70094178  2.31330532]
 [ 0.08436676  0.34051836]
 [-1.33698801  4.77490134]
 [-3.6657734  -3.71817643]
 [-4.11903126 -0.33149784]
 [ 1.94919089  4.12473229]
 [-0.62905403  4.16376559]
 [ 0.81910302  4.8266123 ]
 [-0.73328791 -4.93075494]
 [-0.56140824 -1.83573815]
 [-4.15520271  0.62566869]
 [ 1.31302084 -4.24571255]
 [-0.04551645 -3.58043813]
 [ 4.6412424  -0.07192706]
 [ 0.17103615  3.00400271]
 [-1.39075951 -1.88149352]
 [ 3.13032372 -0.10189566]]