[[-5.04921116 -2.80751795]
 [ 1.14345082  4.02878462]
 [ 5.98732458  1.73810351]
 [ 0.14054774 -3.06364904]
 [-4.63331774  0.72383594]
 [-1.59739781  3.18455987]
 [ 1.46391218  0.34037697]
 [ 4.07371442  1.2892883 ]
 [ 0.30108503  0.01702136]
 [ 2.96908815 -4.01035049]
 [-5.20302432  1.65729133]
 [-2.66851223 -3.61170159]
 [ 4.22023417 -2.15250745]
 [ 2.82801131 -3.15849294]
 [ 4.59198433 -1.33875767]
 [-3.44050468  3.47908856]
 [-1.59121656  1.20099256]
 [-1.97307578 -3.27143198]
 [-3.55056345 -0.61829184]
 [-2.9722316   0.07375834]
 [ 2.81895872  3.68422828]
 [ 2.50899705 -1.6326902 ]
 [-2.16601195  1.56155034]
 [ 1.79775877  2.68651116]]