[[-2.62553646  5.18696739]
 [ 3.29220991 -0.86487455]
 [ 2.57450821 -5.62136797]
 [ 3.63333091  0.91834812]
 [ 1.06801226  4.77258982]
 [-0.09436857  2.46353826]
 [ 0.20634112 -1.31733438]
 [ 4.57195161 -1.99059506]
 [-1.11261034 -0.51315687]
 [-2.56158388 -4.15656055]
 [-3.73908845  3.50120051]
 [-3.96383024  1.45863245]
 [-0.07185665 -4.58354747]
 [-2.96308    -3.12721496]
 [-1.42671913 -4.68569356]
 [-0.42205103  4.66718791]
 [ 0.41144327  1.87033863]
 [-4.21174943  0.7098064 ]
 [ 2.63576579  3.55495622]
 [ 1.69613842  3.12990585]
 [ 3.25867957 -2.82440029]
 [-1.08868114 -2.9108415 ]
 [-1.13013352  2.06994395]
 [ 2.06290776 -1.70782837]]