[[ 5.16545948  2.70224041]
 [-3.4079689   1.46051315]
 [-5.5590187  -2.79497554]
 [-2.41008561  3.11840441]
 [ 1.19280596  4.66253518]
 [-0.54874571  3.48861742]
 [-0.85923732 -1.04176845]
 [-4.04788417 -1.60146621]
 [ 0.53515137 -0.94139321]
 [-0.16442362 -4.90221003]
 [ 5.08826851  0.6055888 ]
 [ 3.99969235 -1.23668466]
 [-2.44593223 -3.91520007]
 [ 0.48789423 -4.15679701]
 [-1.40975771 -4.67259711]
 [ 2.15050669  4.39927625]
 [ 0.39619062  2.1947837 ]
 [ 3.72969897 -1.90323067]
 [ 2.56751594  2.78703237]
 [ 2.70517583  1.52153788]
 [-4.65406922  1.19836202]
 [-0.90692067 -2.88913516]
 [ 1.35114517  1.36914675]
 [-2.95546127  0.5474198 ]]