[[-2.48790809  5.2716976 ]
 [ 3.0521939  -1.75727136]
 [ 3.21482867 -5.33224858]
 [ 3.81465666  1.07434438]
 [ 1.76953932  4.46854816]
 [ 2.48869119  2.50588573]
 [ 0.04092551 -1.34667692]
 [ 2.11527683 -3.78491018]
 [-0.98132033 -0.43404965]
 [-1.65231855 -4.47477658]
 [-3.80237633  3.49508018]
 [-3.92465046  1.3245131 ]
 [-0.30680533 -4.65161786]
 [-3.00164723 -3.08656342]
 [-2.45558622 -4.26029684]
 [ 0.84999887  4.80460312]
 [ 0.97144537  1.99745822]
 [-4.18748222  0.66218504]
 [-0.57405092  3.71528206]
 [-1.42482939  2.69530606]
 [ 4.64412822 -1.22055807]
 [-1.05907864 -2.8095672 ]
 [-0.15874365  1.98632199]
 [ 3.05511282 -0.84268896]]