[[ 4.12572016 -3.95899076]
 [-1.12277386  3.36035678]
 [-5.87689116  1.91119579]
 [ 0.63013746  3.94913774]
 [ 4.68491048  1.80702392]
 [ 2.18812777  2.77237061]
 [-1.25662887 -0.02627875]
 [-2.6119474   4.23694843]
 [-0.33929089 -1.10510566]
 [-3.23536829 -3.52515696]
 [ 5.38385681 -0.69764929]
 [ 1.7941786  -3.98447608]
 [-3.92824216 -2.4942939 ]
 [-4.0424126  -0.85638756]
 [-4.65932165 -1.80837311]
 [ 4.0792197  -1.51138836]
 [ 1.79164929  0.86954174]
 [ 1.04648186 -3.77214031]
 [ 3.57362256  1.63568573]
 [ 3.31954709  0.28193079]
 [-3.15892164  2.90662311]
 [-2.65512664 -1.44047699]
 [ 2.08334157 -0.53082131]
 [-1.8138682   1.98072441]]