[[-3.44254999  4.69798495]
 [-1.28920742 -3.85584773]
 [ 3.89858274 -4.79554473]
 [-2.16364928 -2.49301424]
 [-4.71077389  1.31649569]
 [-2.28225051  0.94970565]
 [ 1.08988201 -0.81814145]
 [ 0.35624023 -5.0063791 ]
 [ 0.95186782  0.75445851]
 [ 4.71602454 -0.6073281 ]
 [-1.42203485  4.90952317]
 [ 0.53865055  4.22373546]
 [ 4.12609136 -2.03102798]
 [ 4.15238548  1.23549774]
 [ 4.94484849  0.13238464]
 [-3.84062631  2.59199264]
 [-1.79264199  0.53482744]
 [ 1.28371387  4.04169454]
 [-4.41505153 -0.77918653]
 [-3.67246794 -0.04122188]
 [ 0.90484666 -3.93768541]
 [ 3.05690298 -0.34513916]
 [-1.3392722   1.9464071 ]
 [ 0.35048917 -2.62419121]]