[[-5.48468734  2.00473065]
 [ 2.52617229 -2.48131849]
 [ 6.21900868  0.22474611]
 [ 0.7571773  -3.8381544 ]
 [-4.69620062 -0.8048242 ]
 [-1.32932511 -2.48079183]
 [ 1.24378563  0.78968964]
 [ 4.42936564 -0.56983814]
 [ 0.16013096  0.62609107]
 [ 3.1691367   3.53128552]
 [-4.2052902  -3.51513931]
 [-3.36325971 -1.90910464]
 [ 3.9952246   2.38141568]
 [ 1.40918076  4.0526791 ]
 [ 2.7393944   4.12176253]
 [-4.38799658  0.52189816]
 [-1.75632409 -0.30329086]
 [-1.87799143 -4.09963158]
 [-2.85862308  3.12554553]
 [-2.54789649  2.26660662]
 [ 3.44660415 -3.35677093]
 [ 2.153832    2.1524261 ]
 [-2.03897416 -0.76414187]
 [ 2.29755569 -1.67587046]]