[[-5.22832602  2.38212879]
 [ 3.9453745   0.41496774]
 [ 4.4418874  -4.34971361]
 [ 3.17945353  1.98759395]
 [-0.80659358  4.73551809]
 [ 1.70880452  3.17545529]
 [ 0.31923528 -1.29100167]
 [ 3.03961959 -2.97322248]
 [-0.69811303 -0.60444788]
 [ 0.44790483 -4.53682149]
 [-2.90672414  4.57226341]
 [-4.38154934 -0.58420582]
 [-0.96316005 -4.60465041]
 [-2.12211196 -3.82028275]
 [-0.03819224 -4.9608716 ]
 [ 0.77526448  4.84634277]
 [ 0.42714112  2.22766616]
 [-3.899466    0.21386551]
 [-2.09271645  2.90749655]
 [-2.23872134  2.0287435 ]
 [ 4.66314753 -0.6797705 ]
 [-0.07036034 -2.94687556]
 [-0.5192606   2.23757476]
 [ 3.0174623  -0.37775276]]