[[-2.31649599  5.26426869]
 [-1.46014628 -3.9083688 ]
 [ 3.95909123 -4.82217806]
 [ 1.94987936  2.41766692]
 [-4.79162782  0.34673128]
 [-3.09592889 -1.70488858]
 [ 0.87500738 -1.27885874]
 [ 2.38255246 -3.69397853]
 [ 0.34716895 -0.04147091]
 [ 4.88834872  0.61544835]
 [-5.21976338  1.67171016]
 [-0.36727132  4.27614701]
 [ 4.27814637 -1.83280738]
 [ 4.22137114 -0.36536983]
 [ 4.68085851  1.21166403]
 [-3.77838844  2.78897943]
 [-1.65099801  0.63876225]
 [ 0.61876768  4.07422487]
 [-2.61098495  2.05887983]
 [-3.56196391 -0.3260179 ]
 [ 0.00691404 -4.65514299]
 [ 2.96873426 -0.07710619]
 [-2.26996023  0.49130365]
 [-0.05331086 -3.14959856]]