[[-0.1852868   5.84362615]
 [ 1.42247146 -3.26718145]
 [-2.14564108 -5.83043784]
 [ 3.38145767 -2.02729246]
 [ 3.22527781  3.45304765]
 [ 2.84619644  0.47265003]
 [-1.46416079 -0.44999575]
 [-1.13329663 -4.18894832]
 [-0.41170708 -0.12973253]
 [-4.40582191 -1.76987825]
 [ 4.79140307  2.53502401]
 [-2.47862819  3.57754244]
 [-4.66904643 -1.1056191 ]
 [-4.34525926  0.15836339]
 [-3.81350836 -2.92829937]
 [ 2.03753513  4.21449713]
 [ 1.17225683  1.46270087]
 [ 4.41970382  0.15869851]
 [-0.46916802  3.83677707]
 [-0.13795882  3.01042082]
 [ 1.97704923 -4.38452177]
 [-2.56011687 -1.60280791]
 [ 2.01927945  1.61159495]
 [ 0.92696935 -2.65022827]]