[[ 5.65079906 -1.50093929]
 [-0.21591934  4.05855895]
 [-5.60366614  2.6612428 ]
 [-0.88868612 -3.34616144]
 [ 4.59723378 -0.0402219 ]
 [ 2.29652444 -1.12395287]
 [-1.17733717  0.95659421]
 [-2.49368474  4.28061454]
 [-0.38498698 -0.15218531]
 [-3.83215066 -3.14053165]
 [ 4.04415343 -3.3549726 ]
 [ 2.02946103 -3.59622794]
 [-4.51942193  0.27766207]
 [-3.67277074 -2.12932888]
 [-4.78919759 -1.10055167]
 [ 4.56290449  1.66606267]
 [ 2.01404989  0.4651385 ]
 [ 1.16925543 -4.24691743]
 [ 3.08942456  3.13024197]
 [ 2.73453212  2.20301748]
 [-2.60461641  3.08146794]
 [-2.86134719 -1.08505647]
 [ 2.24686607 -0.33494775]
 [-1.3914193   2.37139408]]