[[-5.28015383  2.26990535]
 [ 1.51526243 -3.77188268]
 [ 6.15520779 -0.83939557]
 [-0.25807819  3.31743604]
 [-4.44721096 -1.59068964]
 [-2.54587063  0.12926147]
 [ 1.51421853 -0.48547221]
 [ 4.19405548 -1.42553963]
 [ 0.333564    0.15738367]
 [ 3.19101749  3.76140546]
 [-5.2672871  -0.20866813]
 [-3.1462823   2.90416629]
 [ 4.01200174  2.17355469]
 [ 2.18663097  3.77169683]
 [ 4.49859767  1.66498478]
 [-3.77155375 -3.15979486]
 [-1.68591341 -0.99296872]
 [-2.38117582  3.49261002]
 [-1.87456484 -3.9184548 ]
 [-1.9442382  -2.90106569]
 [ 3.0498373  -3.44205943]
 [ 2.31932431  1.9397056 ]
 [-2.35461601 -0.64977721]
 [ 1.98722733 -2.19634164]]