[[ 5.72287917 -0.1086139 ]
 [-3.43937538  2.11249193]
 [-5.83709278 -2.14096097]
 [-1.98080337  3.06342063]
 [ 2.82117993  3.95791245]
 [-0.21790144  3.59557272]
 [-0.91471377 -1.01258174]
 [-4.02024992 -1.39297895]
 [ 0.3841419  -0.87325628]
 [-0.72501391 -4.79031059]
 [ 4.75001588  2.5166251 ]
 [ 3.71717764 -2.33002684]
 [-1.92083704 -4.25673819]
 [ 0.30654069 -4.31743078]
 [-2.7304418  -3.95063551]
 [ 1.32656152  4.74245935]
 [ 0.54442044  2.19322202]
 [ 3.62057868 -1.41081233]
 [ 2.82665256  2.25811798]
 [ 2.91513319  1.05731368]
 [-4.51663842  1.33068558]
 [-1.09601878 -2.77100742]
 [ 1.40243275  1.61845389]
 [-2.93862775  0.90907817]]