[[ 4.31351609 -3.94925038]
 [-3.66103265 -0.8183355 ]
 [-5.00911573  3.68561237]
 [-2.96199166 -2.56275536]
 [ 1.48550459 -4.56194434]
 [-1.18612609 -3.30409939]
 [-0.52814519  1.23106393]
 [-3.52466356  2.42276806]
 [ 0.63439728  0.73750568]
 [-1.1109592   4.38458993]
 [ 4.89631028 -1.70866056]
 [ 4.11048169  1.27937174]
 [ 0.22324855  4.71489972]
 [ 1.49691999  4.11388009]
 [-0.79175895  4.92886001]
 [-0.03899216 -4.90916858]
 [-0.0720896  -2.26946881]
 [ 4.14488624  0.39811212]
 [ 2.18893715 -2.98579015]
 [ 2.50397909 -1.70134652]
 [-4.77747691 -0.20559333]
 [-0.2933358   2.94963083]
 [ 0.95560879 -1.8343386 ]
 [-2.9981022  -0.03554295]]