[[-0.47524158  5.8344926 ]
 [ 3.9710769  -0.87861668]
 [ 1.88175058 -5.94558329]
 [-3.4182953  -0.28336351]
 [ 0.67890287  4.52169934]
 [-0.72027312  2.42039905]
 [ 0.75957824 -1.41729225]
 [ 1.93705102 -3.94820615]
 [-0.09997618 -0.37042698]
 [-3.38054733 -3.66806226]
 [-2.57196467  4.56808154]
 [-3.25925135  2.59651531]
 [-0.56380016 -4.50025839]
 [-3.14142787 -2.81151819]
 [-1.90029309 -4.47301788]
 [ 2.48626214  4.21069274]
 [ 0.76489458  1.86494879]
 [-3.97891431  1.8796606 ]
 [ 3.54683275  2.52169804]
 [ 2.51839133  2.36054071]
 [ 3.90512222 -2.47284924]
 [-1.5220812  -2.63177426]
 [ 0.04004697  2.26475033]
 [ 2.54215655 -1.64250997]]