[[-2.61397429 -5.11205927]
 [ 3.82919663  1.43914291]
 [ 1.07591789  6.14179477]
 [-3.10460109 -0.19388829]
 [ 1.46634355 -4.53323882]
 [ 0.29026989 -2.78212886]
 [ 0.51125435  1.53542971]
 [ 1.27297618  4.18151184]
 [-0.10480567  0.32698011]
 [-3.65234123  3.22728223]
 [-0.08394706 -5.27197499]
 [-3.64358202 -2.61117875]
 [-1.25102473  4.37850741]
 [-3.81539767  2.18923754]
 [-2.54653502  4.12396819]
 [ 3.09339618 -3.84749726]
 [ 1.03400904 -1.69176497]
 [-2.86832657 -2.68834461]
 [ 3.88021869 -1.95439894]
 [ 2.86345448 -2.00135926]
 [ 3.50748863  3.01866517]
 [-1.86725699  2.3771838 ]
 [ 0.38721972 -2.22424324]
 [ 2.3400471   1.97237359]]