[[-4.19538443 -4.01735104]
 [ 3.71838402 -0.4758468 ]
 [ 4.32789601  4.45200157]
 [ 2.97555412 -2.05724577]
 [-0.59313315 -4.85424777]
 [-0.95654925 -2.2251102 ]
 [ 0.76808017  1.17873449]
 [ 3.78275063  2.46458434]
 [-0.85065496  0.82227256]
 [-0.89515932  4.77875582]
 [-4.71009206 -2.0305404 ]
 [-4.18838334 -0.0217223 ]
 [ 1.39151439  4.48611789]
 [ 0.19581521  4.1709611 ]
 [-1.65013812  4.53400103]
 [-1.94202448 -4.28932186]
 [-0.19851792 -1.90745299]
 [-4.20193523  0.75896971]
 [ 1.24046802 -4.23143704]
 [ 0.41095851 -3.51232987]
 [ 4.7771592   0.12974301]
 [-0.2321639   2.9891228 ]
 [-1.78752452 -1.53215941]
 [ 2.81308043  0.38950115]]