[[-4.9832392   2.9659139 ]
 [ 1.89585394 -3.14421909]
 [ 6.12613702 -1.01101846]
 [ 0.12340952 -3.99048483]
 [-3.75988223 -2.98587204]
 [-1.69755285 -3.23389856]
 [ 1.2422513   0.46115126]
 [ 4.14855127 -1.1241129 ]
 [ 0.09805467  0.95749801]
 [ 4.11914087  1.98041343]
 [-5.11230861 -1.97593438]
 [-2.0667143   4.00647979]
 [ 3.35214563  3.32045743]
 [ 2.05552547  3.90523653]
 [ 4.094536    2.71725704]
 [-4.48069615 -0.89591415]
 [-1.59459714 -1.52999346]
 [-2.1122433   3.09725078]
 [-3.69092258  0.98033398]
 [-2.8813126   0.49303664]
 [ 3.03426359 -3.70208869]
 [ 2.36498469  1.80128936]
 [-2.20164841 -0.91476255]
 [ 1.92626341 -2.17801902]]