[[-4.64761305 -3.37894223]
 [ 4.15047289 -0.62472087]
 [ 4.03177227  4.74817021]
 [-2.60421745  1.35997209]
 [ 1.01893243 -4.60082962]
 [ 2.37251263 -2.80933706]
 [ 0.91164701  1.1793402 ]
 [ 2.92682558  3.13499993]
 [-0.02046676  0.30886746]
 [-1.7025285   4.58133985]
 [-1.90806613 -5.05207293]
 [-4.16874603 -1.17415485]
 [-0.23732175  4.70661402]
 [-2.42207711  3.71970018]
 [ 0.63674505  4.72216729]
 [ 0.48670937 -4.88840163]
 [ 0.77888827 -2.060527  ]
 [-4.10907333 -0.26648281]
 [-1.80222207 -3.0103801 ]
 [-1.04492454 -2.85934255]
 [ 4.53341105  1.0247882 ]
 [-0.47099899  2.97711921]
 [ 0.14154921 -2.303072  ]
 [ 3.14878993  0.565185  ]]