[[ 5.15719995 -2.74060014]
 [-3.43931836 -1.643084  ]
 [-5.74552357  2.3614239 ]
 [-2.33475222 -3.06105851]
 [ 2.41946342 -4.18074433]
 [-0.4580368  -3.4659943 ]
 [-0.80051247  1.06958822]
 [-3.87482571  1.74738965]
 [ 0.49422131  0.90037758]
 [-2.22815166  4.17211316]
 [ 5.11395177 -0.59412932]
 [ 4.05688414  1.39518753]
 [-1.78294517  4.29806735]
 [ 0.57307255  4.31665185]
 [-0.65908657  4.86768773]
 [ 0.9666607  -4.82483698]
 [ 0.42666604 -2.22874444]
 [ 3.64699823  1.93405682]
 [ 2.64161319 -2.68462839]
 [ 2.81751452 -1.30013394]
 [-4.61686331 -1.11338813]
 [-0.75927136  2.89004477]
 [ 1.34295491 -1.46351324]
 [-2.95791352 -0.65173281]]