[[ 3.73902303  4.35587886]
 [ 0.17328886 -4.05758716]
 [-5.22895858 -3.39324279]
 [-1.08459292  2.96011803]
 [ 4.79442365 -0.44882465]
 [ 2.32084746 -0.85256383]
 [-1.24356011 -1.03046438]
 [-3.32008717 -2.90011306]
 [-0.36636191  0.02414756]
 [-4.41966825  2.1233101 ]
 [ 5.30226548  1.2695619 ]
 [ 1.14230724  4.38768826]
 [-4.52877387 -0.56536733]
 [-3.51301822  2.63292978]
 [-4.79847286  0.7117064 ]
 [ 4.03873361  1.52931934]
 [ 1.85022521  0.10948904]
 [ 1.19155566  3.65673127]
 [ 3.45833161 -2.80607255]
 [ 3.38143334 -1.86939335]
 [-1.3411728  -4.44565539]
 [-2.94109472  0.79563183]
 [ 2.33715538  0.6851934 ]
 [-0.9438291  -2.87242129]]