[[ -5.32149196e+00   2.42247511e+00]
 [ -5.71724613e-01  -3.97870161e+00]
 [  4.33631863e+00  -4.38975301e+00]
 [  1.48915391e+00   3.15084655e+00]
 [ -4.54197810e+00   8.46979109e-01]
 [ -2.10139319e+00   1.51510477e+00]
 [  1.05147250e+00  -1.07143864e+00]
 [  3.65946412e+00   2.75261654e+00]
 [  2.97247924e-01  -2.44879837e-01]
 [  4.89233507e+00   6.23273299e-01]
 [ -3.48064805e+00   3.89795015e+00]
 [ -1.32896439e+00   3.98631023e+00]
 [  4.66491539e+00  -7.09205335e-01]
 [  3.91199320e+00   1.05506753e+00]
 [  4.30578946e+00  -1.94928996e+00]
 [ -4.79624105e+00  -1.32373579e+00]
 [ -1.98576095e+00  -1.82122356e-03]
 [ -4.58872504e-01   4.32879408e+00]
 [ -3.46926549e+00  -2.41570536e+00]
 [ -3.13621079e+00  -1.23785265e+00]
 [  1.04053914e+00  -4.49334137e+00]
 [  2.91215323e+00  -4.63187725e-01]
 [ -2.08851459e+00   7.95254791e-01]
 [  7.19683106e-01  -3.09575963e+00]]