[[ 4.41126845 -3.82328897]
 [-1.08628732  3.26443037]
 [-5.43240427  2.91696478]
 [ 0.82278621  3.86572689]
 [ 4.7077882   0.02524755]
 [ 2.18913383  1.84171995]
 [-1.23978492 -1.28334852]
 [-2.63685825 -3.7213848 ]
 [-0.44183574 -0.02211715]
 [-4.54721714  0.22711281]
 [ 5.08504371  1.83885183]
 [ 0.95799329 -4.24947264]
 [-4.30341401 -2.41295508]
 [-3.581616   -1.81945216]
 [-4.88416608 -0.46437036]
 [ 4.44891689 -1.23268717]
 [ 1.86316053 -0.20831566]
 [ 3.14863822  3.11450982]
 [ 2.41989843 -3.1077924 ]
 [ 2.10413431 -2.25258541]
 [-2.03503013  4.31457129]
 [-2.96287819  0.22084795]
 [ 2.51924319  0.36097413]
 [-1.52651322  2.60681295]]