[[ 3.82603317 -4.28091521]
 [-4.06681493  0.312639  ]
 [-2.44392554  5.7254677 ]
 [ 3.20076602  0.77084136]
 [-1.10811537 -4.68543402]
 [-0.8933251  -2.38985166]
 [-0.91992276  1.31139625]
 [-2.77275608  3.59489104]
 [ 0.12109763  0.36663721]
 [ 3.23286162  3.74827589]
 [ 0.48135377 -5.42663621]
 [ 3.68743463 -2.13116233]
 [-0.08994318  4.50519417]
 [ 2.30925804  3.53801323]
 [ 1.30289986  4.71778582]
 [ 1.09153948 -4.21777333]
 [-0.08041873 -1.84935201]
 [ 3.99920776 -1.19556702]
 [-3.23430648 -3.056014  ]
 [-2.36944701 -2.9570204 ]
 [-4.18491021  1.88018921]
 [ 1.11102156  2.81194679]
 [ 0.4423098  -2.37539117]
 [-2.64189796  1.28183968]]