[[  4.68028004e+00  -3.30717645e+00]
 [ -1.67353506e+00   3.11941458e+00]
 [ -6.12459547e+00   8.87727624e-01]
 [  4.01638459e-04   3.74482561e+00]
 [  4.46972012e+00   2.03840485e+00]
 [  2.20099074e+00   1.19309569e+00]
 [ -1.34638741e+00  -8.98258319e-02]
 [ -3.20361592e+00   3.84972428e+00]
 [ -1.88614398e-01  -1.14615782e+00]
 [ -2.80196967e+00  -4.01450261e+00]
 [  5.43468188e+00   6.31417864e-02]
 [  1.92267434e+00  -4.00716315e+00]
 [ -4.40192972e+00  -1.28006279e+00]
 [ -2.72622306e+00  -3.14575711e+00]
 [ -4.13669177e+00  -2.69624219e+00]
 [  4.28599423e+00  -6.34200473e-01]
 [  1.67910175e+00   7.06852515e-01]
 [  2.19310353e+00  -3.20160774e+00]
 [  2.76997546e+00   3.46720029e+00]
 [  2.86341329e+00   2.46514958e+00]
 [ -3.57513005e+00   2.39143667e+00]
 [ -2.53443337e+00  -1.71240727e+00]
 [  2.38129179e+00  -3.10085655e-01]
 [ -2.16850293e+00   1.61821561e+00]]