[[-2.22035269 -5.38893602]
 [-2.87713406  3.05352923]
 [ 1.48148811  6.06238895]
 [ 2.54709739 -1.43311405]
 [-3.33198247 -3.41880873]
 [-3.37232844  0.31646325]
 [ 0.4520709   1.46427865]
 [ 1.07720724  4.15095216]
 [ 0.21275723  0.21745718]
 [ 4.75684889  1.1419709 ]
 [-0.34046298 -5.06664383]
 [ 2.16030046 -3.80293907]
 [ 3.27405131  3.24822556]
 [ 4.40567043  0.11832394]
 [ 4.214416    2.43150913]
 [-4.86537973 -1.11565225]
 [-2.03441719 -0.65057815]
 [ 1.44774174 -3.84866448]
 [-3.54856047 -1.85713988]
 [-1.78547511 -2.6670708 ]
 [-1.7160508   4.31221194]
 [ 2.75458308  1.25733638]
 [-1.38337712 -1.47474213]
 [-1.30871171  2.94964214]]