[[ 5.81894743  0.46528346]
 [-1.31102767  3.63711529]
 [-5.81781303  2.05161576]
 [-0.04528909 -3.45526849]
 [ 4.48287281 -0.86972082]
 [ 2.2159711   1.40517304]
 [-1.1700428  -0.43152631]
 [-2.01973712 -4.26827559]
 [-0.42005638  0.87948341]
 [-4.49531487 -1.65782232]
 [ 4.53815487  2.70097178]
 [ 2.57927309  3.30003296]
 [-4.11074763 -2.73714581]
 [-3.15076906 -2.33551699]
 [-4.74952166 -0.03814982]
 [ 4.36689825 -1.76333278]
 [ 1.91951157 -0.4486463 ]
 [ 1.75776277  3.99786446]
 [ 2.76928533 -3.42569688]
 [ 2.43158078 -2.53499403]
 [-2.92159544  3.4990248 ]
 [-2.96582636 -0.52243242]
 [ 2.27608555  0.30067149]
 [-1.97860245  2.25129209]]