[[ -4.41833273e+00   3.80954782e+00]
 [  8.94034170e-01  -3.42741982e+00]
 [  4.44655206e+00  -4.36199128e+00]
 [ -1.97665294e+00  -3.40713055e+00]
 [ -4.81525411e+00   7.39626110e-01]
 [ -2.96941620e+00  -1.70488438e+00]
 [  1.30134224e+00  -2.95659769e-01]
 [  3.03961848e+00  -3.05311058e+00]
 [  6.17527764e-01   7.71865033e-01]
 [  4.54588418e+00  -3.65001988e-01]
 [ -2.45834836e+00   4.50247554e+00]
 [  5.33028348e-01   4.28286048e+00]
 [  4.59529538e+00   1.04176611e+00]
 [  3.78671874e+00   2.20052277e+00]
 [  4.97505424e+00   1.21551101e-01]
 [ -4.81982203e+00  -9.74777568e-01]
 [ -2.13780242e+00  -3.94693313e-01]
 [ -3.32998469e-01   4.10823367e+00]
 [ -3.54875693e+00   1.21104616e+00]
 [ -2.40564790e+00   2.08965878e+00]
 [ -4.48756755e-03  -4.80527071e+00]
 [  2.95478152e+00   2.27403411e-01]
 [ -1.81366841e+00   8.20791510e-01]
 [  1.13509590e-02  -3.13740854e+00]]