[[ 5.63078541  1.17504255]
 [-3.55343453 -0.06960113]
 [-5.14782183 -3.51925572]
 [-2.84487759  2.74266849]
 [ 1.78216464  4.44602697]
 [-0.94497407  3.41199302]
 [-0.64342658 -1.14828026]
 [-3.78241554 -2.18887434]
 [ 0.58669525 -0.74861414]
 [ 1.13788325 -4.62276728]
 [ 3.59052474  4.0331874 ]
 [ 4.15139667 -1.4200871 ]
 [-0.00831181 -4.63792803]
 [-1.41218829 -3.89409841]
 [-1.00327618 -4.89025086]
 [ 0.26690441  4.88897038]
 [ 0.0844045   2.20360766]
 [ 3.72713175 -0.68079733]
 [ 3.18235405  1.86413566]
 [ 2.39923135  1.94055423]
 [-4.68194208  1.11709751]
 [-0.41173752 -2.89945829]
 [ 0.97237543  2.12207153]
 [-3.07744543  0.77465748]]