[[-4.57700205 -3.42025514]
 [ 4.14392071 -0.08279732]
 [ 3.56089735  5.14070845]
 [-3.35202021  1.07056017]
 [-1.3714499  -4.56758289]
 [ 2.07114583 -2.38757855]
 [ 0.91065757  1.25073986]
 [ 2.52277394  3.51158053]
 [-0.08551394  0.3865312 ]
 [-2.97081409  3.92672196]
 [-2.9272968  -4.34830981]
 [ 2.87733677 -3.36406909]
 [ 0.38407513  4.56713535]
 [-1.75503783  3.83424022]
 [-0.94326497  4.83942867]
 [ 1.30993602 -4.811471  ]
 [ 0.64313071 -2.03631177]
 [-4.01973097 -0.85074747]
 [-0.18439495 -3.7240615 ]
 [-1.89792069 -2.42537331]
 [ 4.34303065  1.57749149]
 [-1.01119568  2.83544737]
 [-0.62665911 -1.93238796]
 [ 2.95539649  1.01036054]]