[[-0.57187853 -5.6927759 ]
 [-1.25670643  3.44653472]
 [ 2.9644693   5.4599268 ]
 [-3.0543379   2.53512931]
 [-4.7219402  -1.10696477]
 [-3.55027653  0.69286987]
 [ 1.11136372  0.77995073]
 [ 1.72446487  3.97325303]
 [ 0.86051783 -0.54254476]
 [ 4.84197492  0.17447735]
 [-2.91944988 -4.46042925]
 [ 1.8504893  -3.99308756]
 [ 4.44567836  1.39888155]
 [ 4.25901017 -0.81174567]
 [ 4.25355347  2.23150798]
 [-4.43114832 -2.08865341]
 [-2.20392765 -0.27101909]
 [ 0.95381854 -3.76919279]
 [-2.72937119 -2.378874  ]
 [-1.47650928 -2.73028922]
 [-1.10979072  4.68918219]
 [ 2.88860387  0.78351395]
 [-1.65864791 -1.24874294]
 [-0.46995981  2.92909188]]