[[ 2.67434658  5.16613712]
 [-3.41435946 -1.01418252]
 [-4.3165931  -4.48671231]
 [-3.46845509  1.96880551]
 [-0.89663418  4.65185115]
 [-1.76532671  2.95936993]
 [-0.22634228 -1.4004134 ]
 [-2.96459715 -3.19991279]
 [ 0.71857374 -0.57571542]
 [-0.28501435 -4.70303711]
 [ 4.43490635  2.95748608]
 [ 2.18167341  3.23352798]
 [ 0.30307892 -4.82850993]
 [ 1.84952995 -3.67129307]
 [ 1.81129046 -4.6783449 ]
 [ 0.08624419  4.67722678]
 [-0.40079063  2.10750017]
 [ 3.49565523  1.99520267]
 [ 4.07945669 -0.10684888]
 [ 3.10968589  0.2634528 ]
 [-4.788878   -0.08479125]
 [ 0.1547983  -3.00619638]
 [ 0.74056893  1.88173558]
 [-3.11281769 -0.10633781]]