[[ 4.9151632   3.02154805]
 [-1.88305381 -3.1407324 ]
 [-6.09735142 -1.19106896]
 [-0.03323591 -3.96900158]
 [ 3.88156181 -2.95495555]
 [ 1.73421767 -3.20191144]
 [-1.29820639  0.40328383]
 [-4.16781921 -1.12013599]
 [-0.12820489  0.97257892]
 [-3.19595039  3.64236019]
 [ 5.37523841 -0.51430618]
 [ 1.97081805  3.99500831]
 [-3.89402233  2.5909391 ]
 [-2.06289756  3.82133567]
 [-4.41664063  1.88276329]
 [ 4.17285461 -2.05882642]
 [ 1.60011244 -1.53326909]
 [ 2.20349665  3.13661277]
 [ 3.60999426  0.86505121]
 [ 2.88730832  0.48315766]
 [-2.94466094 -3.80464295]
 [-2.44687588  1.72377843]
 [ 2.17835164 -0.82109227]
 [-1.96019769 -2.2284746 ]]