[[ 3.74074825 -4.41910779]
 [-0.61350882  3.73261037]
 [-5.49929442  2.89331886]
 [ 1.27606888  3.73783488]
 [ 4.55528378  1.43310303]
 [ 2.73576932  2.43582591]
 [-1.31712003  0.11180993]
 [-3.52309121  2.63622018]
 [-0.45446723 -0.90210869]
 [-3.68279384 -3.03026473]
 [ 5.43754968  0.23184238]
 [ 1.04069657 -4.35340093]
 [-4.2464734  -1.99764117]
 [-4.08244759 -0.37114173]
 [-4.84752873 -1.14811789]
 [ 4.57144182 -0.88214615]
 [ 2.04520384  0.88163009]
 [ 0.49611728 -3.72372734]
 [ 3.05242531 -2.18032335]
 [ 2.51422804 -1.4083792 ]
 [-1.66643817  4.45528016]
 [-2.80690956 -0.95342096]
 [ 2.35264666  0.10005523]
 [-1.07810643  2.72024892]]