[[-5.63133583  1.23027189]
 [ 3.1780668  -1.53525064]
 [ 6.20306815  0.57129295]
 [ 1.26791615 -3.77590949]
 [-2.76091362 -3.98871282]
 [-0.72723683 -3.54225571]
 [ 1.13333516  0.69576789]
 [ 4.3685092   0.28239055]
 [-0.20874142  1.04166177]
 [ 2.0888537   4.4320132 ]
 [-5.01336601 -1.90416818]
 [-3.48625211  2.70641505]
 [ 3.68113144  2.97658493]
 [ 2.3876664   3.43099959]
 [ 1.23633618  4.63064775]
 [-3.438465   -3.28038005]
 [-1.06758117 -1.92196322]
 [-2.71876675  2.86842776]
 [-3.47165889 -0.00699871]
 [-2.96367915 -0.63563452]
 [ 3.63150028 -3.14743809]
 [ 1.7181837   2.38772757]
 [-1.8116448  -1.43438962]
 [ 2.40507442 -2.08109985]]