[[-0.72909697  5.67508314]
 [-1.29807961 -3.51144186]
 [ 3.53284424 -5.07351378]
 [-2.88118955 -2.67271959]
 [-4.64751838  1.75659645]
 [-3.34601412 -0.85301221]
 [ 1.0385177  -0.80198991]
 [-0.22153368 -4.99751605]
 [ 0.90287552  0.61764531]
 [ 4.85812831  0.07096964]
 [-3.74296901  3.92887828]
 [ 1.60693298  4.13303202]
 [ 3.97814158 -2.23702079]
 [ 4.18001982  0.90661168]
 [ 4.73279592 -1.16509136]
 [-2.34937164  3.62023825]
 [-1.93861336  0.3891656 ]
 [ 0.83079408  3.70698765]
 [-4.11634167  0.57969745]
 [-2.89144428  1.6759054 ]
 [ 0.73254316 -4.10097402]
 [ 2.98747289 -0.64998   ]
 [-1.381702    1.69059572]
 [ 0.16280805 -2.68814703]]