[[ 1.45843168  5.51089054]
 [-0.25789457 -3.65858536]
 [-4.02497202 -4.7481431 ]
 [ 2.47803829 -3.07021071]
 [ 4.87150928  0.95942622]
 [ 3.1958715  -1.29435899]
 [-1.15493645 -0.69082048]
 [-2.35955919 -3.78517409]
 [-0.77711902  0.7522192 ]
 [-4.84522486  0.55813273]
 [ 3.21227566  4.07529427]
 [-1.07858318  4.21081319]
 [-4.38142273 -1.62828993]
 [-4.1866568  -0.25443808]
 [-4.58073882  1.35313173]
 [ 4.21128837  2.30122207]
 [ 1.97290856  0.10502221]
 [-0.24046395  3.88615836]
 [ 4.04825457  0.09370888]
 [ 2.72424228  1.58499725]
 [ 0.81524937 -4.74124299]
 [-2.93501214 -0.13145273]
 [ 1.53304664  1.55790681]
 [ 0.30146751 -2.94620699]]