[[ 4.74784302 -3.2892189 ]
 [-0.64831148  3.88636039]
 [-5.81046158  2.10442485]
 [-0.53098447 -3.33770131]
 [ 4.43432721  1.71486511]
 [ 2.2852739  -0.78157837]
 [-1.21693841  0.8718219 ]
 [-2.52854822  4.19205713]
 [-0.37680874 -0.19526207]
 [-3.99311245 -2.91404969]
 [ 5.42379096  0.47071625]
 [ 2.50430161 -3.58947633]
 [-4.41669596 -1.19222082]
 [-2.99104148 -3.20392675]
 [-4.79082196 -0.56303072]
 [ 4.43275881 -0.50746768]
 [ 1.86044757  0.56301902]
 [ 1.51077604 -3.92287845]
 [ 2.71934175  3.4552059 ]
 [ 2.59054677  2.59442569]
 [-3.06434569  2.85315302]
 [-2.74272224 -1.3818439 ]
 [ 2.45027503  0.16163761]
 [-1.84888997  2.01096811]]