[[-4.18529532  3.93617424]
 [ 2.06109321 -2.84552405]
 [ 5.67050621 -2.57350132]
 [-0.69533249 -3.86548229]
 [-4.70134319 -0.97977832]
 [-2.29113817 -2.70379179]
 [ 1.35762496  0.13556844]
 [ 3.95819746 -1.70340551]
 [ 0.31382246  0.87299692]
 [ 3.76588031  3.12575011]
 [-5.3311483   0.9377903 ]
 [-1.10611017  4.25840886]
 [ 4.33148414  1.84466351]
 [ 2.7467539   3.23249474]
 [ 4.70020109  1.02582847]
 [-4.19877221 -2.53005216]
 [-1.8544942  -1.19001037]
 [-1.68488401  3.54160718]
 [-3.44476698  0.93054652]
 [-2.67207806  1.26882785]
 [ 1.71116852 -4.49399498]
 [ 2.72384126  1.21716867]
 [-2.29567813 -0.40842887]
 [ 1.12046772 -3.03385615]]