[[-3.97940107 -4.16493926]
 [ 2.84304798  2.01080519]
 [ 2.64688589  5.63468505]
 [ 3.89155676 -0.68811325]
 [ 1.01169525 -4.67243939]
 [ 2.68514202 -2.30011594]
 [-0.19932628  1.31272228]
 [ 1.74473582  3.93361172]
 [-0.86583928  0.30103421]
 [-1.21940218  4.45471086]
 [-0.76863138 -5.3488543 ]
 [-4.29767748 -1.05156666]
 [-2.64310073  3.93636441]
 [-3.33698077  2.77728586]
 [-1.87520861  4.5473469 ]
 [ 2.50731405 -4.20299741]
 [ 1.15236768 -1.87606134]
 [-3.55011563 -1.61741892]
 [-1.30868968 -3.44152205]
 [-1.22244802 -2.66877818]
 [ 4.49767733  1.68025912]
 [-1.11944186  2.73378554]
 [ 0.38595039 -2.35264709]
 [ 3.01988977  1.06284266]]