[[ 2.47836749  5.31347056]
 [-2.19448055 -2.60920968]
 [-1.37434362 -6.07913792]
 [-3.87314726 -0.20115209]
 [-0.04658888  4.62729901]
 [-2.00992009  1.7034796 ]
 [ 1.00425365 -1.16217119]
 [-0.87032442 -4.25341401]
 [ 0.3773059  -0.30547885]
 [ 3.01907022 -3.73517384]
 [-1.99782914  5.05249914]
 [-2.52715763  3.23478922]
 [ 3.54174426 -3.29714594]
 [ 3.76344135 -2.05985811]
 [ 1.88259771 -4.45050596]
 [ 1.24625372  4.13832262]
 [-0.35020204  1.79110561]
 [-3.82774368  2.40363789]
 [ 3.60717615  2.35741748]
 [ 2.76647196  2.15813438]
 [-3.97742121 -2.61023054]
 [ 1.61330536 -2.56949376]
 [ 0.21102184  2.28701825]
 [-2.46185109 -1.73420188]]