[[ 5.15121955  2.70795492]
 [ 0.37656486 -4.07483055]
 [-4.9630216  -3.76190184]
 [-1.29385884  3.12801234]
 [ 4.59548146  0.79965428]
 [ 2.63608465  0.20808974]
 [-1.16737705 -1.09430829]
 [-3.22336313 -2.9029346 ]
 [-0.37598627 -0.02045834]
 [-4.22009763  2.6128751 ]
 [ 3.41637942  3.88338252]
 [ 1.45290342  3.81358278]
 [-4.68893248  0.23213189]
 [-3.90403821  1.69308824]
 [-4.76073488 -0.53084743]
 [ 4.82780532 -1.01817084]
 [ 1.88012836  0.0285988 ]
 [ 0.59290402  4.33334593]
 [ 3.55978871 -2.55934351]
 [ 2.94223432 -1.79702446]
 [-1.19081706 -4.46743935]
 [-2.92234616  0.68076277]
 [ 2.05215271  1.05786673]
 [-0.77307348 -2.95208682]]