[[ 4.46184112 -3.64249161]
 [-3.90603081  0.59344079]
 [-3.13652043  5.37478957]
 [-3.5631709  -1.17634053]
 [-0.32822873 -4.77275511]
 [-2.42210536 -2.66694287]
 [-0.09502427  1.36307246]
 [-2.24445858  3.6516586 ]
 [ 0.84581936  0.43188399]
 [ 2.53730037  4.13982422]
 [ 1.46838291 -5.1911982 ]
 [ 4.36190432 -0.53567062]
 [ 0.20762256  4.61515438]
 [ 2.87861371  3.13949797]
 [ 1.42451555  4.64172758]
 [-1.92775859 -4.50943289]
 [-0.97376158 -2.01800461]
 [ 3.70227652 -1.14165911]
 [ 1.95773999 -2.99206682]
 [ 1.20408485 -2.81846376]
 [-4.37112921  1.81114222]
 [ 0.88542557  2.85685798]
 [-0.1077739  -2.30843966]
 [-2.85956446  1.15441602]]