[[ 4.42883589 -3.77070157]
 [-3.69955036 -0.749818  ]
 [-4.83672478  3.92266877]
 [-2.99251361 -2.47747212]
 [ 1.63999803 -4.6028556 ]
 [-1.239724   -3.26127436]
 [-0.6012176   1.1858038 ]
 [-3.58079226  2.44824821]
 [ 0.69332458  0.78229922]
 [ 1.5335935   4.53332419]
 [ 4.88372135 -1.67421272]
 [ 4.06032333  0.33054116]
 [ 0.2805643   4.71280465]
 [-1.0332957   3.90136628]
 [-0.78206621  4.93755414]
 [-0.13244071 -4.93056007]
 [-0.07113496 -2.22931677]
 [ 4.10424534  1.06700291]
 [ 1.61773715 -3.34016107]
 [ 2.40936651 -2.08541805]
 [-4.7945878  -0.11523483]
 [ 0.02112481  2.98315946]
 [ 1.09498767 -1.6087238 ]
 [-3.00377446  0.04097613]]