[[ 5.71186894 -1.24072414]
 [-2.28813324  2.74947323]
 [-5.91480228  1.96487985]
 [ 0.36331032  3.90978191]
 [ 4.58683603  1.40825421]
 [ 2.02290406  2.81744184]
 [-1.33820077 -0.19894759]
 [-4.07251565  1.5176738 ]
 [-0.26825652 -1.0021736 ]
 [-4.05680707 -2.47002477]
 [ 4.22243291 -3.01723442]
 [ 2.05014812 -3.73933332]
 [-4.50212778 -1.15135464]
 [-2.47680897 -3.52819464]
 [-3.75500614 -3.18520354]
 [ 3.9915931   2.86321207]
 [ 1.80321201  1.33459925]
 [ 1.38395889 -3.92370195]
 [ 3.68928605 -0.01649251]
 [ 2.85140374 -1.03609521]
 [-2.02923096  4.35989861]
 [-2.5959997  -1.51742917]
 [ 1.99636898  0.25623175]
 [-1.37543407  2.84546295]]