[[ 1.49730279  5.54858928]
 [-3.60481882 -2.15140049]
 [-0.08351164 -6.23444784]
 [ 2.89678579  0.64138945]
 [-2.79480113  3.88717145]
 [-3.51864085  0.70905382]
 [ 0.05319804 -1.50642236]
 [-0.23687059 -4.28423402]
 [ 0.12320711 -0.25458658]
 [ 4.6369307  -1.75100094]
 [-1.75993251  5.13836635]
 [ 3.10750142  3.21789146]
 [ 3.20783675 -3.50935159]
 [ 3.77250011 -1.98317403]
 [ 2.49837051 -4.06529245]
 [-4.28713796  2.4446487 ]
 [-1.70437196  1.12351222]
 [ 2.35687945  3.07230664]
 [-0.48362366  3.45382841]
 [-1.01026505  2.87983697]
 [-2.84501219 -3.67465592]
 [ 2.21872255 -1.99920829]
 [-1.91748314  1.7314047 ]
 [-2.12276571 -2.43422494]]