[[ 0.33009549 -5.79940203]
 [ 3.6967701   1.93845359]
 [ 0.60581357  6.20465355]
 [-3.23659496 -0.58643104]
 [ 1.70319952 -4.38745795]
 [ 3.13461453 -0.78651559]
 [ 0.10525255  1.51069873]
 [ 0.39052434  4.25451099]
 [-0.16388151  0.28973371]
 [-4.53210032  2.07069714]
 [-1.42635759 -4.92968046]
 [-2.34690672 -3.20763725]
 [-2.90127474  3.71900655]
 [-3.60685697  2.19995276]
 [-2.25626875  4.2386116 ]
 [ 4.28486947 -2.60711611]
 [ 1.35665076 -1.38228951]
 [-3.27307146 -2.86690781]
 [ 2.96549719 -2.88048345]
 [ 1.72251489 -2.8409646 ]
 [ 3.04064105  3.50158232]
 [-2.16953174  2.0618613 ]
 [ 0.40571013 -2.05570144]
 [ 2.17069116  2.34082501]]