[[ 0.52327398  5.72143103]
 [ 2.50771659 -3.10750269]
 [-2.41363666 -5.73930021]
 [-2.81212629  1.79767968]
 [ 4.31771462  2.15154403]
 [ 1.08898679  2.27460715]
 [-0.25459931 -1.5720719 ]
 [-0.68523093 -4.46855526]
 [-0.36286272 -0.14326626]
 [-4.92981499 -0.25736419]
 [ 2.68567404  4.53060174]
 [-0.98281821  4.13652807]
 [-3.15062198 -3.20506029]
 [-4.15157025 -0.8571916 ]
 [-4.29175428 -2.3508642 ]
 [ 3.75724978  2.854607  ]
 [ 1.68779865  0.998564  ]
 [-1.93081397  3.77573656]
 [ 4.39599667 -0.24483075]
 [ 3.58534829  0.2094881 ]
 [ 1.63909502 -4.336171  ]
 [-2.79644074 -1.13248872]
 [ 1.68607189  1.7665666 ]
 [ 0.88736398 -2.80268688]]