[[-3.58185232 -4.48552673]
 [ 0.4323945   3.84407124]
 [ 4.91186607  3.71492312]
 [-1.23480616  3.50495439]
 [-4.80321671  0.22090127]
 [-2.68482327  2.37934803]
 [ 1.38244911 -0.67954634]
 [ 3.08887557 -3.27228451]
 [ 0.39776135 -0.38891124]
 [ 4.68065733 -0.1612378 ]
 [-5.11879385 -1.75687313]
 [-0.43562344 -4.39445079]
 [ 4.66350427 -1.34245022]
 [ 3.70859953 -1.87967517]
 [ 4.64108501  0.99018297]
 [-4.51239041  1.96158034]
 [-2.09150569  0.87093871]
 [-1.13591798 -3.69737834]
 [-3.31095076 -1.31677115]
 [-2.47635053 -1.82599574]
 [ 1.69289389  4.38305181]
 [ 2.92515774  0.45687871]
 [-2.25995434 -0.04293972]
 [ 1.1209411   2.91721029]]