[[-0.08951785  5.83810133]
 [-0.68918597 -3.18427961]
 [ 1.43070937 -6.001296  ]
 [-3.36754838 -1.99456802]
 [-3.21855864  3.46393365]
 [-2.80235905  0.54604223]
 [ 1.75193766 -0.10362423]
 [ 4.50912146  0.58024154]
 [ 0.30016971 -0.31677099]
 [ 2.88280651 -3.54071385]
 [-4.82404938  2.43907783]
 [ 2.51116936  3.55781586]
 [ 4.35640252 -2.00848479]
 [ 4.1562968  -0.96574941]
 [ 3.60717906 -3.28706481]
 [-2.1308164   4.1291905 ]
 [-1.05968166  1.54778793]
 [-4.3986659   0.05745166]
 [ 0.68400088  3.87171859]
 [ 0.18415007  3.09957627]
 [-2.18410874 -4.23064142]
 [ 1.86081803 -2.30512834]
 [-1.96517881  1.62335144]
 [-1.50509066 -2.81596736]]