[[ 1.70548028 -5.58490289]
 [-4.04194918  0.0561688 ]
 [-2.94724065  5.48890189]
 [ 3.15683197  0.96592303]
 [-1.12572899 -4.64958182]
 [ 1.23110656 -2.10872509]
 [-1.02451424  1.24903031]
 [-2.8393171   3.43386607]
 [ 0.04853166  0.36296513]
 [ 2.40320038  4.31706883]
 [ 3.36059334 -3.97246137]
 [ 4.20158395 -1.13214193]
 [-0.37953238  4.50862738]
 [ 2.67038445  3.39638172]
 [ 0.94288276  4.75891479]
 [-0.21026543 -4.5670313 ]
 [-0.3173333  -1.93563482]
 [ 3.95950352 -1.76596786]
 [-2.98596446 -3.23863842]
 [-2.11763642 -2.83767096]
 [-4.33955016  1.58371637]
 [ 0.93212826  2.8967006 ]
 [ 0.47509033 -2.32109088]
 [-2.75828516  1.09558241]]