[[-0.1401422  -5.72005122]
 [-1.57624498  3.34842056]
 [ 2.61191261  5.642805  ]
 [-3.22534328  2.31410101]
 [-4.63918892 -1.41976965]
 [-3.58739438  0.42743415]
 [ 1.02923731  0.87429849]
 [ 1.43689633  4.11016849]
 [ 0.91530415 -0.50341906]
 [ 4.50404181  1.43321136]
 [-2.55332221 -4.67419998]
 [ 2.12971248 -3.84636416]
 [ 3.81406935  2.60888851]
 [ 4.30170274 -0.49975325]
 [ 4.84905844  0.71519518]
 [-4.2642022  -2.42738611]
 [-2.18084539 -0.42044837]
 [ 1.23057278 -3.69367026]
 [-2.58218357 -2.54757338]
 [-1.30499572 -2.82461297]
 [-1.37189878  4.60315621]
 [ 2.83387978  0.96264723]
 [-1.54834013 -1.37412609]
 [-0.682286    2.91104829]]