[[-5.69582779 -0.96555966]
 [ 3.31366961  1.11217914]
 [ 6.148094   -1.09636168]
 [ 1.72347901  3.43682478]
 [-3.84131928  2.64370001]
 [-0.3692362   3.28926484]
 [ 1.09469061 -0.81208423]
 [ 4.32499001 -0.80864708]
 [-0.27804732 -1.08357329]
 [ 1.45576444 -4.6195298 ]
 [-5.10187999  1.51787143]
 [-1.34981739  4.05867255]
 [ 2.98521002 -3.88515188]
 [ 2.76050305 -2.97861635]
 [ 0.70041088 -4.76697972]
 [-2.86305492  3.97671012]
 [-1.07264846  1.87753865]
 [-3.17681684 -2.66364115]
 [-3.57900015 -0.16109619]
 [-2.98717646 -0.65673933]
 [ 3.9678596   2.69685584]
 [ 1.19636652 -2.82377864]
 [-1.96146504  1.00150599]
 [ 2.60525207  1.71063565]]