[[ 1.6278234  -5.531553  ]
 [ 0.73388167  3.6377478 ]
 [-3.68729016  5.00457453]
 [ 2.55688931  2.93640845]
 [ 4.50200887 -1.54211363]
 [ 3.36485181  1.17458086]
 [-1.23925404  0.56468965]
 [-2.45368753  3.51040513]
 [-0.71398768 -0.58990769]
 [-4.8201881  -0.69614235]
 [ 4.32382519 -3.22433561]
 [-1.17788191 -4.28128168]
 [-4.65209913  0.62864446]
 [-4.03968581 -1.44379899]
 [-4.55504376  1.52330912]
 [ 4.89189538  0.03166491]
 [ 2.23351506  0.07797986]
 [-0.44053925 -3.78547181]
 [ 2.14775124 -3.03610014]
 [ 1.87357051 -2.30058656]
 [ 0.26438167  4.79664433]
 [-2.97004384  0.34727115]
 [ 2.19573142 -0.82450337]
 [ 0.03357568  3.02187461]]