[[-4.03666388  4.06112788]
 [ 3.81133241 -1.05415788]
 [ 2.3948854  -5.73917848]
 [ 3.72952114  0.72574818]
 [ 2.14851491  4.33761638]
 [ 2.80662668  2.34027867]
 [-0.07904703 -1.35003672]
 [ 1.8709328  -3.87984431]
 [-0.97448959 -0.31670661]
 [-2.06829665 -4.24801949]
 [-1.44641406  5.17653671]
 [-4.2658125   1.09926601]
 [-0.75314541 -4.57031725]
 [-3.32193678 -2.77336528]
 [-2.82104053 -4.00587268]
 [ 1.25135784  4.69628033]
 [ 1.21137626  1.88939405]
 [-3.53598458  1.63150998]
 [-0.40823019  3.58387534]
 [-1.23473092  2.78645553]
 [ 4.11386352 -2.32356109]
 [-1.24253057 -2.71108647]
 [ 0.20490564  2.14005971]
 [ 2.64500609 -1.49600251]]