[[ 1.24860968 -5.63155468]
 [ 2.20282434  3.39811488]
 [-2.97238481  5.47777028]
 [-2.60465803 -2.10542457]
 [ 4.36542455 -1.77389408]
 [ 1.261404   -2.10949224]
 [-0.40152602  1.57142777]
 [-1.25999753  4.29180574]
 [-0.33863977  0.17395038]
 [-4.93725242 -0.28100613]
 [ 4.4364324  -3.16485397]
 [-0.56382825 -4.30672531]
 [-3.51802628  2.83443787]
 [-4.21550223  0.36863366]
 [-4.53025125  1.85635167]
 [ 2.95277088 -3.44571852]
 [ 1.60294738 -0.91739094]
 [-1.50044733 -3.89510053]
 [ 4.31748908  0.70844013]
 [ 3.63082077  0.15190036]
 [ 1.07524368  4.49148431]
 [-2.89409614  0.83925951]
 [ 2.01649311 -1.43884876]
 [ 0.62615018  2.90643317]]