[[-4.90834454 -3.2714926 ]
 [ 1.7843619   3.09148411]
 [ 5.61665425  2.70427363]
 [-1.05894857  3.77108091]
 [-4.69660168 -0.23301712]
 [-2.42612797  1.49626523]
 [ 1.41809007 -0.5316222 ]
 [ 3.75856926  2.40381258]
 [ 0.38780284 -0.30563585]
 [ 3.49604901 -3.25239691]
 [-5.16485911  1.52342203]
 [-3.3213796  -1.77951123]
 [ 4.69110092 -1.29428934]
 [ 4.13499868 -0.37298922]
 [ 4.21652133 -2.43331505]
 [-3.30011303 -3.12091606]
 [-1.77101744 -0.47169505]
 [-3.41364975  2.86035101]
 [-1.09685131 -4.13644189]
 [-1.06931014 -3.17720079]
 [ 1.22864781  4.5961255 ]
 [ 2.85740494 -0.98248628]
 [-2.29393493  0.17070544]
 [ 0.93093707  2.74548918]]