[[-5.81664641  0.63572902]
 [ 1.63025182  3.7234402 ]
 [ 6.1404355   1.03060686]
 [-0.37027294 -3.31103177]
 [-4.29956702  1.59652717]
 [-2.45761913 -0.26711897]
 [ 1.5532744   0.39728981]
 [ 4.20773089  0.91199172]
 [ 0.33789451 -0.09870325]
 [ 3.05036603 -3.90248454]
 [-4.97151561 -1.54314517]
 [-2.67114355 -3.42970564]
 [ 3.98393963 -2.4028482 ]
 [ 2.06859917 -3.82781864]
 [ 4.44484728 -1.8012769 ]
 [-3.60657586  3.31863501]
 [-1.65538001  1.0569752 ]
 [-3.16647684 -2.94154178]
 [-1.77180721  3.94634473]
 [-1.85328333  2.87760816]
 [ 3.18212016  3.34284775]
 [ 2.25282756 -2.01295042]
 [-2.30482784  0.49799956]
 [ 2.09282879  2.20263009]]