[[-0.07466866 -5.74749944]
 [-2.81172297  2.91862971]
 [ 1.93057674  5.91373413]
 [ 2.90484639 -1.55331877]
 [-4.12847106 -2.49499837]
 [-0.8991687  -2.35173239]
 [ 0.14663999  1.58533285]
 [ 0.28965559  4.51475347]
 [ 0.34291794  0.18678643]
 [ 4.71872128  1.37555201]
 [-2.31467009 -4.72686018]
 [ 1.35565692 -4.07010682]
 [ 2.87428787  3.44592749]
 [ 4.31617095  0.46660739]
 [ 4.02420552  2.69523954]
 [-3.50778116 -3.14734356]
 [-1.61077758 -1.12573029]
 [ 2.23077407 -3.60050939]
 [-4.40044699 -0.11721209]
 [-3.55334348 -0.50500362]
 [-1.90317137  4.17205316]
 [ 2.72264527  1.36811879]
 [-1.52726245 -1.89438336]
 [-1.12561401  2.69196331]]