[[ 2.12680956 -5.41898965]
 [-4.1848011   0.11698367]
 [-3.1412719   5.38341492]
 [ 3.12129871  0.86617361]
 [ 0.25703647 -4.71816973]
 [-2.53472849 -2.12453695]
 [-0.72370574  1.32458966]
 [-2.30467439  3.60324559]
 [ 0.02649714  0.33832314]
 [ 2.59961994  4.21386655]
 [ 3.45186178 -3.82463957]
 [ 3.54607386 -1.85818432]
 [ 0.9474022   4.55254634]
 [ 2.89134963  3.24157934]
 [ 0.17322327  4.79127937]
 [-2.6762264  -4.23023829]
 [-0.8584382  -1.89258476]
 [ 4.19650394 -1.13531662]
 [-1.34285865 -3.83582561]
 [ 0.26747325 -3.23401766]
 [-4.26782378  1.81504662]
 [ 1.08454128  2.82375904]
 [ 0.31250074 -1.9457217 ]
 [-2.9676631   1.14741702]]