[[-4.9897305   3.0344027 ]
 [ 2.29075697 -2.78338447]
 [ 6.1590567  -0.88431846]
 [ 0.06823346 -3.92517074]
 [-4.60062332 -1.07438824]
 [-1.78499945 -2.25214317]
 [ 1.31954157  0.65804424]
 [ 4.25388087 -1.13667076]
 [ 0.24108897  0.5534308 ]
 [ 3.10398111  3.69298385]
 [-4.59108781 -2.88638209]
 [-1.92848164  3.90031345]
 [ 4.28962114  1.73349419]
 [ 1.97574932  3.8785153 ]
 [ 3.96313161  2.82798915]
 [-4.67713667  0.36631896]
 [-1.78686876 -0.35857615]
 [-2.38450109 -3.73320728]
 [-2.93789675  2.35582345]
 [-2.71026133  1.40130817]
 [ 2.75394171 -3.95419456]
 [ 2.48956232  1.72991102]
 [-2.37347381 -0.99248794]
 [ 1.85651536 -2.15161142]]