[[-5.59925102 -1.28324784]
 [ 2.17281854  3.44216521]
 [ 6.20546483 -0.31068953]
 [-0.84582034 -3.24288801]
 [-4.09442286  2.36184184]
 [-2.53307294  0.33376133]
 [ 1.57747229  0.21499425]
 [ 4.4034776   0.66796473]
 [ 0.28962991 -0.21944332]
 [ 1.8032094  -4.61381687]
 [-5.14670646  1.13764935]
 [-3.60235218 -2.26004164]
 [ 3.59523944 -2.94662112]
 [ 2.09196998 -3.72014298]
 [ 4.10713738 -2.41598303]
 [-3.1468188   3.78099004]
 [-1.48312651  1.28913553]
 [-2.97147786 -3.01095242]
 [-1.13859392  4.19583002]
 [-1.38591804  3.21060242]
 [ 3.61940142  2.82883502]
 [ 1.92824306 -2.29496102]
 [-2.19680971  1.05799722]
 [ 2.35030678  1.79702082]]