[[ 4.58843083 -3.59811724]
 [-3.42614196 -2.15577842]
 [-5.37435704  3.15095441]
 [ 2.08272911  2.48077077]
 [ 1.57539042 -4.51678149]
 [ 2.14158617 -1.1611483 ]
 [-1.55194355  0.47023736]
 [-4.31056678  1.28657086]
 [-0.1602133   0.32398548]
 [-0.41967796  4.86340428]
 [ 4.96424701 -1.46442979]
 [ 4.16979365  1.36695694]
 [-2.77001374  3.52941427]
 [ 0.47974269  4.36396595]
 [-1.78282502  4.5093442 ]
 [ 2.32559917 -4.01220492]
 [ 0.77438593 -1.81568961]
 [ 4.23109716  0.68214827]
 [-0.74702933 -4.34984782]
 [-0.23584313 -3.54405151]
 [-4.50385557 -1.03289399]
 [-0.78282863  2.93208563]
 [ 1.64178471 -1.72919754]
 [-2.90949083 -0.57969778]]