[[ 5.77347564 -0.60770732]
 [-2.99590114 -2.06642002]
 [-6.13623347  1.00712031]
 [-1.32402389 -3.70586465]
 [ 3.33726514 -3.61170409]
 [ 0.53273496 -3.28458092]
 [-1.17460762  0.68573386]
 [-4.46442753 -0.04667947]
 [ 0.21807028  1.06198122]
 [-2.69988378  3.88676202]
 [ 4.92652497  1.0710878 ]
 [ 2.97969019  3.14291705]
 [-3.64471452  2.81694231]
 [-0.81463759  4.24792031]
 [-2.13571334  4.43087259]
 [ 4.09748147 -2.37630537]
 [ 1.12977885 -1.63638749]
 [ 3.34289624  2.37245265]
 [ 2.13106411 -3.57121838]
 [ 2.73093929 -1.4764078 ]
 [-3.76935184 -3.03670036]
 [-1.73270113  2.46671281]
 [ 2.12747779 -0.35696769]
 [-2.43520309 -1.41355939]]