[[ 5.42111609 -2.15502027]
 [-3.21067815 -1.71908015]
 [-5.84251733  2.12935473]
 [-2.07571536 -3.39121556]
 [ 1.68637511 -4.51367545]
 [-0.16548432 -3.52470391]
 [-0.93357008  0.97898837]
 [-4.21284581  1.12971465]
 [ 0.44642658  0.96633583]
 [-1.78094359  4.35721386]
 [ 5.12141279 -0.07513381]
 [ 3.55684466  2.43535371]
 [-2.88340106  3.65161064]
 [ 0.14795129  4.32606436]
 [-1.09227384  4.80290977]
 [ 2.64266461 -4.11268763]
 [ 0.61629868 -2.12725009]
 [ 3.79204872  1.62515472]
 [ 2.83161147 -2.46828145]
 [ 2.88799184 -1.09285146]
 [-4.46311862 -1.82189554]
 [-1.17363514  2.75692008]
 [ 1.51733919 -1.28748396]
 [-2.83389773 -0.87034143]]