[[ 5.61556126 -1.52433327]
 [-2.93538717 -3.02127424]
 [-6.06125647  1.39939996]
 [-1.30314126 -2.35537769]
 [ 3.74317209 -2.86757387]
 [ 2.26680113 -1.22893623]
 [-1.27879163  0.67075631]
 [-4.38324143  0.35182668]
 [ 0.24519049  1.08875654]
 [-0.97720168  4.86554505]
 [ 5.12673198  0.56424493]
 [ 3.68922345  2.18249138]
 [-2.74273799  3.84929542]
 [-1.00931134  4.02638011]
 [-3.41489133  3.39760318]
 [ 2.77601877 -4.14149159]
 [ 1.24459398 -1.51881302]
 [ 3.2171988   2.77014067]
 [ 0.91008785 -4.25652395]
 [ 1.46640239 -3.09700378]
 [-4.16057631 -2.16152591]
 [-1.55450042  2.60392357]
 [ 2.29193163 -0.34775498]
 [-2.77187679 -1.24975525]]