[[-4.7143303  -3.54228665]
 [ 1.7847438   3.13727623]
 [ 5.61685743  2.69967929]
 [-0.91927897  3.67310001]
 [-4.40605583 -1.28830663]
 [-2.32126506  1.16344267]
 [ 1.46409299 -0.18415591]
 [ 3.76795116  2.33011462]
 [ 0.40995183 -0.53705708]
 [ 3.61161095 -3.32794212]
 [-5.3770177   0.4650029 ]
 [-3.80861549  1.77556574]
 [ 4.56383959 -1.62160656]
 [ 3.40850121 -2.31493409]
 [ 4.79020744 -0.55834908]
 [-3.41210984 -2.6711489 ]
 [-1.82435056 -0.19784077]
 [-3.30683726  3.0445617 ]
 [-1.23188993 -4.14065815]
 [-1.26135694 -3.2649433 ]
 [ 1.32904112  4.57302924]
 [ 2.90080646 -0.8999635 ]
 [-2.13814952 -0.88652402]
 [ 1.07365341  2.57394435]]