[[ 5.08575331 -2.83025158]
 [-3.530991   -1.65654676]
 [-5.3752771   3.12429388]
 [-2.16876806 -2.66123902]
 [ 1.94349905 -4.47888277]
 [ 1.55126035 -1.81610331]
 [-1.08026008  0.93018352]
 [-4.29224271  1.34366994]
 [ 0.55164527  1.01728928]
 [ 0.31141644  4.92121713]
 [ 5.08526645 -0.70464653]
 [ 4.08462927  1.15472947]
 [-2.55161373  3.81181244]
 [-0.01694618  4.10581008]
 [-1.43674096  4.70774247]
 [ 3.01730375 -3.56456246]
 [ 0.72533942 -1.78792261]
 [ 3.81601658  1.86162073]
 [-0.06296401 -4.42664482]
 [ 0.5455315  -3.51164599]
 [-4.62348568 -1.09522758]
 [-0.86225558  2.91288823]
 [ 2.14048732 -0.95743621]
 [-2.85660363 -0.40014751]]