[[-4.19515663 -4.06012174]
 [ 3.39104015 -1.29263874]
 [ 6.06646248  1.46696661]
 [ 1.69118251 -3.29098573]
 [-4.55477803  0.03157343]
 [-1.08029387 -2.24271054]
 [ 0.9617763   1.13913979]
 [ 4.32155422  0.8619502 ]
 [ 0.00894054  0.56288308]
 [ 0.64168046  4.90485087]
 [-5.34712052 -0.72036935]
 [-1.73617994 -4.03904281]
 [ 3.25037054  3.3888839 ]
 [ 1.02974737  3.95057134]
 [ 2.42861546  4.31001435]
 [-3.87676263 -2.07257081]
 [-1.561921   -1.07962859]
 [-0.4264083  -4.31448686]
 [-3.61462074  2.3743467 ]
 [-3.19489046  1.69930713]
 [ 4.02565557 -2.56214754]
 [ 1.55435731  2.62159529]
 [-2.30260675 -0.42508739]
 [ 2.51935595 -1.21229258]]