[[-4.32855686  3.73675838]
 [ 3.74219409 -0.83587893]
 [ 2.84352329 -5.53108126]
 [ 3.71835782  1.02822061]
 [ 0.521219    4.85402958]
 [ 2.53355395  2.50530272]
 [ 0.02871455 -1.35645906]
 [ 2.11131616 -3.73608421]
 [-0.87710884 -0.38609958]
 [-3.21136474 -3.72616243]
 [-1.93523079  4.99499395]
 [-4.29512046  0.74769792]
 [-1.50616952 -4.50386835]
 [-2.54057978 -3.24742778]
 [-0.63133508 -4.75408458]
 [ 2.1710699   4.41701375]
 [ 1.05954177  1.98602534]
 [-3.64102775  1.3830103 ]
 [-0.46232261  3.60422924]
 [-1.43253617  2.77336993]
 [ 4.35209826 -1.96034381]
 [-0.97513852 -2.80945046]
 [-0.00602951  2.11087953]
 [ 2.76093184 -1.2945908 ]]