[[-0.53725231 -5.73376087]
 [-1.58494706  3.52503827]
 [ 2.92680077  5.47823484]
 [-3.03411075  2.38090551]
 [-4.1664282  -2.34936036]
 [-3.54075009  0.53719917]
 [ 1.09442365  0.79914814]
 [ 1.60732317  4.0105084 ]
 [ 0.82319783 -0.45920817]
 [ 4.83167833  0.27165696]
 [-3.5483545  -4.06599956]
 [ 1.96707577 -3.95298105]
 [ 4.41521136  1.49038754]
 [ 4.27431102 -0.71675159]
 [ 4.17439741  2.33576972]
 [-4.81545715 -0.88895408]
 [-2.22450046 -0.32297379]
 [ 1.10087995 -3.67609416]
 [-1.51543506 -3.33091147]
 [-1.56379089 -2.57143972]
 [-0.95799986  4.64372284]
 [ 2.85687581  0.85910035]
 [-1.97494879 -1.19962535]
 [-0.60819995  2.93638843]]