[[ 1.22916418  5.70666231]
 [-1.51812769 -2.9801638 ]
 [-0.13257035 -6.16523546]
 [-3.73882702 -1.03668788]
 [-2.21379729  4.18132607]
 [-2.54957075  1.26213649]
 [ 1.6792123  -0.53056293]
 [ 4.44845528 -0.57543153]
 [ 0.20807361 -0.37769936]
 [ 3.97944051 -2.55694614]
 [-4.05676249  3.56693346]
 [ 3.29709225  2.7996017 ]
 [ 3.72557503 -3.1229088 ]
 [ 2.54220515 -3.13455724]
 [ 1.96025172 -4.45861131]
 [-1.01514216  4.5080646 ]
 [-0.59920767  1.78723545]
 [-4.23844714  1.16444667]
 [ 1.69617854  3.59500081]
 [ 1.01906774  2.94190459]
 [-3.20309085 -3.53634772]
 [ 1.12474482 -2.75050525]
 [-1.47664107  2.06041263]
 [-2.16727666 -2.34806735]]