[[-5.50853771 -1.87202397]
 [ 1.91844851  3.07424519]
 [ 5.97448263  1.68374799]
 [-0.4123556   3.71730175]
 [-4.56502929  1.76950949]
 [-2.36785027  0.22927994]
 [ 1.41524654  0.06615327]
 [ 3.95454077  2.30816607]
 [ 0.31259639 -1.09578064]
 [ 4.15225061 -2.18874039]
 [-4.00579234 -3.14054344]
 [-1.28111125 -4.16965769]
 [ 4.53371948 -0.80272159]
 [ 2.68217912 -3.42656319]
 [ 3.95917538 -2.95253985]
 [-4.69698468  0.32210054]
 [-1.73385554  0.71227347]
 [-1.982322   -3.6719319 ]
 [-3.14502064  3.05592662]
 [-2.90360454  1.996256  ]
 [ 1.83204194  4.43395158]
 [ 2.63774785 -1.47297124]
 [-2.24415976 -0.8512229 ]
 [ 1.47419439  2.27578487]]