[[ 2.98966113  5.01264681]
 [-3.60826751 -0.52860689]
 [-3.41295101 -5.19151074]
 [-3.71870937  1.44189011]
 [-1.3685257   4.62222844]
 [-2.25929536  2.73950296]
 [-0.10683013 -1.30207439]
 [-2.70092301 -3.38659297]
 [ 0.91278857 -0.51589869]
 [ 0.31948417 -4.61192149]
 [ 4.07302465  3.13524171]
 [ 4.18971949  0.91470289]
 [ 1.85160994 -4.37276875]
 [ 2.6745579  -3.37215245]
 [ 1.00304562 -4.82227805]
 [-0.37012261  4.86121869]
 [-0.7661328   2.12502228]
 [ 4.12543574  0.22796855]
 [ 0.9037527   3.66008106]
 [ 1.72746482  2.54677529]
 [-4.64956276 -1.24291523]
 [ 0.54725635 -2.93763083]
 [ 0.4066922   1.9536974 ]
 [-2.76317301 -0.95662572]]