[[  1.80579012e+00  -5.42328244e+00]
 [  4.97008122e-01   3.64899214e+00]
 [ -4.14287947e+00   4.63756549e+00]
 [  2.41034442e+00   3.16583255e+00]
 [  4.85241749e+00   2.86592801e-03]
 [  3.30923300e+00   1.44345411e+00]
 [ -1.21600766e+00   5.54229656e-01]
 [ -2.59335661e+00   3.53569850e+00]
 [ -7.30933428e-01  -7.86229043e-01]
 [ -4.83880301e+00  -7.56559197e-01]
 [  3.78831343e+00  -3.74602436e+00]
 [ -9.06880473e-01  -4.26326837e+00]
 [ -4.49824197e+00   1.36730729e+00]
 [ -4.16770713e+00  -1.39830153e-02]
 [ -4.51433729e+00  -1.58457298e+00]
 [  4.78706973e+00  -1.09166779e+00]
 [  2.21229873e+00   2.26964851e-01]
 [ -1.15198362e-01  -3.90724429e+00]
 [  3.21781129e+00  -1.69141934e+00]
 [  2.07085404e+00  -2.32568279e+00]
 [  1.79832796e-02   4.81611424e+00]
 [ -2.93774880e+00   8.21572624e-02]
 [  1.88433434e+00  -8.76050626e-01]
 [ -1.91363776e-01   2.98480222e+00]]