# iteration | simulation time (ps) | potential_energy (kT) | kinetic_energy (kT) | ns per day
         0      1.0 -4139.250 3201.121 545.316
         1      2.0 -4745.160 3121.958 561.095
         2      3.0 -4832.210 3199.114 571.568
         3      4.0 -4874.303 3243.381 578.178
         4      5.0 -5041.593 3293.158 582.697
         5      6.0 -4987.225 3224.285 585.797
         6      7.0 -5062.287 3283.189 587.973
         7      8.0 -5061.165 3242.953 589.348
         8      9.0 -5192.968 3377.181 590.744
         9     10.0 -5166.161 3291.139 591.824
        10     11.0 -5213.327 3178.054 592.697
        11     12.0 -5310.116 3321.054 593.278
        12     13.0 -5207.590 3223.206 593.911
        13     14.0 -5360.343 3262.219 594.450
        14     15.0 -5256.658 3202.438 594.940
        15     16.0 -5179.436 3245.592 595.250
        16     17.0 -5324.980 3233.021 595.660
        17     18.0 -5313.602 3326.039 595.983
        18     19.0 -5304.683 3164.520 596.269
        19     20.0 -5263.869 3132.054 596.437
        20     21.0 -5232.220 3112.003 596.691
        21     22.0 -5268.790 3173.330 596.946
        22     23.0 -5346.298 3147.661 597.156
        23     24.0 -5272.076 3098.467 597.266
        24     25.0 -5203.768 3215.199 597.440
        25     26.0 -5374.781 3202.195 597.597
        26     27.0 -5385.111 3226.450 597.771
        27     28.0 -5533.337 3311.333 597.955
        28     29.0 -5227.311 3242.371 598.099
        29     30.0 -5289.890 3261.297 598.228
        30     31.0 -5329.669 3237.494 598.326
        31     32.0 -5367.869 3204.050 598.368
        32     33.0 -5463.808 3307.688 598.461
        33     34.0 -5471.131 3332.244 598.546
        34     35.0 -5479.811 3321.119 598.646
        35     36.0 -5503.481 3332.808 598.686
        36     37.0 -5499.642 3273.059 591.407
        37     38.0 -5585.804 3206.170 591.666
        38     39.0 -5570.089 3305.699 591.881
        39     40.0 -5644.201 3237.325 592.100
        40     41.0 -5584.982 3249.141 592.284
        41     42.0 -5577.459 3237.137 592.505
        42     43.0 -5557.926 3260.924 592.690
        43     44.0 -5580.737 3307.835 592.877
        44     45.0 -5478.122 3194.974 593.037
        45     46.0 -5549.543 3242.344 593.218
        46     47.0 -5491.043 3161.224 593.393
        47     48.0 -5492.530 3132.014 593.564
        48     49.0 -5594.441 3206.120 593.709
        49     50.0 -5508.335 3204.683 593.863
        50     51.0 -5515.783 3261.801 594.017
        51     52.0 -5621.668 3166.570 594.160
        52     53.0 -5674.170 3159.948 594.285
        53     54.0 -5476.358 3186.687 594.420
        54     55.0 -5624.338 3252.727 594.562
        55     56.0 -5542.102 3090.623 594.694
        56     57.0 -5729.287 3196.411 594.795
        57     58.0 -5598.312 3264.930 594.914
        58     59.0 -5593.829 3314.408 595.028
        59     60.0 -5650.487 3199.743 595.137
        60     61.0 -5630.862 3123.618 595.224
        61     62.0 -5674.382 3252.557 595.328
        62     63.0 -5737.848 3323.692 595.428
        63     64.0 -5645.371 3202.916 595.519
        64     65.0 -5631.667 3243.729 595.592
        65     66.0 -5570.619 3228.230 595.687
        66     67.0 -5688.282 3143.971 595.777
        67     68.0 -5574.950 3248.670 595.874
        68     69.0 -5760.363 3164.137 595.938
        69     70.0 -5697.579 3183.480 596.021
        70     71.0 -5647.887 3181.668 596.104
        71     72.0 -5603.947 3267.499 596.176
        72     73.0 -5681.016 3201.712 596.242
        73     74.0 -5681.382 3263.071 596.318
        74     75.0 -5688.557 3259.638 596.384
        75     76.0 -5613.657 3257.930 596.457
        76     77.0 -5654.492 3223.354 596.514
        77     78.0 -5614.750 3217.992 596.582
        78     79.0 -5605.738 3108.178 596.644
        79     80.0 -5687.977 3232.444 596.705
        80     81.0 -5609.510 3291.857 596.758
        81     82.0 -5704.934 3230.465 596.823
        82     83.0 -5619.997 3194.222 596.887
        83     84.0 -5605.161 3256.316 596.947
        84     85.0 -5556.749 3274.537 594.243
        85     86.0 -5749.722 3313.245 594.313
        86     87.0 -5668.775 3320.972 594.388
        87     88.0 -5721.611 3203.707 594.460
        88     89.0 -5668.873 3246.945 594.514
        89     90.0 -5597.632 3207.013 594.583
        90     91.0 -5677.897 3202.020 594.648
        91     92.0 -5579.857 3263.875 594.713
        92     93.0 -5750.145 3152.859 594.767
        93     94.0 -5659.167 3178.775 594.835
        94     95.0 -5785.147 3236.012 594.907
        95     96.0 -5671.679 3132.079 594.978
        96     97.0 -5738.398 3334.747 595.038
        97     98.0 -5570.721 3196.897 595.106
        98     99.0 -5617.978 3237.548 595.171
        99    100.0 -5713.784 3310.539 595.233
