Run semi-empirical minimization
 &qmmm
    qm_theory='AM1', grms_tol=0.0005,
  scfconv=1.d-10,   qmcharge=0,
 /
   7     N        4.6080        4.5930       -7.3180 
   1   HN1        5.4640        4.5820       -8.0480 
   1   HN2        4.9960        4.7330       -6.2730 
   1   HN3        4.1870        5.6270       -7.4730 
   6    CA        3.6080        3.5690       -7.5910 
   1    HA        4.0200        2.5830       -7.8880 
   6     C        3.0180        3.7810       -8.9580 
   8     O        3.2710        4.8390       -9.6210 
   8   OXT        2.3150        2.8740       -9.4220 
   6    CB        2.5170        3.5600       -6.5160 
   1   HB1        2.1920        4.5580       -6.1240 
   1   HB2        1.5650        3.1080       -6.8930 
   6    CG        2.8670        2.6260       -5.3230 
   1   HG1        2.4770        2.6640       -4.2930 
   1   HG2        2.4930        2.6730       -4.2870 
  16    SD        3.1250        0.9990       -5.7660 
   6   C5'        4.7290        0.3770       -5.5880 
   1  H5'1        4.7800        0.3020       -4.4770 
   1  H5'2        4.3800       -0.6090       -5.9760 
   6   C4'        5.8620        0.9680       -6.4430 
   1   H4'        5.6150        0.7310       -7.5030 
   8   O4'        6.0930        2.3530       -6.0750 
   6   C3'        7.2280        0.3400       -6.2020 
   1   H3'        7.3420        0.0320       -5.1360 
   8   O3'        7.4800       -0.9480       -6.8010 
   1  HO3'        8.4020       -1.3980       -6.3910 
   6   C2'        8.1840        1.4450       -6.6220 
   1   H2'        9.1910        1.2480       -6.1890 
   8   O2'        8.3600        1.5910       -8.0560 
   1  HO2'        9.4260        1.5140       -8.3300 
   6   C1'        7.4750        2.6680       -6.0960 
   1   H1'        7.6910        3.5620       -6.7220 
   7    N9        7.8620        3.0710       -4.7280 
   6    C8        7.0940        2.9340       -3.6240 
   1    H8        6.1170        2.6300       -3.2050 
   7    N7        7.7020        3.4440       -2.5460 
   6    C5        8.8920        3.9230       -2.9840 
   6    C6       10.0080        4.5320       -2.3560 
   7    N6       10.0170        4.7950       -1.0150 
   1  HN61       10.6900        4.2210       -0.3440 
   1  HN62        9.4250        5.6290       -0.5850 
   7    N1       11.0550        4.8850       -3.1320 
   6    C2       11.0950        4.6480       -4.4430 
   1    H2       11.9820        4.9950       -5.0020 
   7    N3       10.0880        4.0360       -5.0850 
   6    C4        8.9740        3.6800       -4.3990 

