# iteration | simulation time (ps) | potential_energy (kT) | kinetic_energy (kT) | ns per day
         0      1.0 -4232.865 3201.341 557.467
         1      2.0 -4593.041 3221.076 576.881
         2      3.0 -4686.371 3220.948 583.571
         3      4.0 -4826.934 3205.081 587.376
         4      5.0 -4861.024 3208.910 589.638
         5      6.0 -4976.517 3245.113 591.141
         6      7.0 -4980.988 3221.519 591.985
         7      8.0 -5054.105 3285.704 592.648
         8      9.0 -5162.504 3268.188 593.243
         9     10.0 -5237.526 3256.938 593.803
        10     11.0 -5198.826 3074.565 594.166
        11     12.0 -5268.727 3235.724 594.588
        12     13.0 -5298.013 3198.467 594.906
        13     14.0 -5409.562 3168.245 595.155
        14     15.0 -5445.689 3174.234 595.213
        15     16.0 -5427.635 3253.297 595.336
        16     17.0 -5417.639 3149.481 595.519
        17     18.0 -5387.392 3224.856 595.646
        18     19.0 -5372.435 3140.973 595.658
        19     20.0 -5418.246 3217.126 595.749
        20     21.0 -5443.125 3112.620 595.839
        21     22.0 -5544.940 3208.544 595.935
        22     23.0 -5518.181 3216.106 595.944
        23     24.0 -5529.920 3222.587 596.041
        24     25.0 -5485.759 3176.478 596.140
        25     26.0 -5599.109 3260.262 596.178
        26     27.0 -5598.220 3194.176 596.191
        27     28.0 -5573.849 3242.571 588.810
        28     29.0 -5525.684 3256.705 589.084
        29     30.0 -5562.886 3338.018 589.348
        30     31.0 -5528.381 3189.995 589.622
        31     32.0 -5692.586 3282.082 589.843
        32     33.0 -5690.895 3271.375 590.065
        33     34.0 -5776.440 3169.924 590.277
        34     35.0 -5700.396 3253.201 590.472
        35     36.0 -5695.289 3221.876 590.635
        36     37.0 -5664.001 3363.768 590.806
        37     38.0 -5738.325 3289.978 590.989
        38     39.0 -5794.009 3182.737 591.155
        39     40.0 -5679.064 3290.347 591.293
        40     41.0 -5804.743 3258.690 591.455
        41     42.0 -5640.885 3213.505 591.600
        42     43.0 -5726.966 3122.749 591.734
        43     44.0 -5650.623 3229.559 591.842
        44     45.0 -5642.287 3142.915 591.977
        45     46.0 -5711.569 3231.325 592.109
        46     47.0 -5722.136 3202.718 592.234
        47     48.0 -5752.264 3170.399 592.331
        48     49.0 -5675.724 3274.559 592.445
        49     50.0 -5764.627 3291.475 592.553
        50     51.0 -5804.623 3136.176 592.653
        51     52.0 -5834.700 3180.064 592.740
        52     53.0 -5772.200 3190.349 592.833
        53     54.0 -5623.622 3265.065 592.919
        54     55.0 -5801.755 3163.106 593.000
        55     56.0 -5714.094 3200.063 593.062
        56     57.0 -5779.230 3374.622 593.138
        57     58.0 -5814.877 3157.759 593.212
        58     59.0 -5781.147 3179.267 593.283
        59     60.0 -5799.991 3255.155 593.339
        60     61.0 -5735.999 3226.893 593.407
        61     62.0 -5781.650 3243.596 593.471
        62     63.0 -5766.750 3294.936 593.536
        63     64.0 -5799.258 3173.081 593.595
        64     65.0 -5815.461 3125.421 593.682
        65     66.0 -5839.269 3161.276 593.763
        66     67.0 -5852.994 3205.375 593.833
        67     68.0 -5742.923 3250.200 593.885
        68     69.0 -5776.965 3202.054 593.942
        69     70.0 -5778.356 3248.523 594.010
        70     71.0 -5791.103 3266.291 594.073
        71     72.0 -5932.148 3267.667 591.285
        72     73.0 -5790.736 3122.118 591.352
        73     74.0 -5751.220 3333.088 591.412
        74     75.0 -5836.660 3297.625 591.469
        75     76.0 -5912.289 3232.298 591.527
        76     77.0 -5857.320 3252.505 591.599
        77     78.0 -5925.128 3276.370 591.667
        78     79.0 -5712.517 3288.092 591.736
        79     80.0 -5745.024 3127.058 591.796
        80     81.0 -5879.514 3278.706 591.872
        81     82.0 -5780.695 3118.107 591.948
        82     83.0 -5851.610 3250.928 592.018
        83     84.0 -5886.508 3237.851 592.074
        84     85.0 -5912.883 3219.083 592.146
        85     86.0 -5829.304 3203.085 592.219
        86     87.0 -5994.572 3300.161 592.289
        87     88.0 -5793.768 3237.758 592.337
        88     89.0 -5934.504 3133.426 592.402
        89     90.0 -5920.400 3176.141 592.468
        90     91.0 -5845.488 3190.796 592.525
        91     92.0 -5867.334 3207.912 592.571
        92     93.0 -5926.032 3211.611 592.630
        93     94.0 -5879.419 3180.789 592.690
        94     95.0 -5813.030 3233.053 592.748
        95     96.0 -5931.387 3296.744 592.792
        96     97.0 -6018.888 3271.216 592.849
        97     98.0 -5788.895 3248.290 592.895
        98     99.0 -5884.287 3229.807 592.942
        99    100.0 -5833.300 3194.521 592.967
