[[ 5.17661682 -7.09746246]
 [-3.10592577  3.55993036]
 [-5.66361379 -5.23939343]
 [ 4.32455412  2.02897666]
 [-4.18465334 -0.30889698]
 [-2.51751267 -3.5980957 ]
 [ 1.34521813  4.44728231]
 [ 0.70051965 -3.82565187]
 [-1.69335952 -1.16151523]
 [-2.13285802  7.82448897]
 [-7.20981958 -0.67935906]
 [ 2.11466849 -5.62621669]
 [ 4.44946461  4.43128164]
 [ 4.7064354   6.11999563]
 [ 1.40830235 -1.89771702]
 [-1.79504884  3.27502171]
 [-0.9904579  -1.07672893]
 [ 1.08727222  3.31578822]
 [ 2.20396354 -4.42949544]
 [ 1.85005018  7.16108067]
 [-0.42996561 -1.36778123]
 [-1.95733135 -6.18214915]
 [ 3.78929439  6.71256555]
 [-0.6861172  -1.7676079 ]
 [ 5.43333776  3.03886924]
 [-0.94584141 -3.39365677]
 [ 2.09810833  2.8124009 ]
 [ 8.53184661  5.3203574 ]
 [ 3.28534516 -0.67020862]
 [ 1.54565029  2.46024214]
 [ 0.24251506 -2.32008405]
 [-3.62534223 -1.14235337]
 [-5.74012833 -2.60947949]
 [ 2.81411715 -3.27877846]
 [-3.37765755 -2.09155113]
 [ 3.59182569  1.12391394]
 [ 0.38606824  6.28764481]
 [ 0.57719217 -6.81985513]
 [-1.41994193 -4.54996562]
 [ 2.92229776  5.04686607]
 [-4.00919469 -3.11170607]
 [ 3.09433766  1.52099528]
 [ 0.89508025  2.259506  ]
 [ 0.11749332 -3.74131195]
 [ 2.75894878  2.63204223]
 [-0.25056354  0.54010172]
 [-2.45876759  4.60875845]
 [-0.22030222  3.79416897]
 [ 0.55520383 -5.35724281]
 [-2.21966794 -1.07891777]
 [-1.82769625 -4.03101622]
 [-0.63996446 -1.54945702]
 [ 1.07557498  5.88594494]
 [ 9.62793639  0.59901246]
 [-7.01179104  0.33608204]
 [ 2.4647408   3.70761378]
 [ 2.35947889 -8.1702281 ]
 [-3.79349891  1.08686423]
 [-7.10244563 -2.89646932]
 [-3.78759115 -8.94995184]
 [ 0.71241981  4.43636834]
 [-1.91332957 -2.36668212]
 [-0.64495743  3.14130285]
 [ 0.34852541  0.25772729]
 [-4.28353523 -4.93957228]
 [-0.95552356  7.55336442]]