[[-6.33347738 -6.60237039]
 [-3.35394754  2.84641256]
 [ 5.8351879  -4.55314356]
 [ 3.66481453  3.0169234 ]
 [-3.96174547 -1.33307111]
 [-0.15752973 -4.19434741]
 [-0.14779283  4.6424749 ]
 [ 1.97405184 -3.43235613]
 [-0.35078687 -1.97335511]
 [ 1.50755383  8.04347089]
 [ 4.57847365 -5.48008977]
 [ 2.88934344 -5.08471603]
 [ 1.86141583  6.13308505]
 [-2.51328691  7.0471213 ]
 [-2.03246219 -0.53491021]
 [ 3.63655525  1.03974623]
 [-0.58981946 -1.37377251]
 [ 0.83741433  3.38817339]
 [-1.16307063 -5.0126122 ]
 [ 4.84069781  5.32703548]
 [-0.82577614 -1.4308926 ]
 [ 1.61006    -6.08342775]
 [ 4.31518083  6.38254244]
 [ 0.49877639 -1.84934453]
 [ 4.84261491  3.9075037 ]
 [ 0.96962971 -3.47265553]
 [ 0.14312783  3.40348411]
 [-4.63195383  8.95982218]
 [ 3.35724884 -0.24585301]
 [ 1.11850271  2.65449848]
 [ 1.10563661 -2.34941937]
 [-3.19883172 -2.17784454]
 [-4.34669323 -4.89818854]
 [-4.65586465 -1.00674386]
 [-1.81142461 -3.46448182]
 [ 2.6174445   2.20163026]
 [ 2.88181589  5.47257911]
 [-1.22305074 -6.94906545]
 [-2.96562039 -3.84428793]
 [ 0.57688929  5.8989247 ]
 [ 0.643526   -4.90442692]
 [-1.805006    3.34238817]
 [ 0.48452835  2.34322091]
 [-2.45538066 -2.90749902]
 [ 2.07449519  3.12475329]
 [-0.20925482  0.47280149]
 [-3.23070681  3.92719632]
 [-0.66401201  3.43316877]
 [-2.11106232 -5.31966003]
 [-2.11054489 -1.54803832]
 [-4.27451832 -2.43415577]
 [ 0.09676212 -1.74672942]
 [-0.93812428  5.82946914]
 [ 9.25244077  3.26248093]
 [ 0.86531159 -7.16872738]
 [ 1.85052064  4.0470693 ]
 [ 3.14281611 -8.09307856]
 [-3.91609386  0.40224127]
 [-6.26683456 -4.06432965]
 [-9.21942606 -1.93611233]
 [ 0.71845156  4.42427436]
 [-0.90875475 -2.8768925 ]
 [ 3.30594559  1.74061832]
 [ 0.593022    0.16318058]
 [ 4.53298402 -4.05671128]
 [-0.85038621  7.52501945]]