[[ -7.93575542  -4.47391404]
 [  4.21954086   1.10282615]
 [  4.88923708  -5.56040779]
 [ -0.83152001   4.44698996]
 [ -4.26031369  -1.39691907]
 [  0.69044733  -4.33319493]
 [  1.69497292   4.2402187 ]
 [  2.41970532  -3.27793273]
 [ -1.00403472  -1.82052298]
 [ -3.89086329   7.02508937]
 [ -6.84627497  -2.1414745 ]
 [  1.40717795  -6.02978102]
 [ -0.2232942    6.33920488]
 [  4.80298906   5.86227472]
 [  2.12308698  -1.49925982]
 [  2.79478024   1.49435814]
 [ -0.83349342  -1.38553828]
 [  0.19485932   3.39994993]
 [ -1.60563093  -4.97447262]
 [ -1.30039458   7.09031212]
 [ -0.42365047  -1.55647152]
 [  2.42523744  -5.87456046]
 [  2.86596574   7.10343881]
 [  0.49762979  -1.80491589]
 [  0.78145552   6.23445214]
 [  0.7611049   -3.48133218]
 [ -0.7104101    3.34529663]
 [  0.3114153   10.25058887]
 [ -3.33489611   1.41598665]
 [  0.58026842   2.76700047]
 [  1.07148344  -2.20691376]
 [ -3.14218998  -2.29621252]
 [ -4.02167878  -5.28030391]
 [ -4.03338104  -2.00155494]
 [ -2.11573961  -3.32896369]
 [  2.13740664   2.5700795 ]
 [  2.00124078   5.83933351]
 [ -4.98930933  -4.81535161]
 [ -0.5254362   -4.56674287]
 [ -2.09817507   5.52581419]
 [ -2.24605661  -4.74862939]
 [ -2.85223989   3.04396556]
 [  0.17764205   2.30449171]
 [  1.42239429  -3.52342586]
 [  1.01960395   3.46271168]
 [ -0.53985995   0.38805599]
 [  4.30555051   2.51961868]
 [ -1.74204823   3.2137603 ]
 [ -0.27749974  -5.7632991 ]
 [ -1.97863965  -1.72684322]
 [ -3.37730281  -3.27148566]
 [  0.05677815  -1.74517661]
 [  3.16146002   4.94598587]
 [  8.72493149   4.35457138]
 [  5.59992772  -3.62792737]
 [  0.97023767   4.29712277]
 [  1.72765818  -8.51214648]
 [ -4.16331806  -0.03727947]
 [ -2.82259339  -7.28794206]
 [  7.71525842  -5.49124529]
 [ -1.28749759   4.32039407]
 [ -0.79935326  -2.97534574]
 [  2.75332891   2.29947998]
 [  0.34123605   0.25383936]
 [  4.19546455  -4.47863408]
 [ -4.62862586   5.83890937]]