[[ -7.38104995e+00  -5.36661437e+00]
 [ -3.41638923e+00   3.07097255e+00]
 [  1.73504499e+00  -7.49836594e+00]
 [  3.58907429e+00   2.97283937e+00]
 [ -4.23131591e+00  -8.68908265e-01]
 [  2.67710171e-01  -4.31561572e+00]
 [  4.94952988e-01   4.59950563e+00]
 [ -8.58337342e-01  -3.81840828e+00]
 [ -1.46893072e+00  -1.45361994e+00]
 [  2.28913565e-01   8.16537513e+00]
 [ -6.95277946e+00  -8.43184409e-01]
 [ -4.91918762e+00  -3.71612359e+00]
 [  1.12748680e+00   6.39380541e+00]
 [  4.23379076e+00   6.54594597e+00]
 [ -2.74613791e+00  -2.60780679e-01]
 [ -1.87250215e+00   2.93518658e+00]
 [ -9.70506014e-01  -1.13861773e+00]
 [  7.80844405e-01   3.35725822e+00]
 [ -3.75294710e+00  -3.47188990e+00]
 [  4.40361814e+00   5.63462777e+00]
 [ -7.44450687e-01  -1.31879590e+00]
 [ -8.19792575e-01  -6.56476996e+00]
 [  6.13508999e+00   4.08729941e+00]
 [  6.18162798e-03  -1.77633118e+00]
 [ -2.03463285e+00   6.03687408e+00]
 [  1.21802626e-01  -3.50949657e+00]
 [  2.34781616e+00   2.88230490e+00]
 [ -4.01994666e+00   9.24894395e+00]
 [ -3.19488034e+00   1.83706222e+00]
 [  1.60829178e+00   2.48393197e+00]
 [ -5.93718544e-01  -2.25283104e+00]
 [ -3.18473025e+00  -1.85658093e+00]
 [ -4.00416031e+00  -5.26292703e+00]
 [  3.03805857e+00  -2.93951146e+00]
 [ -2.58347332e+00  -2.95287634e+00]
 [  3.79673575e+00   1.45105318e+00]
 [  2.50874709e+00   5.70822971e+00]
 [  4.40444702e+00  -4.68483710e+00]
 [ -1.08484747e+00  -4.71832363e+00]
 [ -4.98589474e-01   5.95034673e+00]
 [ -2.33381055e+00  -4.62674679e+00]
 [ -1.22546383e+00   3.54260397e+00]
 [  9.53129225e-01   2.23106618e+00]
 [  1.82172827e+00  -3.47171134e+00]
 [  3.82832254e-02   3.59609458e+00]
 [  1.53544231e+00  -1.26300259e-01]
 [ -3.07656995e+00   4.24906360e+00]
 [  2.60036755e+00   2.44009573e+00]
 [  6.86025283e-01  -5.38641241e+00]
 [  9.96097466e-01  -2.26182324e+00]
 [ -4.02874915e+00  -2.22935846e+00]
 [ -3.92235977e-01  -1.56356412e+00]
 [  4.24626987e-01   5.99423535e+00]
 [  9.52560408e+00   2.07567555e+00]
 [  3.68331166e+00  -5.87290879e+00]
 [  2.13758455e+00   3.95333599e+00]
 [ -8.15599007e+00  -2.23736914e+00]
 [  2.49439022e+00  -1.45326957e+00]
 [ -3.28230825e+00  -7.04830318e+00]
 [  6.20603328e+00  -7.21808804e+00]
 [  1.33245213e+00   4.25656965e+00]
 [ -1.52549829e+00  -2.68012210e+00]
 [  3.25386832e+00   1.46520825e+00]
 [ -6.90082936e-01   6.37672104e-01]
 [  2.00858222e+00  -6.09601579e+00]
 [  5.51788141e+00   5.05821943e+00]]