[[-8.69753823 -1.70158762]
 [ 4.56903842  0.76310033]
 [ 4.91479472 -5.67739211]
 [ 3.27771895  3.35843657]
 [-4.07903308 -1.03864932]
 [ 0.23860034 -4.32233924]
 [-0.37209513  4.64624125]
 [-2.97435241 -2.68352137]
 [-0.53408135 -1.90493601]
 [ 3.56093315  7.40195892]
 [-0.18616184 -7.43467658]
 [-4.81440669 -3.60344767]
 [-0.17605226  6.4203831 ]
 [ 5.90089015  4.85986199]
 [-2.6450862  -0.26622771]
 [-2.48927089  2.81934205]
 [-0.95084941 -1.17617864]
 [ 0.37657346  3.51595034]
 [-2.21830319 -4.66820256]
 [ 5.17095273  4.93513597]
 [-0.73738567 -1.30967933]
 [ 1.81732022 -6.10569175]
 [-0.12908513  7.76744551]
 [ 0.18893333 -1.79055329]
 [ 2.79730572  5.62789434]
 [ 0.29103514 -3.49235586]
 [-0.21913167  3.44509602]
 [-4.3928555   9.10465041]
 [ 3.42423266 -0.15721   ]
 [ 1.56755595  2.55638155]
 [-1.5040763  -1.73925486]
 [-3.40873038 -1.76236709]
 [-4.37033618 -4.8556237 ]
 [-4.61605285 -0.56520924]
 [-2.43081836 -2.9960636 ]
 [ 3.0398438   2.15035763]
 [ 1.29660793  6.24658691]
 [-1.73978537 -6.78065133]
 [ 1.19074576 -4.34234454]
 [ 1.62226195  5.68401241]
 [-2.92289119 -4.28045576]
 [-1.60087135  3.35928118]
 [ 0.84509535  2.24080967]
 [ 1.96926386 -3.3746754 ]
 [ 1.49788447  3.41496643]
 [-0.29680804  0.5199506 ]
 [-3.49059383  3.79379149]
 [ 0.71394211  3.096269  ]
 [ 0.32801673 -5.53956782]
 [ 0.76352649 -2.22643469]
 [-1.2335662  -4.14907585]
 [-0.22049942 -1.62992323]
 [-1.31291347  5.78627223]
 [ 9.38377858  2.88557992]
 [ 5.30860249 -4.3578198 ]
 [ 2.21586248  3.93729435]
 [ 3.1044579  -8.07455355]
 [ 2.76356174 -1.59368512]
 [-6.65594488 -3.25657598]
 [-6.81129387 -6.90304785]
 [ 0.7024891   4.44039079]
 [-1.26705816 -2.74391357]
 [ 3.43245677  1.70560944]
 [ 0.47297318  0.24473551]
 [ 3.74888234 -4.99002414]
 [-2.99820945  6.76613026]]