[[-7.81784292 -4.669378  ]
 [ 4.58609524  0.06976993]
 [ 4.66490541 -5.58430341]
 [ 3.24574312  3.23653391]
 [-4.36042645 -0.31180814]
 [-1.06986987 -4.08886141]
 [ 2.57148555  3.95306384]
 [ 1.35442437 -3.7704056 ]
 [-1.30855748 -1.50645279]
 [ 3.28777349  7.51833615]
 [-7.06584665 -0.34291449]
 [ 2.2434375  -5.4220532 ]
 [ 0.80196845  6.45316517]
 [ 6.36041603  4.17546153]
 [ 1.74457941 -2.03295807]
 [ 3.21448867  0.71093168]
 [-0.99882327 -1.12658401]
 [ 1.53915744  3.06550428]
 [-3.92193304 -3.46412275]
 [ 5.60077721  4.38398971]
 [-0.70813794 -1.39178882]
 [-4.2684109  -4.89350448]
 [-1.53275098  7.40892048]
 [ 0.12889904 -1.87570608]
 [-1.86000576  5.9830604 ]
 [ 0.33068279 -3.59144614]
 [ 0.41573972  3.48811184]
 [-3.64047081  9.39659296]
 [-2.5711191   2.11738614]
 [ 0.67419849  2.78184355]
 [ 0.53133627 -2.47514274]
 [-3.48355391 -1.47168111]
 [-3.98408871 -5.37092245]
 [-4.29145429 -1.01310233]
 [-2.4111241  -3.16853053]
 [ 3.16309248  1.7469915 ]
 [ 0.05328255  6.19201411]
 [ 1.53380334 -6.6007993 ]
 [-1.99475169 -4.36638933]
 [ 2.60097817  5.40291643]
 [-0.77830624 -5.13742287]
 [ 3.99083846  1.36220761]
 [ 1.26265265  2.09268757]
 [-2.64183276 -2.44466973]
 [-0.43009001  3.92743499]
 [ 0.07255634  0.40094173]
 [-2.8210089   4.25462853]
 [ 2.77258286  2.31516291]
 [ 0.10912932 -5.41667601]
 [-2.1842982  -1.18243558]
 [-4.21243444 -2.22310443]
 [-0.25205531 -1.69863018]
 [ 1.77409041  5.78225606]
 [ 9.60330962  1.88848475]
 [ 0.38950641 -7.26957458]
 [ 1.88921277  3.91373782]
 [-8.19245969 -2.10600966]
 [-3.91421334  0.99436389]
 [-3.04090923 -7.15915945]
 [ 5.35645634 -7.91248747]
 [ 1.39165587  4.26182761]
 [-1.10649043 -2.81530579]
 [-1.12243769  3.24251477]
 [ 0.48925681  0.15326663]
 [ 3.68205894 -4.88527249]
 [ 4.5551326   6.11549494]]