[[ 4.69024705 -7.68916543]
 [-3.09522533  3.30104516]
 [-0.01010057 -7.74080081]
 [-0.24847078  4.66413689]
 [-3.94169435 -0.90496223]
 [-0.91360338 -4.17370433]
 [ 2.04777271  4.17395086]
 [-2.086891   -3.37934036]
 [-1.48805701 -1.39269424]
 [ 6.98523967  3.74296741]
 [-6.88698185 -0.42478956]
 [ 0.85684471 -6.0360246 ]
 [ 1.98455667  6.2273193 ]
 [ 5.98657183  4.88325276]
 [-2.49007252 -0.29979052]
 [-1.55757332  3.02514089]
 [-0.68126698 -1.18193939]
 [ 1.72234036  3.01951356]
 [-3.61490135 -3.41220786]
 [ 5.15102318  5.14003199]
 [-0.23777077 -1.39659349]
 [ 2.03344544 -6.15218525]
 [ 1.13350457  7.62822823]
 [-0.29600566 -1.78381746]
 [-0.65771152  6.24273916]
 [-0.05010379 -3.57728111]
 [ 3.02021741  2.22943392]
 [-1.97421058  9.97471634]
 [-2.91656808  2.05593152]
 [ 2.05939575  2.19449943]
 [-0.07365356 -2.34749171]
 [-3.06063827 -1.81457039]
 [-3.79602035 -5.1776964 ]
 [ 3.57992842 -3.04803591]
 [-2.74047161 -2.65506765]
 [ 3.95438552  1.01023689]
 [ 3.29434717  5.4439044 ]
 [-5.58828832 -3.69665749]
 [ 0.78918261 -4.47989009]
 [ 1.62563704  5.6447839 ]
 [-2.0701915  -4.6802244 ]
 [-0.62773782  3.42141482]
 [ 1.55577641  1.91716819]
 [ 2.13616264 -3.36863789]
 [ 0.61202815  3.73542136]
 [ 2.05246326 -0.46605373]
 [-2.59970166  4.5220795 ]
 [ 3.50100988  1.7799886 ]
 [ 2.55290123 -4.86606108]
 [ 1.53565132 -2.36773377]
 [ 2.84522676 -3.7900325 ]
 [-0.7192863  -1.5521924 ]
 [ 4.53433822  3.76211479]
 [ 9.71902632  0.95432705]
 [-6.4875139  -2.22414844]
 [ 2.49645995  3.70234685]
 [-6.48438795 -5.68558013]
 [-3.80191869  0.70353225]
 [-2.87912115 -7.15552016]
 [-9.45106177 -1.10238281]
 [ 2.98165649  3.39214556]
 [-1.26846013 -2.69277636]
 [ 0.2744541   2.71855549]
 [-0.56813372  0.62690654]
 [-0.76905349 -6.4235179 ]
 [-1.57894579  7.30173422]]