[[-8.91324645 -1.03895991]
 [-2.91740162  3.50428317]
 [-5.84843154 -4.7339887 ]
 [ 3.73037546  2.80006802]
 [-4.37548881 -0.27518619]
 [-0.76301733 -4.28169682]
 [ 1.98881759  4.21413567]
 [ 0.19986602 -3.93490025]
 [-1.8703501  -1.1054961 ]
 [ 1.56622953  8.03161338]
 [-7.01059465 -0.27778058]
 [-1.12804635 -6.06452163]
 [ 1.10591602  6.35125856]
 [ 6.08420012  4.796003  ]
 [ 0.02118726 -1.14269862]
 [-1.46370978  3.29030885]
 [-1.23311541 -0.97673935]
 [ 1.35020476  3.18874172]
 [-3.01932829 -3.99913063]
 [ 5.84705951  4.047629  ]
 [-1.02797268 -1.21136122]
 [ 1.76751739 -6.11104656]
 [ 6.67328624  3.28249068]
 [-0.36929293 -1.79751236]
 [-1.23537954  6.23522454]
 [-0.53235519 -3.50786997]
 [ 2.7154204   2.47249455]
 [-2.89425135  9.64484512]
 [-2.79308877  2.22705761]
 [ 1.91903852  2.23822188]
 [-0.42753483 -2.35654911]
 [-3.71614737 -1.06758595]
 [-5.89632063 -2.41529595]
 [ 2.99764114 -3.11492492]
 [-3.13013324 -2.20224582]
 [ 4.01754614  0.80115939]
 [ 3.76804125  4.99520741]
 [ 0.10123668 -7.05726537]
 [-1.88010153 -4.25918304]
 [ 1.93469207  5.64067209]
 [-3.66960033 -3.55547321]
 [ 3.52205191  1.27483084]
 [ 1.35021173  2.01565347]
 [ 1.87376901 -3.4856994 ]
 [ 0.29772904  3.75509399]
 [ 1.86308175 -0.50811227]
 [-2.39758913  4.63832658]
 [ 3.04501724  1.95901642]
 [ 2.24451794 -4.80100942]
 [ 0.95632088 -2.33262535]
 [-3.9822113  -2.19297441]
 [-0.62727613 -1.55934934]
 [ 0.40989263  5.94886844]
 [ 9.75378669  0.65302398]
 [ 4.3401291  -5.39741394]
 [ 2.70917305  3.57613354]
 [ 3.74028049 -7.71446823]
 [-3.97724994  1.04592898]
 [-3.35898617 -6.7811562 ]
 [-6.18603233 -7.50199881]
 [ 1.37150511  4.25120189]
 [-1.83821293 -2.43329569]
 [-0.27795633  3.02213086]
 [-0.67897146  0.74599232]
 [ 0.52609906 -6.2568174 ]
 [ 3.64755267  6.80471679]]