[[-2.08374337 -8.96712311]
 [-3.62856117  2.89456824]
 [-6.29557546 -4.48872648]
 [ 3.47441338  3.2391687 ]
 [-2.74561246 -2.22103937]
 [-1.79914694 -4.00955901]
 [ 0.15138726  4.65985353]
 [ 0.24824608 -3.99756692]
 [ 0.05252719 -1.93840253]
 [-3.01890634  7.44045737]
 [ 3.8481574  -5.72678342]
 [-3.62900164 -4.97439197]
 [ 1.10266906  6.25136744]
 [ 1.81783952  7.65941023]
 [ 2.02222512 -1.69580742]
 [-2.02088944  2.66496654]
 [-0.55365752 -1.22259918]
 [-0.06901565  3.53299698]
 [ 1.19357812 -4.80987782]
 [ 2.81534746  6.7704051 ]
 [-0.91004437 -1.27390904]
 [-2.90337624 -5.84113331]
 [ 5.23134244  5.45065213]
 [-0.53374916 -1.67429825]
 [ 4.92746183  3.9198137 ]
 [-1.76172058 -3.19283018]
 [ 1.13270936  3.37776099]
 [ 8.29265932  5.68853828]
 [ 3.4594912   0.04642399]
 [ 0.80396514  2.82797815]
 [ 0.80258023 -2.24946082]
 [ 0.62508762 -3.25491864]
 [-4.62775482 -4.60483986]
 [-4.76797705 -0.58822576]
 [-0.82928156 -3.68847903]
 [-2.21491669  3.37770942]
 [ 2.65445758  5.55241808]
 [ 1.92589685 -6.479647  ]
 [-3.92072315 -2.86871007]
 [-0.25773489  5.95708743]
 [ 2.22612243 -4.26942657]
 [ 2.93882374  2.12935255]
 [-0.03068243  2.51995384]
 [-3.64918612 -1.60343438]
 [ 2.23081076  3.17724371]
 [-1.53624165  0.72499362]
 [ 4.83251823  1.71267733]
 [-1.27283802  3.61461326]
 [ 0.0517979  -5.55348443]
 [-2.6915034  -1.04533396]
 [-4.67873831 -1.63832473]
 [-0.09293696 -1.58361039]
 [-1.85937152  5.74306945]
 [-7.17960107  6.70798526]
 [ 4.96098482 -4.32724953]
 [ 1.27783642  4.30315144]
 [ 6.55685403 -5.09253134]
 [ 3.29348924 -1.5147543 ]
 [-7.08442344 -2.7067893 ]
 [ 4.91172009 -8.24841203]
 [-0.55319782  4.52932048]
 [-1.04648179 -2.67646489]
 [ 2.43406023  2.01714706]
 [ 0.71365469  0.2298301 ]
 [-1.57386675 -6.25728161]
 [-1.19025701  7.56451224]]