[[-2.93932642 -8.66471888]
 [ 4.57784577  1.15798802]
 [ 5.43309095 -4.90550548]
 [ 3.48024373  3.17346558]
 [-3.5017206  -1.74684625]
 [-0.35088703 -4.23877414]
 [ 0.7248185   4.53382452]
 [ 1.93686748 -3.4070604 ]
 [-0.56226139 -1.91776613]
 [ 2.52729721  7.839564  ]
 [ 3.73929715 -6.28262932]
 [ 1.62639927 -5.85363235]
 [ 2.13072338  5.95072189]
 [-0.4399431   7.78004425]
 [ 2.4252267  -1.61495886]
 [ 3.40433988  1.58694241]
 [-0.6193534  -1.33759472]
 [ 0.88533502  3.31211872]
 [-1.16540891 -5.10496879]
 [ 3.4347135   6.45324243]
 [-0.31081897 -1.44112494]
 [-0.65658678 -6.52918427]
 [-3.23022092  6.7057106 ]
 [ 0.45098531 -1.77940771]
 [ 1.02632884  6.12804838]
 [ 0.64322386 -3.51426489]
 [-0.57507642  3.60855119]
 [ 8.05949073  5.99754125]
 [ 3.67736287  0.08211118]
 [ 0.03352308  2.91160906]
 [ 1.03405447 -2.29252025]
 [-2.80386611 -2.45652623]
 [-3.46201181 -5.51271706]
 [-4.53373445 -1.11742323]
 [-1.54554669 -3.65002201]
 [-1.78675444  3.00962747]
 [-0.76936196  6.08285402]
 [ 1.97286879 -6.76027094]
 [-2.82602158 -3.95772963]
 [ 3.94606183  4.50387919]
 [ 0.78806437 -4.92837907]
 [-2.23209703  3.24140647]
 [ 0.28925609  2.37594389]
 [-2.28760578 -2.85468642]
 [ 1.78480158  3.15548012]
 [-1.09028069  0.5751604 ]
 [-3.58845298  3.49371467]
 [-1.12886676  3.5202128 ]
 [ 2.69333663 -4.4971527 ]
 [-2.20684173 -1.41738224]
 [-4.10098086 -2.61241381]
 [ 0.19812362 -1.7002203 ]
 [ 3.3856901   4.93919528]
 [-7.33634934  6.48807101]
 [-6.64605873 -2.15167501]
 [ 0.01711861  4.44859595]
 [ 6.83948133 -5.07082273]
 [-3.54850975  0.01843766]
 [-5.72539814 -4.68169654]
 [-7.65557568 -5.86550174]
 [ 1.47416613  4.18685735]
 [-0.63900574 -2.92578702]
 [ 2.33958373  2.14049389]
 [ 0.87554779  0.19355344]
 [ 4.58355316 -4.01386391]
 [-2.17389729  7.21026088]]