[[-8.39037368 -3.58506422]
 [ 4.17399388  0.63029502]
 [ 5.02982256 -5.20034862]
 [-1.91966531  4.26100635]
 [-4.37727404 -0.89140712]
 [-0.47487346 -4.22332855]
 [-0.47549114  4.69171385]
 [ 1.94685297 -3.56855372]
 [-1.24093706 -1.67292845]
 [-2.54433046  7.7407942 ]
 [-7.08335008 -1.28515638]
 [ 2.73736021 -5.26106225]
 [ 2.73342055  5.80921555]
 [ 0.56502431  7.85421978]
 [ 2.04850583 -1.75258392]
 [-2.5546222   2.92884009]
 [-0.99646815 -1.26415922]
 [ 0.09306724  3.51794748]
 [-2.83347943 -4.46748663]
 [-0.24684089  7.29800041]
 [-0.62165977 -1.48260989]
 [ 1.46694044 -6.14456277]
 [ 4.63548176  5.85405687]
 [ 0.26645811 -1.81339452]
 [-2.22342949  5.75343144]
 [ 0.37528555 -3.56232646]
 [ 0.78970061  3.4042022 ]
 [ 8.8592088   4.25387346]
 [-3.12314682  1.76072508]
 [ 1.05565124  2.58052831]
 [ 0.59696194 -2.32907771]
 [-3.38634826 -1.92418846]
 [-4.58107481 -4.7800067 ]
 [-4.3171962  -1.45968562]
 [-2.55367512 -3.06021965]
 [-0.36041379  2.9645583 ]
 [ 1.01912135  6.18297959]
 [-5.50482831 -4.20385151]
 [-1.86881741 -4.27835509]
 [ 1.75947187  5.61316001]
 [ 0.07386987 -5.09063746]
 [ 3.23000629  2.11254119]
 [ 0.43429111  2.32067547]
 [ 1.07350562 -3.44666009]
 [ 2.21847919  3.03489301]
 [ 0.73864236  0.12326123]
 [ 4.66002324  1.76025158]
 [ 1.35886806  3.08991034]
 [-1.14406632 -5.57816323]
 [-2.22799221 -1.41382723]
 [-3.83416792 -2.78504427]
 [-0.16079717 -1.719295  ]
 [ 3.34052335  4.79904273]
 [ 7.67661248  6.16208361]
 [-0.03595695 -7.23254435]
 [ 1.49825329  4.20180028]
 [ 1.94309645 -8.42220422]
 [-4.14265319  0.4404851 ]
 [-3.89638084 -6.75788958]
 [ 6.96337649 -6.37784357]
 [ 0.19143149  4.50288291]
 [-1.19028095 -2.84772722]
 [ 2.85456422  1.72163231]
 [-0.43891719  0.42281895]
 [ 4.1769626  -4.41879452]
 [-3.83532668  6.50916152]]