[[ -9.00754135e+00  -1.24867666e+00]
 [  4.59464760e+00  -3.70347994e-01]
 [  3.90283107e+00  -6.06465314e+00]
 [ -7.79911662e-01   4.59900685e+00]
 [ -4.21287768e+00  -1.50843273e-01]
 [ -1.35174265e+00  -4.01157514e+00]
 [  2.30272971e+00   4.07822315e+00]
 [  9.51568903e-01  -3.89849923e+00]
 [ -1.33892960e+00  -1.53589771e+00]
 [  3.60590075e+00   7.35130272e+00]
 [ -4.04712097e+00  -6.21391722e+00]
 [  7.11218217e-01  -5.95164822e+00]
 [  7.03653161e-01   6.38198041e+00]
 [  5.95869481e+00   4.92345449e+00]
 [  1.45356673e+00  -2.17322257e+00]
 [  3.42647741e+00   2.42254395e-01]
 [ -1.24543978e+00  -9.53159674e-01]
 [  1.78159877e+00   2.97831833e+00]
 [ -3.33431344e+00  -3.95437371e+00]
 [  4.99689833e+00   5.28033748e+00]
 [ -9.38002764e-01  -1.19618979e+00]
 [ -1.38335149e+00  -6.30616434e+00]
 [ -7.75734405e-01   7.54220511e+00]
 [ -8.19854328e-02  -1.87920553e+00]
 [ -1.31726120e+00   6.15333185e+00]
 [ -7.81623499e-04  -3.63925333e+00]
 [  7.50858152e-01   3.44989231e+00]
 [ -2.86089040e+00   9.66264632e+00]
 [ -2.20622875e+00   2.32445033e+00]
 [  8.99068599e-01   2.75598954e+00]
 [  2.68728153e-01  -2.51077208e+00]
 [ -3.63228147e+00  -1.10812565e+00]
 [ -5.90344319e+00  -3.04909799e+00]
 [ -4.67853389e+00   2.74762864e-01]
 [ -2.70930730e+00  -2.81125899e+00]
 [  2.83186647e+00   1.74949884e+00]
 [  1.62746232e+00   6.07450452e+00]
 [ -6.71780321e+00  -9.93030275e-01]
 [ -2.01021688e+00  -4.27669380e+00]
 [  2.39938963e+00   5.47077097e+00]
 [ -5.56592979e-01  -4.95477204e+00]
 [  4.12491908e+00   1.09766930e+00]
 [  1.43667148e+00   2.01051595e+00]
 [ -3.22799923e+00  -2.04781754e+00]
 [ -9.11842131e-02   3.85144260e+00]
 [  2.37257673e-03   4.83138537e-01]
 [ -2.46580015e+00   4.46679567e+00]
 [  3.18887489e+00   2.22915522e+00]
 [ -4.43928919e+00  -3.30467031e+00]
 [ -2.34826433e+00  -8.34124320e-01]
 [ -4.59180016e+00  -1.31120470e+00]
 [ -4.80182743e-01  -1.64324721e+00]
 [  4.13741947e+00   4.22445228e+00]
 [  9.71935131e+00   1.12690263e+00]
 [  2.18392073e+00  -6.55871374e+00]
 [  1.69133699e+00   4.06127551e+00]
 [ -1.12946887e+00  -8.57019792e+00]
 [ -3.78175419e+00   1.43058836e+00]
 [ -5.88687686e+00  -5.08070311e+00]
 [  5.24207571e+00  -7.90680858e+00]
 [  2.85072739e+00   3.48315683e+00]
 [ -1.49742375e+00  -2.60134355e+00]
 [  3.24618701e+00   1.12121109e+00]
 [  4.71339957e-01   1.04308366e-01]
 [  2.97598411e+00  -5.24052020e+00]
 [  6.59199628e+00   3.36718672e+00]]