[[-7.10995447 -5.91733244]
 [-2.97205805  3.10432511]
 [ 4.67584162 -5.51602473]
 [ 3.75927254  2.87486822]
 [-4.30586251 -0.49606346]
 [-1.24754922 -4.05051056]
 [ 1.53661088  4.34046334]
 [ 1.6252718  -3.68234551]
 [-1.34684843 -1.47      ]
 [ 4.30627057  6.93790084]
 [-7.18745898 -0.47683219]
 [ 0.43245766 -6.22568564]
 [-0.67578755  6.28303585]
 [ 0.29096973  7.76537838]
 [ 1.7966172  -1.99036105]
 [-1.60995851  2.96893518]
 [-0.9274899  -1.18804178]
 [ 1.04282133  3.30945836]
 [ 0.97865429 -4.7693097 ]
 [ 4.9668658   5.11125645]
 [-0.65545814 -1.4264069 ]
 [-1.6359473  -6.46203046]
 [ 5.98804435  4.47223113]
 [ 0.1276607  -1.84882318]
 [-2.05876984  5.94832397]
 [ 0.31580878 -3.58739844]
 [ 0.51678981  3.32151004]
 [-4.10401474  9.18241279]
 [ 3.4323372  -0.53795115]
 [ 1.1577939   2.5991498 ]
 [ 0.63118444 -2.45940705]
 [-3.48913593 -1.57198803]
 [-4.16030242 -5.21906111]
 [-4.24145302 -1.2420985 ]
 [-2.5036107  -2.94327717]
 [ 3.01921122  1.86937418]
 [ 2.1784917   5.8225911 ]
 [ 2.37135428 -6.29143166]
 [-1.58035718 -4.60663953]
 [ 3.09825965  4.99269266]
 [-0.20575045 -5.07089936]
 [ 4.04167738  1.36506602]
 [ 0.99073273  2.16570917]
 [-3.15268535 -2.34588049]
 [-0.42037864  3.74390967]
 [ 0.87653607  0.04951814]
 [-2.91364684  4.23558664]
 [ 2.38792227  2.60155808]
 [-3.99173647 -3.81286944]
 [-2.15491719 -1.29446243]
 [-2.75008982 -3.79699123]
 [-0.19894504 -1.70433981]
 [ 0.58493146  5.87885111]
 [ 9.48173897  2.31924448]
 [-6.75606613 -2.02360674]
 [ 2.17708646  3.82044933]
 [ 1.02826519 -8.58733416]
 [-3.91899332  0.81713862]
 [-6.12366071 -4.4096822 ]
 [ 6.43475388 -6.94497393]
 [ 0.66066885  4.41146795]
 [-1.08038711 -2.79728623]
 [ 3.51576026  1.20050996]
 [-0.43538397  0.54465581]
 [ 3.75687987 -4.78164726]
 [ 1.72911505  7.49142115]]