[[ 4.95077031 -7.44032479]
 [ 4.4226668  -0.10695048]
 [ 1.89201468 -7.32331617]
 [-0.66642498  4.72052264]
 [-3.96940105 -0.21080877]
 [-2.30800534 -3.68792168]
 [ 2.84313835  3.66749164]
 [ 0.3008387  -3.97076963]
 [-1.4750408  -1.39194857]
 [ 3.84372314  7.24882092]
 [-6.05762809 -4.28628624]
 [-1.04584154 -5.88879504]
 [ 4.63265853  4.37461107]
 [ 0.53108214  7.74426627]
 [ 1.66711051 -2.02883915]
 [-1.95741034  3.20437515]
 [-0.93383997 -1.0836145 ]
 [ 2.04597121  2.80895623]
 [ 1.8735463  -4.55267571]
 [-1.28947468  7.0007196 ]
 [-0.39442617 -1.36371517]
 [ 1.09839877 -6.04095334]
 [-0.19412431  7.53427989]
 [-0.34474564 -1.84754658]
 [ 5.6203487   2.82407609]
 [-0.54153968 -3.57920095]
 [ 0.38721968  3.6730968 ]
 [ 9.39394647  3.61846889]
 [ 3.42888785 -0.81205316]
 [ 0.75461748  2.84909447]
 [ 0.4323797  -2.48049812]
 [-3.0643176  -1.78236202]
 [-4.49327835 -4.70254298]
 [ 1.9369077  -3.3826672 ]
 [-2.69252705 -2.81928902]
 [-1.25952692  3.68571472]
 [ 1.5794327   6.04957209]
 [-0.2254959  -6.76826041]
 [-1.8201752  -4.24722218]
 [ 2.949587    5.23931314]
 [-4.63949454 -2.18157528]
 [ 3.52934728  1.4739262 ]
 [ 0.86222389  2.2560041 ]
 [-3.88316813 -1.13324864]
 [ 1.86994703  3.00938428]
 [-1.01594429  0.93277435]
 [ 5.09213941  0.86203139]
 [-0.35683942  3.69017468]
 [-4.80780344 -2.79132048]
 [-2.3888281  -0.74753998]
 [-4.86108212 -0.50723209]
 [-0.67511203 -1.56459496]
 [ 3.69369453  4.77733401]
 [-5.32102066  8.22890452]
 [ 4.13696582 -5.38704388]
 [ 1.15222931  4.35825805]
 [-8.43740032 -0.55121009]
 [-3.61054863  1.13740441]
 [-7.1279947  -2.72743594]
 [-2.87112094 -9.30404795]
 [ 2.0468392   4.02153768]
 [-1.39973883 -2.62401456]
 [ 2.70238947  1.53430977]
 [ 0.75639031  0.04834733]
 [-2.21879819 -6.09396748]
 [ 5.92070496  4.83802281]]