[[-8.19591649 -3.9608279 ]
 [-3.36049483  3.29226076]
 [-2.70055498 -7.27276875]
 [ 3.96228298  2.6310859 ]
 [-4.12278835 -1.21912211]
 [ 0.04998661 -4.31635499]
 [ 0.86303912  4.57821356]
 [ 1.86123959 -3.45738247]
 [-1.24493291 -1.64113245]
 [ 2.67180488  7.76087592]
 [-7.04173572 -1.6214479 ]
 [-2.77580114 -5.58403957]
 [ 4.37191793  4.7155048 ]
 [ 0.76569057  7.69913413]
 [ 2.15887383 -1.77196746]
 [-2.01215849  3.06007269]
 [-0.94627126 -1.22680014]
 [ 0.64310565  3.41965972]
 [-3.56758212 -3.87777356]
 [ 3.40695898  6.43501354]
 [-0.61133783 -1.44325262]
 [ 1.3744128  -6.12928401]
 [-2.1235093   7.14889293]
 [ 0.13014977 -1.83952756]
 [ 5.39201129  3.33939732]
 [-0.36612537 -3.52404837]
 [ 1.63411821  3.1033533 ]
 [ 8.73655293  4.92022367]
 [-2.90120886  1.82972444]
 [ 1.25488171  2.58587397]
 [ 0.69601838 -2.26974515]
 [-3.40915826 -1.90256772]
 [-5.24302313 -4.11114282]
 [-4.70578756 -0.77813981]
 [-2.57596285 -2.95670569]
 [-0.71578673  3.25064864]
 [ 2.19337852  5.74501528]
 [ 0.78946725 -6.82922147]
 [-2.34522199 -4.08134146]
 [ 3.36484259  4.79806119]
 [-1.04260757 -4.96134805]
 [ 3.27540698  1.65883487]
 [ 0.36411062  2.44184346]
 [ 0.84186498 -3.51214455]
 [ 2.56636573  2.81032153]
 [ 0.5595779   0.19593267]
 [ 4.95002247  1.13918909]
 [-1.04852195  3.82852379]
 [ 1.9892105  -4.77064787]
 [-2.3518005  -1.29545411]
 [-4.22263758 -2.47304132]
 [-0.14441675 -1.6965325 ]
 [-0.26197796  5.89979428]
 [-6.26441972  7.5682686 ]
 [ 5.00880055 -4.30382548]
 [ 1.71101335  4.08823881]
 [ 5.99272707 -5.75804579]
 [-3.95217332  0.45385159]
 [-1.63907371 -7.53134438]
 [ 4.78004085 -8.31237172]
 [ 0.18447935  4.49667103]
 [-1.20780905 -2.80102686]
 [ 2.68485709  1.61794039]
 [-0.31374175  0.44772827]
 [ 3.28523834 -5.18329254]
 [-1.09991134  7.45351901]]