[[ -7.35706851e+00  -5.51936470e+00]
 [  4.61742297e+00  -2.08105735e-01]
 [  4.26253229e+00  -5.82741950e+00]
 [ -1.02443700e+00   4.54547147e+00]
 [ -3.10069043e+00  -1.53061652e+00]
 [ -1.75271425e+00  -3.93038901e+00]
 [  1.97620547e+00   4.19905679e+00]
 [  9.63945600e-01  -4.02939368e+00]
 [ -4.97481318e-01  -1.95701834e+00]
 [  1.38152391e+00   8.08506538e+00]
 [  3.02838552e+00  -6.19057524e+00]
 [ -5.99225633e+00  -1.58614823e+00]
 [  1.60015737e+00   6.22623607e+00]
 [  6.54522289e+00   3.64837296e+00]
 [  1.57155341e+00  -2.24269055e+00]
 [ -1.92583472e+00   3.21234992e+00]
 [ -1.14278181e+00  -1.03154054e+00]
 [  9.21434263e-01   3.34262122e+00]
 [ -6.59901840e-01  -5.00699728e+00]
 [  5.64686071e+00   4.24760613e+00]
 [ -9.93095935e-01  -1.17383493e+00]
 [  1.30700090e-02  -6.38677052e+00]
 [ -1.19054876e+00   7.47262941e+00]
 [ -3.23133325e-01  -1.61686320e+00]
 [  1.33418491e-01   6.24899306e+00]
 [ -7.45423228e-01  -3.42629551e+00]
 [  2.18245079e+00   2.78337195e+00]
 [  8.73512374e+00   5.22909847e+00]
 [  3.48265693e+00  -8.82718399e-01]
 [  1.25368610e+00   2.56985728e+00]
 [  3.06783453e-01  -2.52129434e+00]
 [ -2.58973438e+00  -2.29440646e+00]
 [ -3.69256810e+00  -5.51024845e+00]
 [ -4.62438769e+00   5.66835781e-01]
 [ -2.86181701e-01  -3.90930983e+00]
 [ -1.09446770e+00   3.43416179e+00]
 [  3.95851508e+00   4.76828061e+00]
 [ -2.39508047e+00  -6.41509030e+00]
 [ -4.18119316e+00  -2.14059870e+00]
 [  2.31506958e+00   5.49393007e+00]
 [ -3.04827420e+00  -4.04116010e+00]
 [  3.75454177e+00   1.39480171e+00]
 [  9.25724143e-01   2.18160053e+00]
 [ -3.89086430e+00  -6.97790182e-01]
 [  4.09633896e-01   3.57162167e+00]
 [ -1.25820817e+00   1.02746109e+00]
 [  5.06973930e+00   9.55745058e-01]
 [  2.64736135e+00   2.40188112e+00]
 [ -4.22627814e+00  -3.59873183e+00]
 [ -2.65774748e+00  -4.89253428e-01]
 [ -4.77827866e+00  -4.73695442e-01]
 [ -6.53418757e-01  -1.49643849e+00]
 [ -5.50111261e-01   5.88694686e+00]
 [ -5.42389563e+00   8.14129716e+00]
 [  1.77770097e+00  -6.76296212e+00]
 [  2.51576808e+00   3.67883850e+00]
 [ -8.43761386e+00  -7.79127841e-01]
 [  2.84486605e+00  -2.36479812e+00]
 [ -1.88919538e+00  -7.57058711e+00]
 [  5.38408199e+00  -7.88756557e+00]
 [  1.14996404e+00   4.32665715e+00]
 [ -1.40545810e+00  -2.64421351e+00]
 [  3.09574008e+00   1.31588398e+00]
 [  7.85563798e-01  -6.73865650e-03]
 [ -5.48606022e+00  -3.35746091e+00]
 [  4.01768078e+00   6.55154008e+00]]