[[ -8.66963574e+00  -2.92507212e+00]
 [ -2.49672714e+00   3.70998783e+00]
 [ -7.45910863e+00   2.41462183e-01]
 [  4.17137189e+00   2.18014038e+00]
 [ -4.00367818e+00  -2.88442079e-01]
 [ -5.67623065e-01  -4.27974699e+00]
 [  2.11721594e+00   4.11972552e+00]
 [ -2.78634344e+00  -2.73302025e+00]
 [ -1.07115723e+00  -1.62795325e+00]
 [  4.18866652e+00   7.04774583e+00]
 [ -1.72461119e+00  -7.25332625e+00]
 [  2.51729408e+00  -5.35981603e+00]
 [  1.63779764e+00   6.26586629e+00]
 [  6.08916975e+00   4.76465235e+00]
 [  1.31142497e+00  -2.10506827e+00]
 [ -9.44031319e-01   3.29663549e+00]
 [ -1.01717504e+00  -1.00749030e+00]
 [  1.28430378e+00   3.21785624e+00]
 [ -3.26202751e+00  -4.12092397e+00]
 [  5.98356966e+00   3.85618911e+00]
 [ -1.26364405e+00  -9.78480055e-01]
 [  9.57057342e-01  -6.21818115e+00]
 [  6.79631090e+00   3.03362540e+00]
 [ -2.72869150e-01  -1.76225070e+00]
 [ -7.88921465e-01   6.24362081e+00]
 [ -6.81559015e-02  -3.59862436e+00]
 [  3.04640272e+00   2.16647771e+00]
 [ -2.20711939e+00   9.84672809e+00]
 [ -2.44497603e+00   2.45538720e+00]
 [  1.96347415e+00   2.11160088e+00]
 [  9.53424928e-03  -2.42630269e+00]
 [ -3.48398554e+00  -1.32805864e+00]
 [ -5.54010404e+00  -3.60553189e+00]
 [ -4.47182008e+00  -1.17646266e-01]
 [ -2.42793832e+00  -3.04625498e+00]
 [  3.93371777e+00   7.79150626e-01]
 [  3.87384145e+00   4.88885268e+00]
 [ -2.28961773e+00  -6.44747102e+00]
 [ -1.82564964e+00  -4.27752010e+00]
 [  9.90563764e-01   5.78532736e+00]
 [ -3.93560689e+00  -3.42173851e+00]
 [  3.35064961e+00   1.17428763e+00]
 [  1.33960222e+00   2.01135106e+00]
 [  1.52781006e+00  -3.60953647e+00]
 [  4.75597897e-01   3.66063370e+00]
 [  1.43993123e+00  -4.21492796e-01]
 [ -2.01669908e+00   4.76235710e+00]
 [  2.29059986e+00   2.58071413e+00]
 [  1.70794970e+00  -4.82963996e+00]
 [ -2.15602206e+00  -1.02180377e+00]
 [ -4.41100926e+00  -1.65976911e+00]
 [ -4.57577241e-01  -1.56604672e+00]
 [  2.55655320e+00   5.48986331e+00]
 [  9.74880117e+00   2.69488881e-01]
 [ -6.91351814e+00  -1.11205984e+00]
 [  3.00602236e+00   3.38268045e+00]
 [  4.67781928e+00  -6.75856160e+00]
 [ -3.71987628e+00   1.37183249e+00]
 [ -5.18200660e+00  -5.77757204e+00]
 [  3.16140540e+00  -9.02649001e+00]
 [  1.44041964e+00   4.21831423e+00]
 [ -1.60738291e+00  -2.53766707e+00]
 [  3.93215426e+00   2.64631098e-01]
 [ -4.29795307e-01   7.11118748e-01]
 [ -1.19449668e-01  -6.27652418e+00]
 [  5.08830805e-01   7.61777864e+00]]