[[  3.89031790e-01  -9.10754205e+00]
 [  4.32304257e+00   1.09949800e+00]
 [ -5.10233792e+00  -5.88810499e+00]
 [  2.98771101e+00   3.61344323e+00]
 [ -3.17973159e+00  -1.93464398e+00]
 [ -4.60131691e-01  -4.37642801e+00]
 [ -3.73021304e-03   4.68173706e+00]
 [  1.78816542e+00  -3.46337007e+00]
 [ -8.12357013e-01  -1.80703520e+00]
 [ -6.05177803e-01   8.17897764e+00]
 [ -2.16228378e+00  -7.06039588e+00]
 [ -4.17220388e+00  -4.47672140e+00]
 [  1.43174083e+00   6.39474712e+00]
 [ -3.71033135e+00   6.67907324e+00]
 [  2.44116168e+00  -1.57375167e+00]
 [  2.95687013e+00   1.70301778e+00]
 [ -5.04304224e-01  -1.29236190e+00]
 [  6.69891240e-01   3.37638515e+00]
 [  2.82669151e+00  -3.95523749e+00]
 [ -3.11887789e+00   6.39890917e+00]
 [ -7.22339510e-02  -1.38791984e+00]
 [ -5.26863396e+00  -3.71959580e+00]
 [  3.59432111e+00   6.82440139e+00]
 [  7.77437807e-03  -1.79788365e+00]
 [  7.18401424e-01   6.32803674e+00]
 [ -6.95728930e-01  -3.51364320e+00]
 [ -1.47197411e+00   3.57897044e+00]
 [  7.49436719e+00   6.79889627e+00]
 [  3.51802036e+00   1.20101776e-01]
 [ -6.72185306e-01   2.98200355e+00]
 [  1.19723183e+00  -2.19914546e+00]
 [ -2.33834115e+00  -2.59558961e+00]
 [ -8.49969485e-01  -6.38949045e+00]
 [ -4.74856913e+00  -8.76673318e-01]
 [ -1.54366912e+00  -3.61630150e+00]
 [ -2.58917328e+00   3.23775614e+00]
 [  2.65190611e+00   5.63463942e+00]
 [  3.85974594e+00  -5.35512437e+00]
 [ -2.94230713e+00  -3.63382017e+00]
 [  1.78847860e+00   5.56117113e+00]
 [  1.03945182e+00  -5.04083822e+00]
 [  2.38814933e+00   2.49809522e+00]
 [ -4.41042043e-02   2.42030759e+00]
 [  3.27405259e-01  -3.72126301e+00]
 [  2.63528831e-01   3.57574623e+00]
 [ -1.50798776e+00   6.58218886e-01]
 [  4.59197356e+00   2.38251036e+00]
 [  1.17948757e+00   2.99772996e+00]
 [  2.01866869e+00  -5.10859828e+00]
 [ -2.38221313e+00  -1.31357508e+00]
 [ -4.40234234e+00  -1.98121394e+00]
 [  2.75624585e-01  -1.67731549e+00]
 [ -1.20216184e+00   5.93524113e+00]
 [ -7.61346026e+00   6.19269712e+00]
 [  5.25224501e+00  -4.03192669e+00]
 [ -8.15717151e-01   4.45041728e+00]
 [  6.82294191e+00  -4.72662634e+00]
 [ -3.48089589e+00  -2.54254295e-02]
 [ -6.96679604e+00  -3.09911334e+00]
 [  5.67920894e+00  -7.69146740e+00]
 [  1.08933345e+00   4.29484589e+00]
 [ -4.39547051e-01  -2.83043604e+00]
 [ -2.52006052e+00   2.85129694e+00]
 [  7.86794570e-01   2.47363255e-01]
 [ -3.18503261e+00  -5.66414942e+00]
 [  5.22520503e+00   5.23649356e+00]]