[[-5.79997029 -7.12744214]
 [-3.6217121   2.72741929]
 [-6.42643264 -4.01742984]
 [-1.48426073  4.4590636 ]
 [-3.8697452  -1.37411238]
 [ 0.1130242  -4.30990543]
 [ 0.66172845  4.56198392]
 [-2.69517244 -3.01502255]
 [-1.55317804 -1.51700044]
 [-1.13708214  8.01132495]
 [-7.06045237 -1.29511691]
 [-3.24818299 -5.23016445]
 [ 0.27979335  6.43196854]
 [ 4.79749757  6.07418819]
 [ 0.55781974 -1.26374945]
 [-2.03770203  2.74371148]
 [-0.86825119 -1.24717258]
 [ 0.77401653  3.35532649]
 [-2.25334939 -4.46602186]
 [ 5.54240341  4.3261506 ]
 [-0.47103481 -1.34893783]
 [ 2.22650543 -5.97713528]
 [ 1.35613137  7.65650784]
 [-0.18073982 -1.73822197]
 [-2.43268412  5.88608747]
 [ 0.29680477 -3.50914951]
 [ 2.41799305  2.89666526]
 [-4.7849073   8.89503276]
 [-3.21360073  1.53889467]
 [ 1.59364299  2.55090167]
 [ 0.05535307 -2.36979993]
 [-2.99232397 -2.10079513]
 [-2.3483744  -6.20521981]
 [ 3.70723547 -2.52353368]
 [-1.88641062 -3.30919588]
 [ 3.75266688  1.738973  ]
 [ 2.8607115   5.56868414]
 [-6.10400221 -2.51112024]
 [ 1.72272729 -4.28847641]
 [-0.4575561   5.88931598]
 [-0.8990266  -5.06078344]
 [-1.04604146  3.17927847]
 [ 0.99378252  2.24631675]
 [ 2.35074236 -3.12949583]
 [-0.16009934  3.66224318]
 [ 1.96522945 -0.0718073 ]
 [-3.45428444  3.97036098]
 [ 2.91095578  2.63418309]
 [ 0.90368323 -5.44931733]
 [ 1.71821027 -2.14891963]
 [ 2.9701321  -3.57137646]
 [-0.5425453  -1.64697766]
 [ 1.70777945  5.76742123]
 [ 9.31160349  2.91325298]
 [ 4.8635247  -4.82070723]
 [ 1.65677075  4.0805414 ]
 [ 2.69768675 -8.14830234]
 [-3.92859154  0.08242414]
 [-0.45474527 -7.67805431]
 [ 6.98562468 -6.357817  ]
 [ 2.01861479  4.04675432]
 [-0.85217179 -2.92128277]
 [ 3.11269266  1.76067141]
 [-0.79696836  0.58178869]
 [-4.95003321 -3.8941438 ]
 [ 5.12854489  5.4062723 ]]