[[ -7.18385358  -5.59257291]
 [ -4.03675217   2.23067342]
 [  4.19874743  -6.27361898]
 [ -0.58951875   4.4411101 ]
 [ -3.87526894  -1.79542093]
 [  1.19141537  -4.04990574]
 [  1.67226608   4.36675491]
 [ -0.88462515  -3.9669205 ]
 [ -1.18474017  -1.64478766]
 [  2.73503474   7.68343867]
 [ -6.6402494   -2.43414094]
 [ -0.73098882  -6.25160536]
 [  0.3348097    6.49627517]
 [  5.82803653   4.89442196]
 [  2.12867708  -1.32893   ]
 [ -2.76440607   2.26682633]
 [ -0.55155967  -1.35888322]
 [  0.10442291   3.42151661]
 [ -1.98063572  -4.69524298]
 [  4.26361333   5.65527221]
 [ -0.09207621  -1.43957463]
 [ -3.46376672  -5.54229461]
 [  4.97289019   5.78079609]
 [  0.40816954  -1.76264967]
 [ -0.83517962   6.3009717 ]
 [  0.24380681  -3.59590445]
 [  2.15954008   3.09043487]
 [ -1.95988214  10.00585998]
 [  3.40740301   0.55821557]
 [  1.16299331   2.69720952]
 [  0.49748091  -2.31315138]
 [ -3.06743751  -2.3207691 ]
 [ -3.03699719  -5.96389766]
 [  3.84583551  -2.12772306]
 [ -2.23147998  -3.16106169]
 [ -1.00659369   2.86799367]
 [ -1.678669     6.00783457]
 [  0.31382059  -6.95686721]
 [  0.53595083  -4.6871707 ]
 [  0.9886796    5.87974836]
 [ -3.08444639  -3.99874854]
 [ -2.76719624   3.09761689]
 [  0.21239631   2.36553993]
 [  2.27940995  -3.05372741]
 [  1.13434196   3.43013262]
 [  0.84769331   0.28355615]
 [  4.41466756   2.39945168]
 [ -1.75531445   3.32547206]
 [  1.90081542  -5.09367286]
 [ -1.55147476  -1.87054536]
 [  3.2519228   -3.08481354]
 [ -0.02114959  -1.72246415]
 [  2.29165245   5.53548478]
 [ -7.70153207   5.98836768]
 [ -5.65359483  -4.02653305]
 [  0.7513386    4.30638399]
 [  7.34059101  -4.02892026]
 [ -3.899092    -0.39822438]
 [  5.5003327   -4.85731156]
 [  2.86764032  -9.29966589]
 [ -1.03239003   4.37540067]
 [ -0.51619812  -2.92306359]
 [  2.74291467   2.28150452]
 [ -0.56637397   0.40616191]
 [  3.48079314  -5.2698986 ]
 [ -3.66666082   6.45025598]]