[[ -7.22125989  -5.64106179]
 [ -2.77818625   3.70204154]
 [ -1.14642008  -7.67427593]
 [  2.78522428   3.54875686]
 [ -4.40629127  -0.17198309]
 [ -1.28984414  -4.01021792]
 [  3.64998716   3.0081072 ]
 [  0.76517725  -3.85972172]
 [ -1.19285482  -1.59160799]
 [  6.75813111   4.41500596]
 [  3.83676496  -5.89414261]
 [ -0.20065998  -6.0801301 ]
 [  3.75378913   5.23022638]
 [ -1.8806585    7.22190772]
 [ -2.43811221   0.07119061]
 [  3.6270102    0.25633309]
 [ -1.02637568  -1.05722676]
 [  1.90365825   2.8158747 ]
 [ -0.85141287  -4.87688579]
 [ -0.93696646   6.9409361 ]
 [ -0.80051906  -1.25696078]
 [ -2.54775454  -6.10440466]
 [  3.8930325    6.69017976]
 [ -0.09958668  -1.86202302]
 [  1.49530875   6.03582033]
 [ -0.13666024  -3.57268413]
 [ -0.04082616   3.76638331]
 [ -1.23927467  10.09907714]
 [ -2.69189967   2.4082304 ]
 [  0.68876255   2.8610263 ]
 [  0.4089875   -2.45563014]
 [ -3.71543994  -1.18140831]
 [ -5.72195267  -3.07500515]
 [  2.18352158  -3.22739424]
 [ -2.90816663  -2.64358979]
 [  3.49764356   1.15107218]
 [  0.69218178   6.08379928]
 [  1.23464991  -6.65417643]
 [ -2.3150869   -4.04722308]
 [  4.42998652   4.09364602]
 [ -3.24565749  -4.22491297]
 [  3.04166116   1.58619487]
 [  1.14875512   2.06001302]
 [ -3.33992833  -2.11314569]
 [  0.55522956   3.73571591]
 [  1.26765928  -0.37065362]
 [  5.02755928   0.59058536]
 [  2.43286199   2.2272107 ]
 [ -4.17999113  -3.83853455]
 [ -2.18355402  -1.21895148]
 [ -4.69985054  -1.31380697]
 [ -0.40042221  -1.66220953]
 [  5.15653506   3.21682749]
 [  9.74836284   1.01309057]
 [  4.50811198  -5.06754769]
 [  1.38476074   4.18261594]
 [  2.59946076  -8.23071134]
 [ -3.94655415   1.20731068]
 [ -7.11689051  -2.4350256 ]
 [ -9.44042553   0.09516169]
 [  2.20671479   3.88011641]
 [ -1.60177694  -2.54277227]
 [ -1.15174261   3.54024289]
 [ -0.39750665   0.63815707]
 [  2.12758092  -5.67086607]
 [  2.48143893   7.25403375]]