[[ 3.53581333 -8.48797253]
 [ 4.58180259  1.28498027]
 [ 3.94011662 -6.35109561]
 [ 2.80110145  3.7843345 ]
 [ 2.55373486 -3.02724343]
 [-1.45177493 -4.16415414]
 [-0.27790803  4.62699278]
 [ 0.860251   -3.99279715]
 [-0.57131778 -1.92150482]
 [ 3.44329552  7.40098243]
 [-4.21201504 -6.03071515]
 [-2.80744048 -5.50550897]
 [-1.56820003  6.2005048 ]
 [ 2.06974047  7.52130935]
 [ 1.61626544 -1.50428211]
 [-2.59865461  2.4860653 ]
 [-0.11286672 -1.36193238]
 [-0.14278434  3.51720631]
 [ 1.9160788  -4.81843102]
 [ 4.92208827  5.11898266]
 [ 0.10424827 -1.50424616]
 [ 0.92265182 -6.42615244]
 [-3.06180504  6.91478012]
 [-1.03768812 -1.44712038]
 [-3.23602015  5.33921795]
 [-0.82295822 -3.61181055]
 [ 1.26851166  3.29426515]
 [-5.53050596  8.40110699]
 [ 3.51193255  0.25533758]
 [ 0.28893401  2.87677132]
 [ 0.59409642 -2.28602399]
 [-1.32885912 -3.01077859]
 [ 0.17095071 -6.61349036]
 [ 3.88944717 -2.78637027]
 [ 0.3535432  -4.04479579]
 [ 2.67580727  2.51141414]
 [-0.55969192  6.32016607]
 [-1.81138542 -6.7821308 ]
 [-2.08213982 -4.14183492]
 [ 1.37038772  5.79821014]
 [-3.86084849 -2.74337002]
 [-1.50139595  3.03234164]
 [ 0.66075683  2.36365024]
 [-3.18430284 -1.82123224]
 [-1.25330291  3.71344095]
 [-1.02272826  0.55838435]
 [-3.77622703  3.35530787]
 [ 2.11874652  2.99105416]
 [-3.98452937 -3.50588536]
 [-1.74566245 -1.53311489]
 [ 3.08131132 -3.7667601 ]
 [-0.62492433 -1.4833002 ]
 [ 0.4811464   6.06619949]
 [ 9.05656097  3.84123263]
 [-6.45315193 -1.45895587]
 [ 0.6439272   4.36059479]
 [-7.93449834 -2.50148399]
 [ 3.51409314 -1.39957538]
 [ 5.41595115 -5.22434858]
 [-7.92308506 -5.4139956 ]
 [ 1.42751539  4.3365151 ]
 [-0.03595094 -2.99718281]
 [ 3.25896015  2.05080584]
 [ 0.32995056  0.3470989 ]
 [-5.3128354  -3.09018351]
 [ 4.44774025  6.09052628]]