[[-7.19358638 -5.56327018]
 [ 4.15473006  1.61446565]
 [ 5.90874729 -4.25163852]
 [-2.39845626  4.06899066]
 [ 2.62285049 -2.17755233]
 [ 1.47953173 -4.16383368]
 [ 0.9555254   4.48276613]
 [ 0.6159256  -3.98920072]
 [-0.37282401 -2.00875783]
 [ 0.48950518  8.15170879]
 [-6.50253196 -3.01158162]
 [ 1.46680797 -6.07945746]
 [ 1.23553927  6.29610499]
 [ 4.93553654  5.53684497]
 [-1.8358854  -1.04155906]
 [ 2.72038266  2.10258589]
 [-0.65381214 -1.46800594]
 [ 0.77728186  3.3558663 ]
 [-2.76434226 -4.48147131]
 [-3.48353329  6.34517822]
 [-0.30843742 -1.51990256]
 [ 2.41152237 -5.99760318]
 [-2.37316212  7.31548922]
 [ 0.64320124 -1.74552898]
 [-3.13681312  5.34049821]
 [ 0.99050111 -3.42582587]
 [-1.13504416  3.43112152]
 [ 5.69873462  8.43213187]
 [ 3.39342241  0.5219347 ]
 [-0.40780948  2.85473225]
 [ 1.14010585 -2.10342252]
 [-2.93463147 -2.65123207]
 [-4.27093774 -5.05622309]
 [-4.27639029 -1.85061789]
 [-2.06962422 -3.45046769]
 [-1.99883874  2.79243966]
 [-1.0261601   6.14076292]
 [ 0.27517232 -7.12045266]
 [-0.78307849 -4.5444969 ]
 [ 2.17211679  5.4170685 ]
 [-1.57722136 -5.0866143 ]
 [-2.78672237  2.80348164]
 [ 0.20687493  2.37373013]
 [ 2.05245397 -3.11676483]
 [-0.18033304  3.6113893 ]
 [ 0.45424835  0.33273855]
 [ 4.11416823  2.85473709]
 [ 1.71311024  3.04395008]
 [-0.60332055 -5.75769548]
 [-2.05418176 -1.91725804]
 [-3.85158721 -2.98230135]
 [ 0.22441858 -1.70934954]
 [ 0.42124027  5.93747828]
 [-8.038483    5.62867581]
 [ 5.06281037 -4.27886765]
 [-0.62509684  4.41972314]
 [ 7.52995599 -3.45452988]
 [-3.91205614 -0.42405432]
 [-3.42589778 -7.00042894]
 [ 6.09753044 -7.47728203]
 [ 1.50077117  4.16602794]
 [-0.80446458 -3.01059952]
 [-3.18995395  2.43599848]
 [-0.11680082  0.35013368]
 [ 3.98909587 -4.70395113]
 [ 3.63819925  6.46304452]]