[[ 4.41204051 -7.93567777]
 [-3.08877773  2.95285686]
 [-6.69669322 -3.45032807]
 [-1.1444963   4.5534143 ]
 [-3.53570836 -1.23924494]
 [-0.5122999  -4.20621437]
 [ 2.53388034  3.99292637]
 [-2.75441012 -3.01595049]
 [-0.77482582 -1.85962106]
 [ 5.03891381  6.42461774]
 [ 0.75725495 -7.246558  ]
 [ 2.04582236 -5.65767424]
 [-0.02517463  6.49657322]
 [ 3.75020811  6.84307261]
 [ 1.70750162 -1.81224782]
 [-1.67815638  2.87011021]
 [-0.60979319 -1.21853306]
 [ 0.93962125  3.35439291]
 [-1.81038385 -4.8608973 ]
 [ 5.14080128  4.87484999]
 [-0.93273787 -1.20187646]
 [ 3.15399925 -5.42252726]
 [-1.35149961  7.53530397]
 [-0.32770997 -1.66976976]
 [-2.02102151  6.02140023]
 [ 0.28363964 -3.54160857]
 [ 2.53517158  2.73820789]
 [-3.98729524  9.26945918]
 [ 3.48515437 -0.35759873]
 [ 1.49043659  2.58015973]
 [ 0.54351285 -2.36001656]
 [-2.86037072 -2.07035142]
 [-3.82049819 -5.26939033]
 [-4.10559336 -0.98768961]
 [-1.88721236 -3.48097459]
 [ 3.5217882   1.76201875]
 [ 2.73591858  5.62970855]
 [ 4.71661578 -4.7098225 ]
 [-3.42576864 -3.45954308]
 [ 0.62353654  5.9295828 ]
 [-0.86572611 -5.16947986]
 [-0.33229412  3.11670059]
 [ 1.19372634  2.17033076]
 [ 1.79457186 -3.46849807]
 [-0.10223167  3.85188312]
 [ 1.27745749  0.01829071]
 [-3.10327682  4.16457235]
 [ 3.16423708  2.40083848]
 [ 1.06453989 -5.22090349]
 [-1.73887807 -1.45213717]
 [ 2.70218598 -3.5604585 ]
 [-0.068502   -1.67040563]
 [ 1.67746364  5.85851721]
 [ 9.56646017  2.04916952]
 [-6.8090437  -0.9155909 ]
 [ 1.44471457  4.1973594 ]
 [-0.93605467 -8.62444593]
 [-3.59921967  0.58771062]
 [-3.84918393 -6.70328475]
 [-9.26942038 -2.38239574]
 [ 1.94856364  4.01793843]
 [-1.16516883 -2.81987604]
 [ 3.79390104  1.26675481]
 [-0.51247783  0.60691504]
 [-5.60282753 -3.06589411]
 [ 6.26109299  3.95184986]]