[[-7.74879828 -4.67103476]
 [-3.70982979  2.62048798]
 [ 5.80703509 -4.45244992]
 [ 3.33991588  3.35045234]
 [-3.78850212 -1.89563905]
 [-0.12298489 -4.1996011 ]
 [ 0.87889594  4.55929352]
 [ 1.92122498 -3.44261062]
 [-1.06165947 -1.73539163]
 [ 3.30251409  7.45529717]
 [-6.67549618 -2.35060782]
 [ 1.73581813 -5.91801875]
 [ 3.41582925  5.43352243]
 [-3.57794123  6.71759402]
 [ 2.42635318 -1.49276749]
 [ 3.22493918  1.6271807 ]
 [-0.58705775 -1.37433157]
 [ 0.65512094  3.45174487]
 [-0.57608013 -5.11687161]
 [-2.93035666  6.46315575]
 [-0.18937272 -1.47838095]
 [ 3.25421661 -5.46420915]
 [-0.58027835  7.66703905]
 [ 0.43920866 -1.74890323]
 [ 4.71266595  4.26557159]
 [ 0.83989588 -3.43896724]
 [-1.13678377  3.62361144]
 [ 7.8945924   6.21053651]
 [ 3.51684347  0.21870044]
 [-0.40079857  2.98769031]
 [ 0.98378479 -2.21694088]
 [-3.15491251 -2.34183902]
 [-3.91816035 -5.13554487]
 [-4.43266106 -1.26275617]
 [-2.01780125 -3.36569165]
 [-2.33184995  3.09006842]
 [-0.88361835  6.1202289 ]
 [ 2.36824093 -6.65531645]
 [-1.60299773 -4.27612808]
 [ 1.57107473  5.72296194]
 [ 1.15182151 -4.86970637]
 [ 2.26413894  2.49150873]
 [-0.2090604   2.46491546]
 [-2.72711026 -2.82087034]
 [ 1.8235666   3.30846572]
 [-1.37592127  0.59782542]
 [ 4.74785863  2.06434154]
 [-1.7856558   3.52337459]
 [-1.88821448 -5.332621  ]
 [-2.14113714 -1.48376763]
 [ 2.67555408 -3.37129797]
 [ 0.04850576 -1.72870505]
 [ 2.27689564  5.51918412]
 [-7.44856457  6.37068458]
 [-5.2475246  -4.6749383 ]
 [-0.49722816  4.46617516]
 [-2.55679692 -8.32922927]
 [-3.76826207 -0.10232707]
 [-0.85443089 -7.61356667]
 [ 7.51331923 -5.88766455]
 [ 0.2181011   4.48998359]
 [-0.45888266 -2.93732136]
 [ 0.92122718  2.4354102 ]
 [ 0.68782773  0.25083338]
 [ 4.74561108 -3.99207521]
 [ 1.02413273  7.61025296]]