[[-7.04282289 -5.7544472 ]
 [-3.79277843  2.78107432]
 [ 4.93441463 -5.59684318]
 [ 3.96702648  2.57974243]
 [-3.90088361 -1.47316506]
 [ 0.04253461 -4.4664126 ]
 [ 0.18781173  4.62846178]
 [-0.79930438 -3.99295672]
 [-1.53174533 -1.52166199]
 [ 2.93147116  7.64995856]
 [-6.78327401 -1.59606408]
 [ 1.45314554 -6.09176177]
 [ 3.54465266  5.22262582]
 [-1.22719989  7.65453125]
 [ 1.64765114 -1.47682434]
 [-2.13548674  2.64063818]
 [-0.80235822 -1.28989778]
 [ 0.9061021   3.31920237]
 [-3.45658905 -3.71823099]
 [ 4.82710381  5.19589168]
 [-0.20642467 -1.46201676]
 [ 2.35099435 -6.1286328 ]
 [ 6.13586696  4.06570154]
 [ 0.17241837 -1.81572974]
 [-1.69255101  5.95607596]
 [ 0.48897694 -3.58956862]
 [ 2.17448605  2.84467152]
 [ 8.4623475   5.4100356 ]
 [-3.25061297  1.45436179]
 [ 1.56374496  2.47693498]
 [-1.0627356  -2.16029431]
 [-3.00070686 -2.16384008]
 [-1.51386875 -6.37881531]
 [ 3.5974153  -2.50869886]
 [-2.06971945 -3.24709528]
 [ 2.84463633  1.89213594]
 [ 1.76039701  5.99267445]
 [-2.8421076  -6.35119303]
 [ 2.12016787 -4.28316661]
 [ 0.10657153  5.89395952]
 [-2.19788253 -4.57898206]
 [-1.79521188  3.56219982]
 [ 0.62637268  2.32609033]
 [ 2.35068816 -2.99532508]
 [ 2.64327279  2.86223671]
 [ 1.71031135  0.01524052]
 [-3.20890058  4.01988206]
 [-0.18658341  3.47642858]
 [-4.388553   -3.28631078]
 [ 1.33294477 -2.26163717]
 [ 1.65860892 -4.14758481]
 [-0.44817237 -1.65046958]
 [ 2.40634154  5.43217833]
 [-6.10962878  7.74991618]
 [-4.19836171 -5.78475158]
 [ 1.84022555  3.99044513]
 [-7.83023029 -3.13711038]
 [-3.87808191 -0.07653347]
 [-0.06846818 -7.78405062]
 [ 7.23834583 -6.18001539]
 [ 0.95046893  4.32841926]
 [-0.66468828 -2.97530967]
 [-1.06560903  2.92401767]
 [-0.62769472  0.46544286]
 [ 4.37370967 -4.55449014]
 [ 0.42800894  7.66871264]]