[[-8.6626905  -3.04813001]
 [-2.6004261   3.73406115]
 [ 4.31220517 -5.95443729]
 [-0.19270501  4.74413914]
 [-4.46412066  0.13552323]
 [-1.31085514 -4.03238283]
 [ 1.78740056  4.43645168]
 [ 0.5151817  -3.98114305]
 [-1.61371777 -1.24591526]
 [ 0.15335399  8.02579265]
 [-7.1393543   0.65087353]
 [ 0.56832956 -5.91698904]
 [ 3.73000571  5.23634929]
 [ 2.25345201  7.48737362]
 [-2.12517182  0.01317503]
 [ 3.81720751  0.1129928 ]
 [-1.06452555 -1.07401003]
 [ 2.58357772  2.42738826]
 [-4.14747373 -3.42726409]
 [ 3.05076893  6.70383087]
 [-0.79819601 -1.34211734]
 [-1.94023293 -6.25552055]
 [ 6.17240116  4.5613339 ]
 [-0.15209428 -1.86780513]
 [ 5.70164694  2.30522861]
 [-0.38881165 -3.57738439]
 [ 2.0942745   2.76573014]
 [ 9.64265313  2.99358643]
 [ 3.2491754  -1.07134399]
 [ 1.41332806  2.48323865]
 [ 0.15170725 -2.46595337]
 [-3.95072208 -0.72433782]
 [-5.88870644 -2.91930693]
 [ 1.61137847 -3.37858577]
 [-3.65326409 -1.91170861]
 [-0.10191833  3.40686357]
 [ 4.24460896  4.59624671]
 [-3.90178202 -5.89042334]
 [-2.97344311 -3.62663436]
 [ 1.16528222  5.83534231]
 [-2.60515305 -4.53619884]
 [ 3.65167576  1.03121603]
 [ 1.16509767  2.06011897]
 [-2.73712101 -2.51027754]
 [ 1.64248761  3.16940173]
 [-0.10957042  0.53183968]
 [-1.87992736  4.72828983]
 [ 3.04160205  1.84344603]
 [-1.23468042 -5.30145931]
 [-2.508491   -0.89045573]
 [-4.64640941 -1.32333743]
 [-0.54593308 -1.65873089]
 [ 4.59972067  3.60978257]
 [-4.04290672  8.97123415]
 [ 2.87672821 -6.20687793]
 [ 2.4380038   3.77837802]
 [ 1.85097077 -8.26315453]
 [-3.79924934  1.41986517]
 [-7.25774865 -1.88632199]
 [-0.66668644 -9.6543994 ]
 [ 1.43049763  4.2223907 ]
 [-1.7055657  -2.46756545]
 [-0.889054    3.44531372]
 [ 0.7417197  -0.06220991]
 [ 3.01979308 -5.22150212]
 [ 7.02247225  2.22708609]]