[[-8.4890358  -3.07735126]
 [ 4.40668295 -0.46707929]
 [ 3.90256517 -6.42543329]
 [-0.51952617  4.73413951]
 [-4.25485088 -0.10156663]
 [-1.88188576 -4.00774663]
 [ 1.91003135  4.22809036]
 [-0.71796135 -3.73509513]
 [-1.8425758  -1.04322838]
 [ 0.97105624  8.00343864]
 [-6.89702959  0.09004941]
 [ 1.08987528 -6.08470593]
 [ 1.11562196  6.21969698]
 [ 6.8361858   3.61232345]
 [-2.53188342  0.1396202 ]
 [-1.66764067  3.44894239]
 [-1.01705432 -1.01877851]
 [ 1.75165875  3.02270968]
 [-4.51818669 -2.08594783]
 [ 6.4786091   3.02229796]
 [-0.66668    -1.23308597]
 [-1.63900466 -6.32017849]
 [ 2.38994518  7.31172054]
 [-0.36052445 -1.74869221]
 [-1.07738711  6.21426363]
 [-1.12198837 -3.29438015]
 [ 3.07359923  2.20023722]
 [-2.47067838  9.71095102]
 [-2.62325124  2.54379205]
 [ 2.23769171  1.99655398]
 [-1.38642822 -1.85052235]
 [-3.56284512 -1.13653856]
 [-4.44618007 -4.74791314]
 [ 2.62058764 -3.54068978]
 [-3.1921521  -2.26469818]
 [ 3.73353498  0.90850657]
 [ 4.66485869  4.18338946]
 [-5.3270272  -4.42336843]
 [-0.64113135 -4.64664588]
 [ 2.02904177  5.54064568]
 [-3.20389743 -3.91355177]
 [-0.69387021  3.59933261]
 [ 1.52243699  1.8884213 ]
 [ 1.13290155 -3.64404104]
 [ 0.47365023  3.72590794]
 [ 1.51247266 -0.55085814]
 [ 4.88526349  0.77356422]
 [ 1.23577671  2.97190976]
 [-0.0159949  -5.53125686]
 [ 0.77910682 -2.46786294]
 [ 1.61732034 -4.24189984]
 [-0.75824807 -1.51798119]
 [ 3.643035    4.81588893]
 [ 9.82966993  0.11655019]
 [ 2.88888779 -6.40088516]
 [ 3.30189801  3.10590046]
 [ 0.12231181 -8.6904057 ]
 [-3.78768503  1.37225418]
 [-3.57876706 -6.879955  ]
 [-9.37197409  0.82729627]
 [ 2.40558519  3.78288203]
 [-1.94297052 -2.40574097]
 [ 3.08169996  1.17145913]
 [-0.51472254  0.7464847 ]
 [-5.64496045 -2.65710964]
 [ 4.72243671  6.12597381]]