[[ -8.73590270e+00  -1.73171147e+00]
 [  4.56260640e+00   5.86727029e-01]
 [  1.01363429e+00  -7.68190651e+00]
 [ -1.47971209e+00   4.47018801e+00]
 [ -4.04304677e+00  -8.15374911e-01]
 [ -9.67701254e-01  -4.30175264e+00]
 [  2.32049254e+00   4.16039614e+00]
 [ -2.86561937e+00  -2.69155148e+00]
 [ -1.58598319e+00  -1.32300472e+00]
 [  2.36783763e+00   7.85557877e+00]
 [  5.05226776e+00  -4.95649865e+00]
 [  2.52299198e+00  -5.62083935e+00]
 [  6.37578705e-01   6.44447454e+00]
 [  6.23543861e+00   4.42570513e+00]
 [  6.91235946e-01  -1.47380166e+00]
 [ -1.85759672e+00   2.92265556e+00]
 [ -9.37303524e-01  -1.09938359e+00]
 [  1.34326372e+00   3.25903013e+00]
 [ -3.03622161e+00  -4.05880888e+00]
 [  5.46759879e+00   4.64818200e+00]
 [ -6.63004684e-01  -1.28304798e+00]
 [ -1.32572797e+00  -6.31399391e+00]
 [ -1.66194508e+00   7.40397639e+00]
 [ -1.70145099e-01  -1.83381814e+00]
 [ -2.32056255e+00   5.87950747e+00]
 [ -1.18188913e-01  -3.57697940e+00]
 [  5.26971740e-01   3.43122468e+00]
 [ -4.46654477e+00   9.00720830e+00]
 [ -2.89811846e+00   1.84409968e+00]
 [  9.38119914e-01   2.68967412e+00]
 [ -1.07503306e+00  -2.08195360e+00]
 [ -3.28223311e+00  -1.57588639e+00]
 [ -4.22490351e+00  -4.89080252e+00]
 [  3.33502916e+00  -2.87907290e+00]
 [ -2.17211329e+00  -3.20181359e+00]
 [  3.45574877e+00   1.61128730e+00]
 [ -2.61394992e-03   6.19015482e+00]
 [ -5.76988938e+00  -3.25309489e+00]
 [  2.22993359e-02  -4.63905827e+00]
 [  1.69148995e+00   5.75780334e+00]
 [ -3.96665823e+00  -3.12417796e+00]
 [  3.81061732e+00   1.92247434e+00]
 [  1.28691970e+00   2.14150213e+00]
 [  1.81306086e+00  -3.43920390e+00]
 [ -6.18445840e-01   3.81358209e+00]
 [  1.66609156e+00  -1.73027245e-01]
 [ -3.26793483e+00   3.98905400e+00]
 [  2.64660386e+00   2.74299478e+00]
 [  1.54556077e+00  -5.07395812e+00]
 [  1.25444708e+00  -2.35039688e+00]
 [  2.54211690e+00  -3.72400838e+00]
 [ -4.44560095e-01  -1.59080019e+00]
 [  3.58684609e+00   4.85024085e+00]
 [  9.57637987e+00   2.15681149e+00]
 [ -6.64198507e+00  -1.37160820e+00]
 [  1.20964562e+00   4.24404741e+00]
 [  4.52880078e+00  -7.27789204e+00]
 [ -3.84973342e+00   5.71486818e-01]
 [ -2.94848873e+00  -7.09379312e+00]
 [ -7.24034014e+00  -6.39928544e+00]
 [  1.84291768e+00   4.14345715e+00]
 [ -1.21778808e+00  -2.82000122e+00]
 [  2.63215663e+00   1.83330460e+00]
 [ -6.71082976e-01   6.54007267e-01]
 [  4.61478806e-01  -6.52137045e+00]
 [  3.93887969e+00   6.59284226e+00]]