[[ 0.3485575  -9.19451811]
 [ 4.23630809  1.53487867]
 [ 4.75611881 -5.95289043]
 [-2.62366637  3.93765453]
 [ 2.95314451 -2.40345983]
 [-0.72338167 -4.29173936]
 [-0.13030707  4.66212988]
 [ 1.74576183 -3.75230875]
 [-0.9158623  -1.78309849]
 [-1.02510075  8.12198401]
 [-6.63787058 -2.35747347]
 [ 3.87036644 -4.50876572]
 [ 1.77989409  6.16250098]
 [-4.22821972  6.34987532]
 [ 2.32698694 -1.22818724]
 [ 2.77691085  2.03005115]
 [-0.49722004 -1.37211002]
 [ 0.17629624  3.48139706]
 [-2.02036914 -4.78680727]
 [-3.52888338  6.20846548]
 [ 0.08010705 -1.45468634]
 [-1.5970014  -6.32266841]
 [ 3.17932321  6.89118623]
 [ 0.38690366 -1.72775928]
 [ 3.45623722  5.15787641]
 [ 0.65924486 -3.53087483]
 [-1.42113783  3.39902896]
 [ 5.5355952   8.56099464]
 [ 3.55305723  0.49559749]
 [-0.65041335  2.89186971]
 [ 0.90656871 -2.19402302]
 [-2.13326081 -2.81959114]
 [-0.29939468 -6.60961566]
 [ 2.31969785 -3.09468397]
 [-1.33906555 -3.62822161]
 [-2.94807688  2.69996242]
 [-0.50496855  6.30467122]
 [-5.52720497 -3.89547991]
 [ 0.29329349 -4.76946795]
 [ 0.85898926  5.90524275]
 [ 1.32987923 -5.10989561]
 [ 2.29061876  2.87171739]
 [-0.29466208  2.41171058]
 [-3.58531368 -2.09509739]
 [ 1.29930371  3.57238483]
 [-1.67816965  0.48586199]
 [ 4.31328173  2.83056174]
 [-2.06155941  3.10699327]
 [-4.16422257 -3.57393555]
 [-2.0561819  -1.65412211]
 [-3.04130234 -3.33669557]
 [-0.18864569 -1.65674039]
 [-1.51715436  5.84968098]
 [-8.07910926  5.51594458]
 [ 5.8571148  -3.53259167]
 [-0.90776656  4.38267317]
 [-6.76691946 -5.28988453]
 [-3.58721229 -0.40720023]
 [-3.59400573 -6.80598094]
 [ 8.14704978 -4.89398653]
 [ 0.57491077  4.4313738 ]
 [-0.28956285 -2.99712915]
 [ 1.17541628  2.54060647]
 [ 0.71549127  0.32871395]
 [ 3.51087681 -5.47751891]
 [ 5.14988666  5.38561973]]