[[ -7.83794870e+00  -4.37126338e+00]
 [ -4.05229354e+00   2.41043861e+00]
 [ -4.33791717e+00  -6.35816430e+00]
 [  3.15598598e+00   3.44253477e+00]
 [  2.68552949e+00  -2.25784793e+00]
 [  1.35235270e-02  -4.23773567e+00]
 [ -8.06891570e-01   4.74514571e+00]
 [  1.93446485e+00  -3.43606407e+00]
 [ -6.06934567e-01  -1.92950399e+00]
 [  1.59157432e+00   8.05163982e+00]
 [ -2.51974156e+00  -6.99780619e+00]
 [  1.73641560e+00  -5.99616916e+00]
 [  4.25619905e-03   6.45926542e+00]
 [ -3.92377612e+00   6.58382439e+00]
 [  2.54382686e+00  -1.12403072e+00]
 [  3.09403605e+00   1.76014467e+00]
 [ -5.17456083e-01  -1.37698173e+00]
 [  6.83509494e-01   3.40800220e+00]
 [  3.19036120e+00  -3.56371272e+00]
 [ -3.28452262e+00   6.33955026e+00]
 [ -1.83200955e-01  -1.44705734e+00]
 [  3.66763753e+00  -4.97496600e+00]
 [ -1.17326421e+00   7.62073002e+00]
 [  3.56168877e-01  -1.82167323e+00]
 [  4.43385120e+00   4.42994060e+00]
 [  9.03786844e-01  -3.42328891e+00]
 [ -6.12030020e-01   3.52452980e+00]
 [  7.51067755e+00   6.65938869e+00]
 [ -3.18594348e+00   1.11220038e+00]
 [ -2.40102073e-01   2.92441427e+00]
 [  1.30453637e+00  -2.04249230e+00]
 [ -2.90105255e+00  -2.47758082e+00]
 [ -4.75037211e+00  -4.39466291e+00]
 [ -4.48539966e+00  -1.69133811e+00]
 [ -1.24512712e+00  -3.63858323e+00]
 [ -2.49942304e+00   3.20748862e+00]
 [  4.99612001e-01   6.19609664e+00]
 [  3.41883566e+00  -5.92583979e+00]
 [ -2.38665879e+00  -4.07447849e+00]
 [  1.72153566e+00   5.65885242e+00]
 [  9.65310832e-01  -4.95662289e+00]
 [  1.92086164e+00   2.58236984e+00]
 [ -2.38057633e-01   2.43876514e+00]
 [ -2.45496937e+00  -2.98219443e+00]
 [  1.78558468e+00   3.33759388e+00]
 [ -9.48637615e-01   4.37162356e-01]
 [  4.52794595e+00   2.28350797e+00]
 [ -1.53899144e+00   3.51390056e+00]
 [ -2.72557374e-01  -5.51319404e+00]
 [ -2.14313853e+00  -1.67910677e+00]
 [ -4.06292536e+00  -2.69101520e+00]
 [  3.20899984e-01  -1.62781999e+00]
 [  2.37644303e+00   5.47102783e+00]
 [ -7.92665916e+00   5.81931031e+00]
 [  5.77327402e+00  -3.25498462e+00]
 [ -3.99039682e-01   4.44703688e+00]
 [  7.14275739e+00  -4.26631482e+00]
 [ -3.76701028e+00  -4.80820336e-01]
 [ -4.24831712e-01  -7.74271345e+00]
 [  6.36313036e+00  -7.20642003e+00]
 [  7.28449010e-01   4.39289498e+00]
 [ -3.76630158e-01  -2.95650471e+00]
 [ -2.33449260e+00   2.76657548e+00]
 [  6.79622190e-01   3.30585316e-01]
 [ -2.64600121e+00  -5.81239023e+00]
 [  4.04959372e+00   6.37642471e+00]]