[[-6.95653836 -5.7351302 ]
 [-3.60174525  2.7726671 ]
 [ 1.49171779 -7.58435154]
 [-1.86493709  4.28235099]
 [ 2.29605432 -2.90347786]
 [-0.25584714 -4.40344806]
 [ 1.15134699  4.52771968]
 [-1.9197212  -3.66543009]
 [ 0.25127358 -1.84588681]
 [ 4.97260864  6.36556632]
 [ 5.01024027 -5.09776631]
 [-1.10679396 -6.11294927]
 [-1.11384492  6.36657244]
 [ 2.90985636  7.26557496]
 [-2.91271989 -0.43362573]
 [-2.18242363  2.76833437]
 [-0.64915982 -1.20758465]
 [ 0.19169184  3.47293   ]
 [-4.20553429 -3.09688212]
 [ 3.41969495  6.3037109 ]
 [-1.05770079 -1.2552571 ]
 [ 2.22405492 -5.84794799]
 [-2.46551727  7.22850764]
 [-0.17205458 -1.69380271]
 [-2.95266193  5.5894314 ]
 [ 0.86828489 -3.57644256]
 [ 1.6613418   3.21226868]
 [-5.1547395   8.66795937]
 [-3.26852916  1.54474122]
 [ 0.8216495   2.80921872]
 [ 0.66076934 -2.17057674]
 [ 0.1905333  -3.32016232]
 [-2.91470708 -5.79286816]
 [ 3.35706094 -2.81605624]
 [-1.06993772 -3.7612816 ]
 [ 2.66326919  2.31708384]
 [ 1.56734295  6.12789847]
 [-6.36160495 -1.92385313]
 [ 1.2589584  -4.50285737]
 [ 0.39539429  5.98288791]
 [-3.38333292 -4.05882846]
 [ 3.37757096  2.34827022]
 [ 0.68066642  2.34314414]
 [-3.24085022 -1.92943613]
 [-0.8162535   3.65981165]
 [ 1.12731056  0.15404006]
 [ 4.70399577  1.71477566]
 [ 2.29183616  3.02373595]
 [-4.93622343 -2.26857156]
 [-1.46334291 -1.82228341]
 [-3.0275739  -3.06882833]
 [-0.51104873 -1.51768634]
 [-0.15567263  6.07124626]
 [ 9.17869127  3.51214864]
 [ 5.54827879 -4.1601926 ]
 [ 1.72472875  4.1933266 ]
 [-8.12265279 -2.14786   ]
 [ 3.13160835 -1.37921067]
 [ 3.78013949 -6.59666039]
 [-3.09691866 -9.19853418]
 [ 0.33800441  4.41947599]
 [-1.06177724 -2.80010197]
 [ 3.18852264  1.70368504]
 [-0.68865477  0.58149907]
 [ 0.68757465 -6.47110576]
 [ 5.56894772  4.83635507]]