[[ 1.92114307 -8.94490677]
 [ 4.10320309  1.8913416 ]
 [-5.44569724 -5.36748451]
 [ 2.22211054  4.11282039]
 [-3.17213611 -2.25459952]
 [ 0.91344798 -4.11136459]
 [-0.84880014  4.56159998]
 [ 2.47063157 -3.13610703]
 [-0.10864279 -1.94404448]
 [ 4.450065    6.5848253 ]
 [ 6.23133569 -2.72545978]
 [-1.93075726 -5.92636674]
 [-2.47566274  5.9387801 ]
 [ 3.07447906  7.08700905]
 [-2.08677481 -1.09917299]
 [-2.87522946  2.27020471]
 [-0.32327527 -1.37419361]
 [-0.44063153  3.46835303]
 [ 2.20241584 -4.51614158]
 [ 2.54275429  6.711976  ]
 [-0.56090653 -1.50025098]
 [ 2.91395263 -5.74080095]
 [-4.16682106  6.38762369]
 [ 0.53748291 -1.63586773]
 [-4.08622461  4.83157074]
 [ 1.30852618 -3.27280637]
 [ 1.65353385  3.37270201]
 [-7.18400336  7.09686902]
 [-3.44110978  0.9103626 ]
 [ 0.42186398  2.89910444]
 [ 1.26851485 -2.11223371]
 [-1.90874808 -2.93490362]
 [-0.53486536 -6.52912091]
 [-4.00576908 -2.23823189]
 [-1.0274721  -3.61745127]
 [ 2.9536114   2.74574405]
 [-0.08975531  6.37005565]
 [ 5.07722084 -3.92036365]
 [-0.43529972 -4.6172891 ]
 [-1.42463313  5.77310447]
 [-1.83288367 -4.72188285]
 [-1.67166715  2.84240776]
 [ 0.29156153  2.42033294]
 [ 3.18781334 -2.25825614]
 [-1.76610066  3.54585055]
 [ 1.59692381  0.3445043 ]
 [-4.4045558   2.81003289]
 [ 1.14862347  3.29569026]
 [ 1.35410344 -5.41064203]
 [ 1.74687379 -1.62030907]
 [-3.05147267 -3.45683607]
 [ 0.24890503 -1.58923548]
 [ 0.91168368  5.98880768]
 [ 8.20728577  5.27540534]
 [ 4.76754717 -5.12640483]
 [ 0.7368503   4.44429874]
 [-3.0513915  -8.14415275]
 [-3.91591472 -0.6092233 ]
 [-6.38060049 -4.0106898 ]
 [ 8.22218894 -4.71633468]
 [-0.0434637   4.48127614]
 [-0.40057262 -2.9518485 ]
 [ 2.52836222  2.4194206 ]
 [-0.67689549  0.40889688]
 [-4.26404689 -4.84589538]
 [-1.18223442  7.68990176]]