[[-7.44390881 -5.26048579]
 [-4.10642064  2.30900449]
 [ 3.57861592 -6.68130994]
 [-2.26683662  4.09983346]
 [-4.21187553 -1.90129211]
 [ 0.27025388 -4.32072942]
 [ 1.75890788  4.34862627]
 [ 2.67096305 -2.7903833 ]
 [-1.16063651 -1.74990531]
 [ 3.89223512  7.05691503]
 [-6.57520159 -2.94495822]
 [ 3.9799727  -4.1772185 ]
 [-1.94976026  6.16507967]
 [ 1.92310399  7.52502851]
 [-2.26560912 -0.97103863]
 [ 2.85125641  1.7217726 ]
 [-0.61824451 -1.37104032]
 [ 0.18042933  3.42955065]
 [-2.95149544 -4.41534453]
 [ 2.60906596  6.58152475]
 [-0.3209454  -1.5115952 ]
 [-0.70616489 -6.61834683]
 [ 4.59479688  5.67217125]
 [ 0.65796161 -1.70378905]
 [-3.67655007  5.24098548]
 [ 1.5099773  -3.11355606]
 [ 1.33112253  3.30697999]
 [-6.30756408  7.87964115]
 [-3.51618566  1.13668872]
 [ 0.6772794   2.79303071]
 [ 1.31619388 -1.93750327]
 [-2.96118412 -2.64161078]
 [-4.48287172 -4.91183022]
 [-3.59038475 -2.66245253]
 [-2.25833888 -3.41597006]
 [ 2.74351248  2.54164846]
 [ 0.82859694  6.14994482]
 [ 5.43274814 -3.19588508]
 [-0.70337347 -4.6860336 ]
 [-1.53758836  5.65063209]
 [-1.71698326 -4.99954027]
 [-2.73523837  2.9398554 ]
 [ 0.36565291  2.35319914]
 [ 0.69085103 -3.60041538]
 [-0.85095325  3.54092556]
 [ 1.584986    0.16291125]
 [ 4.20703948  2.47478497]
 [ 2.024972    3.05055293]
 [ 0.98396516 -5.38245319]
 [-0.49851796 -2.31254574]
 [ 1.98128105 -3.75037302]
 [ 0.25808183 -1.6014676 ]
 [-0.29753675  6.01718054]
 [ 8.52150515  4.69416851]
 [ 1.13292628 -7.2219226 ]
 [ 0.79054067  4.36056917]
 [ 7.24047954 -3.80886137]
 [-4.28658394 -0.45286599]
 [-3.33391192 -7.03631459]
 [ 6.80708079 -6.71698432]
 [-0.12544625  4.44946868]
 [-0.93028499 -3.00557087]
 [-1.70987334  2.67768098]
 [-0.70095472  0.42719051]
 [ 3.29165136 -5.40692468]
 [-1.8905815   7.52097262]]