[[-8.7841264  -1.8811734 ]
 [ 4.66817125  0.46414644]
 [ 4.61084732 -5.78769617]
 [ 3.78599201  2.93069132]
 [-4.18850155 -0.6358044 ]
 [-0.90267283 -4.11675594]
 [ 1.7029791   4.34320855]
 [ 1.31559861 -3.8018713 ]
 [-0.99787256 -1.73322972]
 [ 5.13742714  6.34080124]
 [ 5.29580243 -4.3780213 ]
 [ 1.17653695 -5.87516685]
 [ 1.61476152  6.2375607 ]
 [-1.75652308  7.31472092]
 [ 1.71028458 -1.96716683]
 [ 3.53240438  0.99464846]
 [-1.13346964 -1.14662203]
 [ 0.87556931  3.42176949]
 [-2.2325777  -4.63650993]
 [ 5.41207236  4.67608839]
 [-0.81105887 -1.31944624]
 [-0.14234156 -6.44469065]
 [ 1.03274373  7.6826578 ]
 [ 0.14800936 -1.89886225]
 [-2.20945202  5.71940217]
 [ 0.42717681 -3.65792758]
 [ 1.71889582  2.98812184]
 [-4.47992221  9.00877224]
 [ 3.41169756 -0.51308226]
 [ 0.63720544  2.78070657]
 [ 0.53970076 -2.48479359]
 [-3.55436576 -1.46770118]
 [-5.83428798 -2.94989712]
 [-4.80942735 -0.35389273]
 [-2.46665978 -2.92700952]
 [ 0.1976377   2.81080311]
 [ 2.701191    5.74804303]
 [-1.78677408 -6.7406852 ]
 [-0.61420365 -4.58976266]
 [ 3.53274037  4.82995391]
 [-2.94749479 -4.32606225]
 [-1.43135068  3.35088811]
 [ 0.97794585  2.17266212]
 [-3.15334157 -2.33109951]
 [-0.56757817  3.83762866]
 [-0.68010973  0.62203352]
 [-3.11420021  3.93550794]
 [ 2.7113647   2.50930224]
 [-3.94472968 -4.09914547]
 [-2.37944124 -1.04868548]
 [-4.56499421 -1.77687153]
 [-0.26262685 -1.72712403]
 [ 0.60164946  5.81876473]
 [ 9.37110494  2.93301543]
 [ 2.91840455 -6.22941552]
 [ 0.79725623  4.3163286 ]
 [-3.95368558 -7.74438106]
 [-3.87694209  0.88339702]
 [-6.22686316 -4.5337821 ]
 [ 3.56625888 -8.97279461]
 [ 2.32023806  3.88278598]
 [-1.26697537 -2.73436065]
 [ 3.04147628  1.63303284]
 [ 0.59179308  0.09152884]
 [ 3.44564807 -4.9704638 ]
 [-0.45401528  7.52298264]]