[[-4.04264654 -8.24463627]
 [ 4.33084079  1.01613087]
 [ 5.55093118 -4.96753043]
 [ 3.11366645  3.50398267]
 [-1.4173797  -3.0158557 ]
 [-1.45543018 -4.25771429]
 [-0.46935242  4.67665338]
 [-2.63693887 -3.08225959]
 [-0.88834148 -1.73341788]
 [-0.36802164  8.17379289]
 [-6.00118931 -4.05396403]
 [-3.45094045 -5.16766201]
 [ 2.40733363  5.83694792]
 [ 4.0713089   6.52495788]
 [ 2.50028289 -1.65804499]
 [ 2.91529064  1.70660429]
 [ 0.07525728 -1.4233293 ]
 [ 0.46810088  3.47648814]
 [ 2.96367296 -3.9422417 ]
 [-3.20666112  6.30034827]
 [ 0.39480298 -1.5768723 ]
 [-1.81838317 -6.23572317]
 [ 3.48321307  6.83524376]
 [-0.48750685 -1.49273669]
 [ 4.62284751  4.3140985 ]
 [-1.95817768 -3.06775909]
 [-0.73089257  3.4885875 ]
 [ 8.16457405  5.88217684]
 [ 3.57223747  0.05312929]
 [ 0.36064868  2.85019148]
 [ 1.27297641 -2.20420638]
 [-0.65080399 -3.40232894]
 [ 0.34727886 -6.48925015]
 [-4.38628464 -0.99137382]
 [ 0.40764466 -3.93003172]
 [-2.20552426  3.04330118]
 [ 1.32937526  6.14201363]
 [ 3.76860144 -5.58167816]
 [-0.32254228 -4.79902099]
 [ 0.24285206  5.98293398]
 [ 1.78480552 -4.88627923]
 [-2.75097592  3.21050194]
 [-0.10328421  2.46264549]
 [-3.5796137  -1.94131117]
 [ 1.96445406  3.30409373]
 [-1.50482683  0.68550141]
 [ 4.70673396  2.22531629]
 [-1.57772913  3.5196769 ]
 [-3.95696353 -3.75448884]
 [-2.20998284 -1.35557286]
 [ 1.72607871 -3.92807664]
 [-0.14666243 -1.61635988]
 [-1.42999006  5.80520369]
 [-7.25002744  6.55643399]
 [ 5.75592381 -3.70788517]
 [ 0.97421312  4.30067722]
 [ 4.42494927 -7.40909041]
 [-3.41265779 -0.01394669]
 [ 0.13501122 -7.75588227]
 [-9.00793456 -2.84647491]
 [ 0.14349982  4.47433448]
 [ 0.43852975 -2.99842068]
 [ 1.91651579  2.33674156]
 [ 0.85735677  0.22978792]
 [-5.58916531 -2.67249066]
 [-2.17497897  7.28541993]]