[[-8.37382416 -3.33338411]
 [-3.33411344  3.06106706]
 [ 4.74499258 -5.55906642]
 [-1.54845723  4.37940876]
 [-2.8608635  -2.11158166]
 [-0.82517883 -4.30356525]
 [ 0.27754298  4.66480808]
 [ 1.71157611 -3.70347591]
 [-0.68803292 -1.90351155]
 [-2.48962105  7.60053438]
 [ 1.67908244 -7.02170694]
 [ 3.0574756  -4.97212305]
 [ 2.77006801  5.69021646]
 [ 2.53831205  7.42353457]
 [ 2.03894108 -1.93465121]
 [ 3.55778914  1.12869768]
 [-0.91550447 -1.21536036]
 [ 0.78664904  3.39551968]
 [-4.34803916 -2.88248406]
 [-0.47440691  7.32006269]
 [-0.64898565 -1.26868289]
 [-3.39663594 -5.54528421]
 [ 1.91254461  7.44266407]
 [ 0.07088105 -1.74407281]
 [ 5.08491081  3.66235757]
 [ 0.48228163 -3.52854281]
 [-0.65232272  3.58270745]
 [ 8.65954058  5.12076147]
 [ 3.59433959 -0.28419503]
 [ 0.10235023  2.92516612]
 [ 0.54969818 -2.29368174]
 [-2.26110916 -2.63335019]
 [ 0.0470213  -6.49157894]
 [-4.53370636 -0.2352896 ]
 [-1.25753063 -3.57547105]
 [-1.95661548  3.29078689]
 [ 3.49091204  5.11375177]
 [-2.62718483 -6.54903633]
 [ 0.50885877 -4.54563783]
 [-1.00143757  5.81202431]
 [-2.39260431 -4.46993781]
 [ 2.49271909  2.30127672]
 [ 0.25907371  2.40561575]
 [-3.69931195 -1.46814307]
 [ 2.47192361  3.08343382]
 [-1.53498123  0.86007655]
 [ 4.99705798  1.47761876]
 [ 1.14225431  3.02454417]
 [-4.22950023 -3.73508049]
 [-2.45698293 -0.93093626]
 [-4.51874886 -1.35915245]
 [-0.30397685 -1.60281511]
 [ 0.13179872  5.98524901]
 [-6.58480062  7.24383453]
 [-6.78479316 -1.53333949]
 [ 0.83363114  4.36050906]
 [-5.83136936 -6.40495567]
 [ 3.31850084 -1.80022018]
 [ 2.46226013 -7.22890905]
 [ 7.04023613 -6.31337026]
 [ 1.56355248  4.21320423]
 [-0.56365134 -2.93459987]
 [ 2.93543557  1.85308735]
 [ 0.79671067  0.12996089]
 [-0.38929268 -6.41930012]
 [ 5.37266133  5.2840139 ]]