[[-8.03087629 -3.82930252]
 [-4.01733681  2.36261528]
 [ 2.99413028 -7.14306172]
 [-1.51146631  4.43021986]
 [ 2.96087304 -2.04935705]
 [-0.07545639 -4.33000952]
 [-0.26623936  4.74192414]
 [ 1.25460044 -3.69424591]
 [ 0.85782006 -1.78816646]
 [ 1.24626327  8.1323369 ]
 [ 5.76603578 -4.09776551]
 [-1.8201824  -5.86917562]
 [ 1.35200607  6.31954649]
 [-2.02682814  7.52088997]
 [-1.58285648 -1.10736062]
 [-2.19900566  2.25366287]
 [-0.25428118 -1.34833862]
 [ 0.54592201  3.46640837]
 [ 0.6919974  -4.83730432]
 [-3.48468715  6.2383785 ]
 [-0.51451022 -1.52413778]
 [ 1.84871136 -6.12642136]
 [-2.42856977  7.11105192]
 [ 0.23920166 -1.84500996]
 [ 4.54719534  4.28950286]
 [-0.40910117 -3.66017962]
 [ 1.28131594  3.21279878]
 [ 7.72811369  6.43695519]
 [ 3.42458083  0.5133971 ]
 [ 0.35876573  2.83219996]
 [ 0.23389777 -2.44412082]
 [-2.64233073 -2.64273314]
 [-4.07795785 -4.91974626]
 [-4.44990384 -1.63454693]
 [-1.83425293 -3.51567243]
 [-2.00537101  3.19908611]
 [ 2.15417358  5.8882579 ]
 [ 5.72314599 -3.18174426]
 [-2.94111372 -3.84434783]
 [ 0.22966591  6.0022733 ]
 [ 2.61544021 -4.25780068]
 [ 2.85238939  2.41333295]
 [-0.01368498  2.43614927]
 [ 2.30977535 -2.85554285]
 [ 2.16386854  3.1776453 ]
 [-0.68201695  0.46995256]
 [ 4.54896342  2.27632349]
 [-0.93352576  3.3875714 ]
 [ 3.70250182 -3.8413473 ]
 [-2.3838001  -1.68183258]
 [-4.05855856 -2.64157181]
 [ 0.36260123 -1.61448021]
 [ 2.80530938  5.23872379]
 [-7.7321283   6.0377148 ]
 [-0.82757227 -7.18251764]
 [ 0.12391131  4.39940939]
 [ 6.29342666 -5.82222346]
 [-3.72447571 -0.29919893]
 [-5.72742179 -4.76989473]
 [-4.17366096 -8.74951834]
 [ 1.15624485  4.35352257]
 [-0.97465529 -2.85866704]
 [-2.66710003  2.94829032]
 [ 0.8299436   0.29440391]
 [ 0.87940228 -6.54565759]
 [ 4.38873389  6.16845617]]