[[ -2.17780761e+00  -8.90002630e+00]
 [  4.62882132e+00  -3.01264023e-01]
 [  3.92090821e+00  -6.09444475e+00]
 [ -8.00028571e-01   4.56362299e+00]
 [  1.25632991e+00  -3.61727995e+00]
 [ -3.09820302e+00  -3.04264923e+00]
 [  6.01694695e-01   4.62505687e+00]
 [ -2.24262421e+00  -3.40173514e+00]
 [ -5.36929836e-01  -1.98063967e+00]
 [ -2.44873785e+00   7.58019156e+00]
 [ -4.50415268e+00  -5.93421407e+00]
 [ -4.82463708e+00  -4.01917857e+00]
 [  1.60662926e+00   6.19199983e+00]
 [ -8.40528496e-01   7.58821727e+00]
 [ -2.64115445e+00   2.81927122e-01]
 [ -1.54010703e+00   3.17063153e+00]
 [ -1.16664215e+00  -1.00697989e+00]
 [  1.05508166e+00   3.31777644e+00]
 [ -1.50705608e+00  -4.99350403e+00]
 [ -1.89554639e-01   7.11429734e+00]
 [ -1.09926441e+00  -1.16657871e+00]
 [ -3.47547113e-01  -6.41143109e+00]
 [  6.27189322e+00   4.26135556e+00]
 [ -3.34677882e-01  -1.62436922e+00]
 [  4.27199188e+00   4.53324731e+00]
 [ -1.00915812e-02  -3.64019005e+00]
 [  1.93407060e+00   2.84265635e+00]
 [  3.16472121e+00   9.75073049e+00]
 [  3.36027676e+00  -9.90873106e-01]
 [  8.48662337e-01   2.72681426e+00]
 [  2.70925288e-01  -2.41851341e+00]
 [ -8.91008438e-01  -3.38764875e+00]
 [ -2.93475724e+00  -5.87597882e+00]
 [ -4.50203002e+00   5.03370923e-01]
 [ -1.75154924e+00  -3.54989142e+00]
 [  2.83534353e+00   1.72771474e+00]
 [  2.36601136e+00   5.83173360e+00]
 [ -6.83534915e+00   2.12619916e-01]
 [ -3.66278532e-01  -4.67116675e+00]
 [  3.01150663e+00   5.06339877e+00]
 [ -4.31454884e+00  -2.79693951e+00]
 [  4.11569539e+00   1.00235901e+00]
 [  1.16860320e+00   2.07198555e+00]
 [ -3.78367207e+00  -1.14493037e+00]
 [  1.83589273e-01   3.67627831e+00]
 [ -6.61313025e-01   8.00477364e-01]
 [ -2.56658238e+00   4.37362077e+00]
 [  2.79012983e+00   2.31131684e+00]
 [ -5.31790219e+00  -1.65810008e+00]
 [ -2.41770945e+00  -9.04160560e-01]
 [ -4.54691942e+00  -6.34080431e-01]
 [ -8.07793654e-01  -1.42348997e+00]
 [  4.80836257e+00   3.38629639e+00]
 [  9.68721910e+00   1.28931073e+00]
 [  1.86863109e+00  -6.70890831e+00]
 [  2.20688440e+00   3.79325645e+00]
 [ -8.16920245e+00  -2.99404666e+00]
 [  2.50384944e+00  -2.40997312e+00]
 [ -7.34312809e+00  -1.74097234e+00]
 [  4.93589300e+00  -8.13482217e+00]
 [  1.64439961e+00   4.12862034e+00]
 [ -1.96973375e+00  -2.25061245e+00]
 [  3.48183852e+00   1.00504839e+00]
 [  6.94373232e-01  -5.56061792e-03]
 [  2.76079674e+00  -5.47205059e+00]
 [  5.23408937e+00   5.58127113e+00]]