[[  1.78479409  -8.87996784]
 [ -2.27964      4.09896716]
 [ -6.59723337  -3.8781259 ]
 [  4.24028605   1.84919617]
 [ -3.9607749    0.1108064 ]
 [ -3.5865053   -2.58857517]
 [  2.35240108   3.99837389]
 [ -1.50395065  -3.53530998]
 [ -1.69755959  -0.94165224]
 [  1.6736824    7.87067702]
 [  3.11980467  -6.37419518]
 [  0.74204131  -6.03232913]
 [  2.87821331   5.85010629]
 [  7.09018243   3.02304389]
 [ -2.57284679   0.45915555]
 [ -0.86995919   3.43324182]
 [ -0.69817365  -1.0712343 ]
 [  1.82222288   2.91960361]
 [ -1.34855156  -4.81293505]
 [  6.41719422   3.09744346]
 [ -0.47055648  -1.41799678]
 [ -5.91380954  -1.68197681]
 [  5.29069207   5.72260432]
 [ -1.20534842  -1.30369445]
 [  4.53269792   4.32020102]
 [ -1.90018263  -2.92628936]
 [  3.46403726   1.45256335]
 [ -0.41388001  10.10774516]
 [ -2.41719476   2.81842262]
 [  2.60793615   1.57601496]
 [ -0.53778504  -2.27408588]
 [ -3.28834947  -0.99810302]
 [ -0.99488521  -6.47142939]
 [  2.43363772  -3.75747753]
 [ -3.31619102  -1.79071564]
 [  4.06921129   0.12824053]
 [  3.92918687   4.88051189]
 [ -6.57129713   0.46229203]
 [ -2.97275569  -3.59027678]
 [  1.86800005   5.65553117]
 [ -0.49219158  -4.89729902]
 [ -0.13427875   3.8585433 ]
 [  1.61568427   1.77347061]
 [  0.82072806  -3.72137528]
 [  2.54120653   2.57743458]
 [  1.64288679  -0.80357871]
 [ -1.43155916   5.06582034]
 [  1.10987083   3.11341541]
 [ -2.87894843  -4.81427437]
 [  0.7756869   -2.6033282 ]
 [  1.50306569  -4.36449666]
 [ -0.98282555  -1.31691767]
 [  0.93754112   5.94906013]
 [  9.69210518  -1.27072841]
 [ -2.46885673  -6.84843658]
 [  3.43912198   2.870947  ]
 [ -5.54260607  -6.68261303]
 [ -3.46945503   1.6390043 ]
 [ -7.32474316  -1.84330191]
 [ -9.33254827   1.64645446]
 [  1.84219641   4.02355881]
 [ -2.02064825  -2.09881646]
 [  3.60169535   0.27855929]
 [ -0.39022522   0.78949786]
 [ -5.43675139  -3.35841796]
 [  7.18505713   1.52944627]]