[[-7.33290677 -5.297859  ]
 [ 4.63730818  0.60391204]
 [-2.18574468 -7.53085443]
 [-1.58983306  4.42319675]
 [-4.05668359 -0.95976385]
 [-1.0092953  -4.27948544]
 [ 2.58176029  3.93763141]
 [-1.79185865 -3.51199113]
 [-1.33951134 -1.47082879]
 [ 6.19607918  5.08645406]
 [-6.74497031 -1.48411543]
 [-3.09162042 -5.38459389]
 [ 0.68088178  6.29725161]
 [ 1.88312874  7.62149933]
 [-2.15813226 -0.45867263]
 [ 3.27452629  1.11209885]
 [-0.27785498 -1.25969635]
 [ 1.58553235  3.11314547]
 [ 2.82490182 -4.09247996]
 [ 2.42967641  6.89638206]
 [ 0.01231965 -1.49722459]
 [-1.70794675 -6.17115816]
 [-2.03320523  7.28086538]
 [-0.41824466 -1.79488677]
 [-2.41528312  5.8044553 ]
 [-0.92583779 -3.43572239]
 [ 0.37872451  3.56003825]
 [-4.47262972  9.01018796]
 [-2.88250916  1.80354697]
 [ 0.47423128  2.91052221]
 [ 0.64824012 -2.29172873]
 [-3.1877138  -1.71605021]
 [ 1.54663245 -6.13552138]
 [ 3.46787221 -2.84224596]
 [ 0.20723072 -3.75637587]
 [ 2.97013368  2.01186226]
 [-0.12282716  6.20723758]
 [-4.89591497 -4.64826822]
 [ 1.05516653 -4.46249002]
 [ 2.92476797  5.14808758]
 [ 2.12597335 -4.52525347]
 [ 3.84689907  1.88738002]
 [ 1.18399237  2.20765095]
 [-2.88292335 -2.43403768]
 [-0.63921405  3.84190493]
 [ 1.50282401 -0.09709662]
 [-3.32394623  3.87955833]
 [ 2.62975896  2.66502457]
 [-4.52249438 -2.96976542]
 [ 1.53471973 -2.22523261]
 [-2.79854155 -3.42122692]
 [-0.59436009 -1.51719802]
 [ 4.35302457  4.16257094]
 [ 9.49572374  2.4650751 ]
 [ 1.44839111 -7.20146317]
 [ 0.93629743  4.37825272]
 [ 5.91978597 -5.99169351]
 [-3.8965407   0.48740203]
 [ 3.7864507  -6.53441779]
 [-9.28019935 -1.7337801 ]
 [ 1.92951566  4.06156429]
 [-0.11474558 -2.91837469]
 [-1.37036634  3.06845894]
 [-0.47932925  0.57785214]
 [-0.53970097 -6.55113852]
 [ 4.61041472  6.09162168]]