[[-7.96537946 -4.31053209]
 [ 4.27471672  1.51466757]
 [-0.53363543 -7.76870365]
 [-2.40609549  4.1379185 ]
 [-4.03456486 -1.62305078]
 [-1.02222582 -4.16471512]
 [ 0.31371907  4.61574722]
 [-2.77761062 -3.08041166]
 [-1.18324555 -1.58142943]
 [ 5.38275478  5.77326938]
 [ 2.80236597 -6.69088608]
 [ 1.628112   -5.90572536]
 [-0.3138944   6.4876177 ]
 [ 4.12214665  6.49303317]
 [ 1.4874712  -1.3366803 ]
 [ 2.71845522  1.80230831]
 [-0.59419915 -1.28640077]
 [ 0.45801299  3.46925972]
 [ 1.50708921 -4.49141664]
 [ 3.45322554  6.2989693 ]
 [-0.34594198 -1.45955276]
 [-4.6509297  -4.37207491]
 [-1.30266277  7.65364986]
 [ 0.10638437 -1.85094985]
 [-3.50311275  5.30544892]
 [ 0.61535875 -3.41706204]
 [ 1.55731554  3.24640604]
 [-6.23684473  7.92296497]
 [-3.32622596  1.23482771]
 [ 0.4970066   2.84065429]
 [-1.46352031 -1.92064651]
 [-3.19709999 -2.19099899]
 [-4.14901941 -5.09002659]
 [ 3.59264541 -2.17006991]
 [-2.21124982 -3.29118237]
 [ 3.14150561  2.50525841]
 [ 1.81804905  6.09099868]
 [ 5.10872404 -4.03657404]
 [ 0.22862512 -4.66804903]
 [-0.80377473  5.80397272]
 [-2.30315516 -4.67344908]
 [-2.10129687  2.98417459]
 [ 0.79134709  2.34459654]
 [ 2.64077181 -2.90298972]
 [-1.04086249  3.70142718]
 [ 1.59206749  0.18209236]
 [-4.10893003  3.20409002]
 [ 2.46572876  3.03647668]
 [ 3.33579348 -4.1010948 ]
 [ 1.28754592 -2.16470362]
 [-0.28884517 -4.34705445]
 [ 0.0454316  -1.60722517]
 [ 1.16210455  5.95532848]
 [ 8.7409001   4.38803574]
 [-6.4151654  -2.65291184]
 [ 0.94224244  4.34365232]
 [ 6.94000025 -4.50449901]
 [-4.06221949 -0.23076809]
 [-3.60832607 -6.85782573]
 [ 5.80862519 -7.64095256]
 [ 1.67694644  4.23193592]
 [-0.86818152 -2.8737189 ]
 [-1.46107285  2.71600031]
 [-0.75973651  0.48088489]
 [-0.49364523 -6.57338934]
 [-2.7105192   7.07205368]]