[[-8.84751698 -2.11211783]
 [ 4.43994524 -0.3064126 ]
 [-6.19775713 -4.58884464]
 [ 3.9300713   2.53836766]
 [ 1.3533877  -3.32776074]
 [-2.02681285 -3.92945065]
 [ 3.18521477  3.53658819]
 [-3.47344971 -2.23765873]
 [-0.42189284 -1.97831234]
 [ 6.92483421  3.97936208]
 [-6.9769179   0.70665879]
 [-5.50678555 -2.28248582]
 [ 2.46143177  6.02776569]
 [ 5.76949087  5.19795917]
 [ 1.34448571 -1.913828  ]
 [-1.9183626   3.45873386]
 [-0.28003784 -1.42294911]
 [ 1.3557379   3.25503094]
 [-1.13445587 -5.02805536]
 [ 5.02310941  5.25501277]
 [-0.8242247  -1.21671496]
 [-3.87618811 -5.3145641 ]
 [-1.03825279  7.46139928]
 [-1.24251893 -1.26893312]
 [-1.54068809  6.05649311]
 [-2.8506522  -2.22173814]
 [ 2.50469399  2.54049713]
 [-2.99533802  9.61149564]
 [-2.69099715  2.34296118]
 [ 1.44435584  2.51546397]
 [-2.39992114 -0.90988963]
 [-0.11925681 -3.43006877]
 [-2.46074146 -6.10943882]
 [ 2.70837126 -3.46854535]
 [-1.17049418 -3.70132925]
 [ 3.07989496  1.52782022]
 [ 1.65179417  6.03204282]
 [ 3.22861692 -5.82316558]
 [-3.10741101 -3.60350272]
 [ 3.28528728  5.00753   ]
 [ 0.232938   -5.24971029]
 [ 3.68997552  1.10201416]
 [ 1.32208406  2.04158692]
 [ 1.01906524 -3.93147045]
 [-0.06818896  3.95306942]
 [-0.06572862  0.52214322]
 [ 4.94388779  0.82393213]
 [ 0.66075579  3.34560267]
 [ 1.5244845  -5.34654788]
 [-1.79024891 -1.45592659]
 [-4.20537094 -1.14973975]
 [-0.62481437 -1.54118899]
 [ 0.70263941  5.86576048]
 [ 9.7602835   0.96893823]
 [-6.82247337 -0.73463285]
 [ 2.42021934  3.7395239 ]
 [ 4.57554142 -7.02472976]
 [-3.61291841  1.13608924]
 [-1.65229483 -7.53405324]
 [ 1.67898386 -9.48682557]
 [ 1.61760453  4.20386055]
 [-1.39816145 -2.71405443]
 [-0.91245696  3.37868961]
 [ 0.33413366  0.23903626]
 [-5.36166403 -3.60743112]
 [ 1.44167479  7.60064787]]