[[ -5.18508861  -7.47182071]
 [ -3.86941082   2.71928537]
 [ -6.75551303  -2.83413467]
 [ -1.57490069   4.36938626]
 [ -3.34720539  -1.9455301 ]
 [ -0.13585306  -4.33669957]
 [  0.67965887   4.53550081]
 [ -2.8332904   -2.91439786]
 [ -0.52855507  -1.96211944]
 [ -2.92597109   7.44642482]
 [  2.38183439  -7.01180287]
 [  3.43460885  -5.03850642]
 [  0.66873096   6.39578241]
 [  5.63206844   5.20132783]
 [ -2.4433053   -0.77220681]
 [ -2.42838756   2.62798272]
 [  0.06701607  -1.42214184]
 [  0.40176383   3.39867731]
 [ -2.30328816  -4.52394472]
 [  4.97972807   5.13314423]
 [  0.26647939  -1.54734259]
 [  0.64559532  -6.48389244]
 [ -3.65620522   6.48608433]
 [ -0.67707497  -1.48909086]
 [  3.19503262   5.41474251]
 [ -1.37377582  -3.24592457]
 [  2.37494514   2.94380458]
 [  0.18021451  10.26243126]
 [ -3.40110011   1.43676698]
 [  1.58270195   2.56535617]
 [ -1.46284461  -1.93194931]
 [  0.86881267  -3.35934028]
 [ -1.22037593  -6.35349679]
 [  3.89391922  -2.38380401]
 [ -0.72603721  -3.82396174]
 [  3.38634867   1.96305959]
 [  2.06099863   6.07962134]
 [ -4.86692673  -4.61071488]
 [  2.10815101  -4.19404564]
 [ -0.74485559   5.80795706]
 [  0.40715162  -5.08143014]
 [ -2.18390354   3.31652241]
 [  0.61221305   2.30049223]
 [  2.36018014  -2.98902804]
 [  1.12029271   3.40904854]
 [  1.69589728   0.01288724]
 [  4.55687793   2.00563344]
 [ -0.56403198   3.28765427]
 [ -3.15107478  -4.51266527]
 [  1.83585448  -2.04484533]
 [  3.3597689   -3.28749875]
 [ -0.40840318  -1.55865316]
 [  2.13562812   5.53566915]
 [  9.27468582   3.18344565]
 [  5.63686337  -4.26286148]
 [  2.11623742   3.96337907]
 [ -1.71266775  -8.50288328]
 [ -3.75578416  -0.13811626]
 [  4.31444208  -6.3987539 ]
 [ -9.18436917  -2.19723917]
 [ -0.03454007   4.43617212]
 [ -0.12583011  -2.94778464]
 [  2.78309113   2.02785313]
 [ -0.72248467   0.51372496]
 [ -5.59093207  -2.62232168]
 [ -1.12380578   7.42113144]]