[[-8.52080982 -2.8582922 ]
 [ 4.41920229  0.47493538]
 [ 0.32031309 -7.69408282]
 [-0.74358113  4.61862859]
 [-3.4980237  -1.63678695]
 [-2.28836751 -3.79922831]
 [ 1.31529107  4.48556586]
 [-2.44444351 -3.06615611]
 [-0.96825021 -1.54371675]
 [ 0.68171246  8.16533729]
 [-2.37256338 -7.04163277]
 [-5.25203906 -3.01675402]
 [ 2.75709519  5.92097915]
 [-2.43033668  7.24215153]
 [ 1.95809949 -1.99216933]
 [ 3.11951485  1.41044303]
 [-0.49802595 -1.20702063]
 [ 1.15008676  3.32343017]
 [ 2.27449957 -4.14737583]
 [-1.76576025  6.93070412]
 [ 0.09110786 -1.47003651]
 [-4.58236065 -4.43578764]
 [ 4.75124388  6.018649  ]
 [-0.01299182 -1.83031036]
 [ 4.81301105  3.87179587]
 [ 0.11839507 -3.49477086]
 [ 1.48881413  3.0066198 ]
 [ 8.48009358  5.56018456]
 [ 3.5198352  -0.32203492]
 [ 0.39284183  2.86313683]
 [-1.18702392 -1.86074478]
 [-2.91080242 -2.16366477]
 [-3.19595035 -5.67713612]
 [-4.56522221 -0.19792416]
 [-1.18113732 -3.54789304]
 [-2.38015143  3.43016945]
 [ 3.22147368  5.29745421]
 [ 4.36697714 -4.94117622]
 [-1.63834037 -4.52983   ]
 [ 0.65545803  5.9986987 ]
 [ 1.55241512 -4.66195555]
 [-1.65213696  3.656464  ]
 [ 0.43162605  2.36991677]
 [-3.91363096 -1.13461808]
 [ 2.650982    2.79412356]
 [-1.50000139  0.85967208]
 [ 4.86570016  1.61457574]
 [-0.3189915   3.49275383]
 [ 0.68521473 -5.3649633 ]
 [-2.50961999 -0.87376497]
 [-0.70074624 -4.45545953]
 [-0.27377319 -1.60261601]
 [ 1.35738956  5.99234373]
 [-6.42885944  7.37754105]
 [-6.79874176 -1.06318992]
 [ 0.38161756  4.46088884]
 [-6.15860912 -6.06728249]
 [ 3.19594774 -1.81876599]
 [ 1.39275903 -7.51442834]
 [ 6.49249753 -6.93785066]
 [ 1.96793544  4.02736227]
 [-0.34642263 -2.91205959]
 [-1.73402519  3.06519665]
 [ 0.94681534  0.11114725]
 [ 2.82934343 -5.76315246]
 [ 6.12643017  4.20376272]]