[[-7.77845374 -4.47366218]
 [ 4.29332682  1.72340075]
 [ 6.36855829 -3.45767269]
 [ 2.27890188  3.99736946]
 [-3.64070395 -1.93972961]
 [ 0.28440932 -4.24131294]
 [-1.76973818  4.36098357]
 [ 2.40514253 -3.18685769]
 [-0.51468249 -1.92595128]
 [-2.61044282  7.75394026]
 [ 5.45461003 -3.99186935]
 [ 3.31907912 -4.697125  ]
 [-0.36229006  6.52264966]
 [ 4.4461951   5.98612708]
 [ 2.45352369 -1.34362774]
 [ 2.76599036  1.85886942]
 [-0.60420592 -1.41028683]
 [-0.66787769  3.39985357]
 [ 1.15014707 -4.84683743]
 [ 2.30549367  6.86144807]
 [-0.16325627 -1.48701891]
 [ 1.43410338 -6.47520653]
 [ 3.32938614  6.84284594]
 [ 0.68044046 -1.75554469]
 [ 0.87737446  6.32160628]
 [ 1.34245084 -3.36006575]
 [ 0.89252573  3.35224683]
 [ 7.01126854  7.23776254]
 [ 3.55542456  0.50838745]
 [ 0.13287883  2.81650397]
 [ 1.34275897 -2.17191817]
 [-2.80951834 -2.53458783]
 [-3.54569313 -5.42451439]
 [-4.57231923 -1.62383362]
 [-1.14142975 -3.60390226]
 [-2.50386865  2.7108416 ]
 [-2.20002292  5.84773796]
 [-4.97755071 -4.74065679]
 [-1.96696149 -4.33486794]
 [-1.12347338  5.85981186]
 [-0.92523086 -5.09328249]
 [ 3.07622136  2.72185288]
 [-0.27178582  2.35887915]
 [-2.32434223 -3.10883142]
 [ 0.34976325  3.57650265]
 [-1.28900284  0.43226599]
 [-3.99411846  3.00481234]
 [-1.90176218  3.17090092]
 [-0.33659418 -5.68895232]
 [-2.06124505 -1.66184177]
 [-3.87136227 -2.98244251]
 [ 0.26345868 -1.71234302]
 [ 1.16012329  5.70708678]
 [-8.08689099  5.54892505]
 [ 4.47944439 -5.55912078]
 [ 0.30329165  4.39506292]
 [-3.69799817 -7.88171975]
 [-3.73727914 -0.35846062]
 [-1.21892801 -7.65174452]
 [ 8.05923967 -5.1576327 ]
 [-0.92912194  4.36473496]
 [-0.23853723 -2.9863795 ]
 [ 2.02740581  2.55452241]
 [ 0.72381318  0.28223084]
 [ 3.45248393 -5.41676026]
 [-4.1825469   6.20639814]]