[[-7.17156195 -5.57209957]
 [ 4.4409786   0.29596296]
 [ 4.56749945 -6.04014662]
 [-0.99308634  4.62273916]
 [-3.97676981 -1.01715546]
 [-1.27895114 -4.07677823]
 [ 0.82234788  4.57175715]
 [ 1.38254485 -3.75839023]
 [-1.22742363 -1.59145424]
 [ 1.43522342  8.05710773]
 [-6.83924739 -1.46082292]
 [ 2.35837511 -5.44872312]
 [ 2.90548225  5.68140795]
 [ 4.66581688  6.26388866]
 [ 2.05369746 -2.05301003]
 [ 3.16607956  1.20084704]
 [-0.78837508 -1.26869408]
 [ 1.44096502  3.13363144]
 [-0.44512615 -5.06542621]
 [ 5.01350632  5.2147807 ]
 [-0.47450288 -1.47007871]
 [-4.48951223 -4.51408281]
 [-1.84381458  7.21245906]
 [ 0.15928467 -1.84909993]
 [ 5.33901072  3.24339474]
 [ 0.14543381 -3.53626908]
 [-0.02897284  3.58294896]
 [ 9.05843561  4.37589143]
 [ 3.46344774 -0.5213358 ]
 [ 0.61814424  2.79929223]
 [ 0.73067484 -2.46677559]
 [-3.35444914 -1.76355821]
 [-4.02365332 -5.19882098]
 [-4.58723769 -0.36755404]
 [-2.3757316  -3.12643304]
 [-1.10987945  3.33042474]
 [ 1.9854798   5.94213156]
 [ 1.49091409 -6.71938777]
 [-2.47202186 -4.06684723]
 [ 0.48058787  5.90492821]
 [ 0.6179621  -5.03867529]
 [-2.04207122  3.67398601]
 [ 0.72129477  2.27109007]
 [-2.96063387 -2.39317082]
 [ 2.76803643  2.64088614]
 [-0.95057769  0.72685806]
 [ 4.92647938  1.37792843]
 [ 1.88612974  2.67048179]
 [-1.18914707 -5.61839393]
 [-2.35763827 -1.07076485]
 [-4.28592732 -2.19941549]
 [-0.1414819  -1.74673272]
 [ 3.59307909  4.61064814]
 [-5.85518666  7.81850194]
 [ 5.12097698 -4.65461638]
 [ 1.99515468  3.94498347]
 [ 1.41088948 -8.58251242]
 [-3.66156813  0.69566127]
 [-3.03828005 -7.11818905]
 [-9.33147941 -1.51863755]
 [ 1.38244189  4.20351378]
 [-0.98343068 -2.85044305]
 [-1.80129353  3.15278846]
 [ 0.84207205  0.04203354]
 [ 3.65913109 -5.05578672]
 [-0.56854499  7.53732736]]