[[-8.05022347 -4.21794996]
 [-3.89357227  2.79917874]
 [ 1.32484463 -7.59722624]
 [ 3.33103977  3.24173365]
 [-4.32673332 -1.42819465]
 [-0.25185065 -4.26635023]
 [ 1.74791083  4.28209616]
 [ 1.70321845 -3.50487448]
 [-1.33652204 -1.60533827]
 [ 4.12893199  7.01769734]
 [-6.84150811 -2.11945429]
 [-1.50400972 -6.10151571]
 [ 0.90804734  6.37084699]
 [-3.16602226  6.77119318]
 [ 1.7495339  -1.50511211]
 [-2.67940614  2.82764605]
 [-0.83331676 -1.29440116]
 [ 0.54447496  3.40015827]
 [ 0.73809901 -4.77642487]
 [ 4.91475991  5.13549341]
 [-0.52157199 -1.47329087]
 [ 2.84659384 -5.52223756]
 [ 1.80006434  7.56108481]
 [ 0.25584097 -1.82689086]
 [ 3.49226879  5.05111504]
 [ 0.67198192 -3.47815505]
 [-0.19207216  3.43778922]
 [-5.27489341  8.6338117 ]
 [-3.40128186  1.45724441]
 [ 0.92190012  2.64896188]
 [ 0.88816358 -2.26458154]
 [-3.5284073  -2.02286874]
 [-5.05934998 -4.21629016]
 [ 3.27060654 -2.36603946]
 [-2.78028662 -3.01906628]
 [ 2.54895329  2.17381775]
 [-0.13122044  6.25204585]
 [-0.97266099 -7.01097112]
 [-1.36405087 -4.53880886]
 [-1.06330156  5.74740371]
 [-2.68372405 -4.59425627]
 [ 3.08160607  2.00628119]
 [ 0.34095873  2.32912607]
 [-1.56984543 -3.3188646 ]
 [ 1.53873854  3.21831462]
 [ 1.22441108  0.11447588]
 [ 4.54955914  1.89085277]
 [-1.2089402   3.58975804]
 [ 3.08026987 -4.15564708]
 [-1.99876413 -1.70047586]
 [-3.70848125 -3.08028498]
 [-0.03407724 -1.69188017]
 [ 1.86031906  5.67002295]
 [ 8.96436396  3.85824226]
 [ 5.35201277 -4.04065777]
 [ 1.14653251  4.19934766]
 [ 4.34144589 -7.33537302]
 [-4.25448286 -0.02664095]
 [-4.5199226  -6.29243331]
 [ 7.60427692 -5.54019246]
 [-0.16545694  4.48751713]
 [-0.90363501 -2.83946634]
 [-1.75400393  2.95585676]
 [-0.75757205  0.48287691]
 [ 1.57647218 -6.23622138]
 [-1.71703327  7.39644623]]