[[ 0.78677107 -9.11699499]
 [ 4.25192695  1.38626917]
 [-7.1206415  -2.43534853]
 [ 1.15520918  4.29002892]
 [-3.83580933 -1.72505309]
 [-0.28145404 -4.19565233]
 [-0.16299868  4.70460611]
 [-2.74054168 -3.16776163]
 [-1.25510899 -1.6814657 ]
 [ 1.91339207  7.98946725]
 [-6.2353981  -3.81056516]
 [ 2.35842395 -5.74381027]
 [-1.02887825  6.37086832]
 [ 5.02606462  5.7859842 ]
 [-2.46338445 -0.76138825]
 [-3.21928629  2.43112831]
 [-0.61440936 -1.36059343]
 [ 0.32518821  3.42435065]
 [ 0.51740685 -5.11158784]
 [ 4.32533745  5.71072084]
 [-0.34806938 -1.46544597]
 [-0.1062286  -6.46301309]
 [-2.23004785  7.29931849]
 [ 0.11539917 -1.72251945]
 [-3.05324216  5.43665836]
 [ 0.56998082 -3.48650762]
 [ 1.94662072  3.12203953]
 [-5.20082287  8.72878162]
 [ 3.16889989  0.39371241]
 [ 1.05433969  2.73549339]
 [ 0.62274889 -2.32575804]
 [-2.93908608 -2.38006379]
 [-4.06523218 -4.96287014]
 [ 3.51340313 -2.33517033]
 [-2.20094562 -3.29131401]
 [ 2.75324107  2.43794976]
 [ 1.42087137  6.19100586]
 [ 5.12784483 -4.05491529]
 [-1.08968953 -4.65592951]
 [-0.02115173  6.04071347]
 [ 1.60461073 -4.65857412]
 [-2.46826177  3.1500454 ]
 [ 0.58847089  2.32960963]
 [ 2.45749428 -2.95698075]
 [-1.21062456  3.71500142]
 [ 1.15776319  0.18352314]
 [ 4.06396892  2.69252505]
 [-0.42387842  3.22924142]
 [ 3.14245843 -4.24079158]
 [ 1.43416017 -2.0149202 ]
 [-1.79251655 -4.28064523]
 [-0.09567354 -1.65184842]
 [ 2.47408904  5.53751866]
 [ 8.8299293   4.25127886]
 [ 4.40001415 -5.51014786]
 [ 1.81780746  4.13767918]
 [-2.59454406 -8.22853804]
 [-4.02192833 -0.09090681]
 [-4.33927341 -6.3041611 ]
 [ 7.60717136 -5.64356651]
 [ 0.32118422  4.45313974]
 [-0.94244846 -2.86064258]
 [-1.91999279  2.7266169 ]
 [-0.73658723  0.47336476]
 [-5.70640028 -2.63974603]
 [-4.387636    5.97655686]]