[[-8.75271626 -2.16643603]
 [ 4.526021    0.37279001]
 [ 4.44576189 -5.83329617]
 [-1.60531983  4.46736296]
 [-4.42958191 -0.46247111]
 [-1.37563557 -4.16151982]
 [ 1.00005074  4.52638024]
 [-2.37901278 -3.30074272]
 [-1.72537352 -1.23780082]
 [ 6.29659056  4.91721892]
 [-7.02093324 -0.64000317]
 [-2.30997115 -5.76611688]
 [ 1.19923653  6.405501  ]
 [ 4.94118037  6.00436502]
 [ 1.06354774 -1.76144779]
 [-2.38498039  3.00702397]
 [-1.11349128 -1.06812187]
 [ 0.6841073   3.42644873]
 [-4.45596923 -2.60910598]
 [ 4.00951803  6.12542931]
 [-0.79737044 -1.28577514]
 [-1.42490094 -6.37386108]
 [-0.20783509  7.70071526]
 [-0.07191612 -1.82953508]
 [-2.40610691  5.78474768]
 [-0.49133706 -3.53030729]
 [ 2.46163549  2.83948539]
 [-4.33627492  9.0817022 ]
 [ 3.25423009 -0.41036672]
 [ 0.91639499  2.72416399]
 [-0.66059388 -2.28546403]
 [-3.79363423 -1.21646344]
 [-5.72608603 -3.08626257]
 [ 2.75483785 -3.06303439]
 [-3.37131691 -2.27361092]
 [ 3.34422473  1.85686241]
 [ 0.4256994   6.18067903]
 [ 1.57688608 -6.64114041]
 [-0.43104655 -4.56434054]
 [ 2.04888177  5.64633427]
 [-3.32698727 -4.06069276]
 [-1.1346947   3.26189067]
 [ 1.0772751   2.17282052]
 [ 1.07224949 -3.54590438]
 [-0.45475847  3.85381761]
 [ 0.87648946  0.05444807]
 [ 4.6651806   1.70491801]
 [ 1.86684305  2.86816725]
 [ 0.72797654 -5.28331908]
 [-2.2001894  -1.18910493]
 [ 1.80517373 -3.89506207]
 [-0.47521024 -1.610904  ]
 [ 3.89705681  4.49431887]
 [ 9.53693713  2.24957111]
 [ 0.43179707 -7.25600965]
 [ 1.64495598  4.1270648 ]
 [-3.93162401 -7.77030654]
 [-4.03535711  0.88484104]
 [-5.85535488 -4.92609626]
 [ 5.87577863 -7.52335823]
 [ 2.1845143   4.00252857]
 [-1.7356437  -2.53267533]
 [ 2.76024279  1.71880482]
 [-0.66864831  0.65806782]
 [ 3.40867445 -5.2486871 ]
 [-1.69007737  7.29087473]]