Metastable sets

[array([ 2,  5,  7, 11, 21, 23, 25, 54, 55, 60, 65]) array([13, 19])
 array([ 0,  4, 16, 18, 20, 28, 30, 32, 33, 35, 46, 58, 59, 62, 64])
 array([ 8, 10, 14, 31, 38, 41, 52, 57]) array([34, 39, 44, 49, 50, 51])
 array([ 3, 12, 22, 24, 27, 36, 37, 45, 47, 56]) array([26, 29, 63])
 array([ 1,  6,  9, 15, 17, 40, 42, 43, 48, 53, 61, 66])]

Stationary distribution

[ 0.11805339  0.00175306  0.31506273  0.16432927  0.08943384  0.05723702
  0.02344128  0.23068941]

Macrostate lifetimes

[ 1197.08419916  1730.06533821  2680.51415723  1209.10312263  3757.82852024
  4507.37160206   984.01691349  7434.53836205]

Timescales

[ 89499.34169248   3744.61593568   3320.77995612   1728.74444474
   1438.77576431    903.57652878    747.29946664]