Metastable sets

[array([ 2,  5,  7, 11, 21, 23, 25, 54, 55, 60, 65]) array([13, 19])
 array([16, 18, 20, 30, 31, 59, 62]) array([14, 38, 41, 52, 57])
 array([34, 39, 44, 49, 50, 51])
 array([ 3, 12, 22, 24, 27, 36, 37, 45, 47, 56]) array([26, 29])
 array([ 0,  4,  8, 10, 15, 28, 32, 33, 35, 42, 46, 58, 63, 64])
 array([ 1,  6,  9, 17, 40, 43, 48, 53, 61, 66])]

Stationary distribution

[ 0.10373282  0.00214141  0.22433068  0.10789055  0.07256017  0.07377618
  0.02777496  0.10391828  0.28387493]

Macrostate lifetimes

[ 1194.65260569  1730.43849677  1874.75438107   931.79566889  3759.59353542
  4547.83745323   971.98089309  1713.27960824  7112.52440869]

Timescales

[ 42065.64264598   3756.66754786   3347.03169031   1729.29745094
   1432.39455393   1158.18905068    896.32771839    680.88528633]