Metastable sets

[array([ 2,  5,  7, 11, 21, 23, 25, 34, 54, 55, 60, 65]) array([13, 19])
 array([ 0, 18, 31]) array([46]) array([ 1,  6, 28, 43, 48])
 array([ 4, 16, 20, 30, 32, 33, 35, 39, 50, 58, 59, 62, 64])
 array([44, 49, 51])
 array([ 3,  9, 12, 15, 17, 22, 24, 27, 36, 37, 40, 42, 45, 47, 53, 56, 61,
       63, 66])
 array([26, 29]) array([ 8, 10, 14, 38, 41, 52, 57])]

Stationary distribution

[ 0.07733666  0.00272404  0.01321813  0.00557023  0.30549135  0.20164316
  0.03565388  0.22720078  0.03268501  0.09847675]

Macrostate lifetimes

[ 1220.72012102  1700.57440543   851.69387662   862.68955588  4092.36048108
  3027.0090696   8518.75361517  4362.72923938   978.62270861  1109.40784   ]

Timescales

[ 164476.01324086    7794.66621396    2591.0561232     1699.15656059
    1518.50760727     902.22201495     853.16540335     824.66153589
     727.21106718]