Metastable sets

[array([26, 42, 54]) array([ 2,  5,  7, 11, 23, 55, 60, 65])
 array([13, 19]) array([ 0, 18, 21, 25, 31]) array([46])
 array([ 1,  6, 43, 48])
 array([ 4, 16, 20, 28, 30, 32, 33, 34, 35, 39, 50, 58, 59, 62, 64])
 array([44, 49, 51])
 array([ 3,  9, 12, 15, 17, 22, 24, 27, 36, 37, 40, 45, 47, 53, 56, 61, 66])
 array([29, 63]) array([ 8, 10, 14, 38, 41, 52, 57])]

Stationary distribution

[ 0.00232815  0.09003841  0.00222941  0.03101783  0.00579107  0.22062713
  0.28066839  0.04820403  0.16185826  0.02417135  0.13306597]

Macrostate lifetimes

[  262.25960646  1056.26506642  1679.51995496  1086.8453979    853.72597863
  4000.08621159  3081.73484447  8498.49590481  4472.18858007   896.5155566
  1107.92145604]

Timescales

[ 106647.61063018    7783.53653411    2675.21392915    1678.99682234
    1535.68616314     972.81359136     951.77507875     842.49170758
     710.31614931     246.0633505 ]