Metastable sets

[array([34, 39, 50, 51, 54]) array([ 2,  5,  7, 11, 23, 55, 60, 65])
 array([13, 19]) array([18, 21, 25, 31]) array([46])
 array([ 1,  6, 28, 42, 43, 48]) array([ 0,  4,  8, 10, 32, 33, 35, 58])
 array([16, 20, 30, 59, 62, 64]) array([44, 49])
 array([ 3,  9, 12, 15, 17, 22, 24, 27, 36, 37, 40, 45, 47, 53, 56, 61, 66])
 array([26, 29, 63]) array([14, 38, 41, 52, 57])]

Stationary distribution

[ 0.02996456  0.07014669  0.00244325  0.02414693  0.00487181  0.26848719
  0.06794522  0.19025318  0.02878778  0.19716574  0.0300414   0.08574625]

Macrostate lifetimes

[ 1821.43358176  1043.35160543  1700.091775    1085.29156606   926.14732157
  4140.01389107  1831.8408334   2089.98066215  4785.75154543  4492.01415482
   991.35648997   925.9960008 ]

Timescales

[ 202139.24023407    4589.01026262    2688.39371224    1883.25409695
    1698.6356837     1567.20993256    1249.81525806     955.1810982
     910.9631826      887.81101924     657.99551277]