Metastable sets

[array([13, 54]) array([ 2,  5,  7, 11, 23, 55, 60, 65]) array([19])
 array([18, 21, 25, 31])
 array([ 1,  6,  9, 12, 14, 15, 17, 28, 40, 42, 53, 61, 64, 66])
 array([46]) array([ 0,  4,  8, 10, 32, 33, 35, 58])
 array([16, 20, 30, 34, 39, 50, 59, 62]) array([38, 41, 52, 57])
 array([44, 49, 51]) array([ 3, 22, 24, 27, 36, 37, 45, 47, 56, 63])
 array([26, 29]) array([43, 48])]

Stationary distribution

[ 0.00042885  0.08074992  0.00134131  0.02754852  0.13452367  0.00524018
  0.08045193  0.22559868  0.09711411  0.04965801  0.07680431  0.02335639
  0.19718412]

Macrostate lifetimes

[  710.29922425  1049.46011121  1250.74991225  1084.79775193  2325.59568767
   852.20034299  1849.78370789  2328.90795773   914.21179285  8609.21679018
  3680.30565511   967.58878342  3179.57049186]

Timescales

[ 23932.54818919   7697.39153618   3139.3897831    1800.09266426
   1600.80339704   1590.13604414   1382.56810957    940.36169075
    872.5903492     836.42942869    656.93691034    620.26794693]