Metastable sets

[array([ 6, 54]) array([ 2,  5,  7, 11, 23, 55, 60, 65]) array([13, 19])
 array([18, 21, 25, 31]) array([ 1, 14, 28, 64]) array([46])
 array([16, 20, 30, 34, 39, 50, 51, 59, 62])
 array([ 0,  4,  8, 10, 32, 33, 35, 58])
 array([ 9, 12, 15, 17, 40, 42, 48, 53, 61, 66]) array([44, 49])
 array([ 3, 22, 24, 27, 36, 37, 45, 47, 56, 63]) array([26, 29])
 array([38, 41, 52, 57]) array([43])]

Stationary distribution

[ 0.06384551  0.07994197  0.0018867   0.02738256  0.02362076  0.00530296
  0.22297846  0.07981685  0.07481154  0.02804098  0.07331771  0.02433663
  0.09615921  0.19855815]

Macrostate lifetimes

[ 4719.09306026  1048.50890541  1682.40698446  1084.08879934  1610.70803391
   852.78065864  2318.87976682  1850.07672717  1395.33486674  4781.15110886
  3735.12837691   967.48812851   910.41492003  2876.2305716 ]

Timescales

[ 75401.63439317   4540.29576996   4191.71706611   3100.73670364
   1685.872396     1610.91991768   1562.52285627   1368.69222777
   1159.16164197    939.53776393    861.85253533    836.0349573
    655.25750126]