Metastable sets

[array([ 1, 15, 28, 42, 54, 63, 64])
 array([ 2,  5,  7, 11, 23, 55, 60, 65]) array([13, 19])
 array([18, 21, 25, 31]) array([34, 39, 50, 51])
 array([ 9, 12, 17, 48, 53, 61, 66]) array([46])
 array([ 0,  4,  8, 10, 32, 33, 35, 58]) array([ 3,  6, 40])
 array([44, 49]) array([22, 24, 27, 36, 37, 45, 47, 56]) array([26, 29])
 array([38, 52, 57]) array([14, 16, 20, 30, 41, 59, 62]) array([43])]

Stationary distribution

[ 0.02459762  0.07166209  0.00208301  0.02442835  0.03024495  0.08185542
  0.00482846  0.07079672  0.06115844  0.02914434  0.07605752  0.02690307
  0.08480479  0.19080927  0.22062594]

Macrostate lifetimes

[ 1447.85957478  1042.92017678  1682.43761251  1088.81723301  1818.88733316
  1378.7864661    910.91756318  1857.95807363  3633.5049962   4786.22712158
  3749.59273506   968.66623345   906.97462278  1937.08002148  2890.62539088]

Timescales

[ 46645.90865503   4583.07452143   3451.32512578   3083.40274065
   1877.41842279   1685.22776515   1588.67543538   1459.95638012
   1186.78055396   1143.70230421    947.93500869    887.4734211
    857.27840689    652.03551541]