Metastable sets

[array([ 1, 15, 28, 42, 54, 63, 64])
 array([ 2,  5,  7, 11, 23, 55, 60, 65]) array([13, 19]) array([ 0, 18])
 array([34, 39, 50, 51]) array([ 9, 12, 17, 40, 48, 53, 61, 66])
 array([46]) array([ 4,  8, 10, 32, 33, 35, 58]) array([21, 25, 31])
 array([6]) array([44, 49]) array([ 3, 22, 24, 27, 36, 37, 45, 47, 56])
 array([26, 29]) array([38, 41, 52, 57]) array([14, 16, 20, 30, 59, 62])
 array([43])]

Stationary distribution

[ 0.02418617  0.06985471  0.00207373  0.00558779  0.02950574  0.07950426
  0.00475006  0.06959622  0.02125914  0.07018994  0.02864017  0.07987318
  0.02656912  0.08387876  0.18655207  0.21797894]

Macrostate lifetimes

[ 1447.78876333  1041.64426342  1682.63317954  2963.88565296  1805.30482011
  1373.8946495    910.83931512  1856.56058494  1003.63210944  4697.00229803
  4786.02164991  3782.34387221   968.64603637   907.98522561  1913.16356025
  2887.62662177]

Timescales

[ 47632.24834352   4590.16528074   4165.86395178   3168.90739935
   2947.23227654   1866.52223963   1686.67274168   1576.12498957
   1457.3141652    1175.94374905   1144.19891061    918.15397232
    865.7176563     855.56054503    650.25954308]