Metastable sets

[array([ 2,  5, 23, 54, 55, 60, 65]) array([ 1,  9, 42, 48, 61, 66])
 array([13, 19]) array([ 0, 18]) array([34, 39, 50, 51]) array([46])
 array([14, 15, 28, 63, 64]) array([ 4,  8, 10, 32, 33, 35, 58])
 array([ 6, 12, 17, 40, 53]) array([ 7, 11, 21, 25, 31]) array([44, 49])
 array([ 3, 22, 24, 27, 36, 37, 45, 47, 56]) array([26, 29])
 array([38, 41, 52, 57]) array([16, 20, 30, 59, 62]) array([43])]

Stationary distribution

[ 0.0690235   0.02809175  0.00198355  0.00581885  0.03019163  0.00483178
  0.02248628  0.07210581  0.10888605  0.02540787  0.02973137  0.08516367
  0.02666037  0.08698226  0.18928689  0.21334837]

Macrostate lifetimes

[  999.92297527   925.46282681  1900.31347165  2960.86157472  1772.5105187
   910.96760709  1577.29904267  1853.06814001  2660.44614049   983.38876967
  4785.03780444  3649.56061691   970.60710957   907.63634963  1934.64500527
  2840.31684857]

Timescales

[ 64928.92633668   4593.35503382   3243.6116907    2946.15603502
   2090.88020084   1859.81690805   1851.03258424   1575.37204674
   1537.03527432   1192.55383488    923.48639464    886.82227054
    830.08868578    826.46979329    646.88426176]