Metastable sets

[array([13, 54]) array([ 2, 11, 23, 55, 60, 65]) array([15, 48])
 array([19]) array([34, 39, 50, 51]) array([ 0, 18])
 array([ 1, 14, 28, 42, 64]) array([46]) array([ 5,  7, 21, 57])
 array([ 4,  8, 10, 32, 33, 35, 58])
 array([ 6,  9, 12, 17, 40, 53, 61, 66]) array([25, 31])
 array([38, 41, 52]) array([44, 49])
 array([ 3, 22, 24, 27, 36, 37, 45, 47, 56, 63]) array([26, 29])
 array([16, 20, 30, 59, 62]) array([43])]

Stationary distribution

[ 0.00044956  0.06590875  0.01198754  0.00141395  0.03246933  0.00615178
  0.02315287  0.00497342  0.01231099  0.07636333  0.10824597  0.02293187
  0.09150016  0.03313905  0.08009961  0.02440717  0.20005288  0.20444178]

Macrostate lifetimes

[  703.030664     915.42617131   598.76215869  1250.28600953  1814.53214383
  2961.60185944  1489.26678158   905.82195281  1029.59826189  1835.52687697
  1920.11518282   987.74693254   904.42621258  4770.20698453  3668.39946034
   971.23576446  1936.31381247  2816.55319429]

Timescales

[ 58360.00107547   4576.7930945    3139.18118908   2946.41330672
   1889.35990456   1689.690654     1553.55093821   1523.80029392
   1464.47304349   1196.17661298   1016.87337847    903.68497857
    867.72797498    811.95339725    625.99108082    615.70786262
    568.93951665]