Metastable sets

[array([13, 54]) array([ 2,  7, 11, 23, 55, 60, 65])
 array([ 9, 48, 61, 66]) array([19]) array([34, 39, 50, 51])
 array([ 0, 18]) array([14]) array([ 1, 28, 42, 63, 64])
 array([ 5, 21, 57, 59]) array([46]) array([ 4,  8, 10, 32, 33, 35, 58])
 array([ 6, 12, 15, 17, 40, 53]) array([25, 31]) array([44, 49])
 array([ 3, 22, 24, 27, 36, 37, 45, 47, 56]) array([26, 29])
 array([38, 41, 52]) array([16, 20, 30, 62]) array([43])]

Stationary distribution

[ 0.00054209  0.05766128  0.02857127  0.00171042  0.02704305  0.00513031
  0.00348474  0.0221989   0.00769591  0.00485755  0.0634777   0.12164162
  0.01895111  0.02805339  0.09512364  0.02972268  0.07533998  0.16741497
  0.2413794 ]

Macrostate lifetimes

[  703.49251351   959.95905821   981.32604472  1250.29442668  1799.78036728
  2963.28031808  1465.53543544  1573.80550136  1161.04011212   909.20810889
  1830.72110573  2616.90131082   987.93836366  4767.49565713  3638.9862627
   967.66278256   905.19664261  1930.42582152  2888.73991265]

Timescales

[ 52649.14286118   4585.61494792   3211.29907553   2947.64081468
   2042.27640622   1878.3270845    1622.88299809   1588.86298561
   1522.11277935   1440.87332151   1202.19406439   1128.63831349
    935.13728961    895.09934033    857.90271809    835.71627217
    634.66593164    615.95014136]