Metastable sets

[array([13, 54]) array([ 2,  7, 23, 55, 60, 65]) array([ 9, 48, 61, 66])
 array([19]) array([34, 39, 50, 51]) array([ 0, 18]) array([14])
 array([ 1, 28, 42, 63, 64]) array([ 5, 21, 57, 59]) array([46])
 array([11, 25]) array([ 4,  8, 10, 32, 33, 35, 58]) array([31])
 array([ 6, 12, 15, 17, 40, 53]) array([44, 49])
 array([ 3, 22, 24, 27, 36, 37, 45, 47, 56]) array([26, 29])
 array([38, 41, 52]) array([16, 20, 30, 62]) array([43])]

Stationary distribution

[ 0.00054132  0.05778264  0.02844649  0.00170436  0.02711279  0.00510691
  0.00346329  0.02210329  0.00771191  0.00483559  0.01257479  0.06338119
  0.01017754  0.12111257  0.02797524  0.09471118  0.02959372  0.07527844
  0.16606208  0.24032467]

Macrostate lifetimes

[  705.9214165    957.70082551   981.32795421  1250.28835516  1715.29509309
  2969.52263582  1461.47105184  1573.43586597  1160.83008362   909.22516715
  1383.1573075   1841.53467788   754.65966089  2616.93951364  4767.15948701
  3638.98668079   967.66216031   904.5549784   1930.95724191  2888.73643473]

Timescales

[ 52927.12869913   4579.99022782   3211.34522781   2956.36669269
   2042.6753055    1834.14208699   1659.06882559   1615.10403383
   1518.32322306   1454.65003559   1370.92031426   1162.18534889
   1007.94757133    932.841406      887.6254749     857.63121656
    722.63559663    627.42285413    617.47070221]