Metastable sets

[array([13, 54]) array([ 2,  7, 23, 55, 60, 65])
 array([15, 17, 40, 48, 53])
 array([ 3,  9, 12, 22, 24, 27, 45, 47, 61, 66]) array([19])
 array([34, 39, 50, 51]) array([ 0, 18]) array([14])
 array([ 1, 28, 42, 63, 64]) array([ 5, 21, 57, 59]) array([46])
 array([11, 25]) array([ 4,  8, 10, 32, 33, 35, 58]) array([31]) array([6])
 array([44, 49]) array([36, 37, 56]) array([26, 29]) array([38, 41, 52])
 array([16, 20, 30, 62]) array([43])]

Stationary distribution

[ 0.00052999  0.05638314  0.06398564  0.03787713  0.00168157  0.02645728
  0.00498346  0.0033791   0.02151115  0.00752528  0.00471176  0.01227036
  0.06184954  0.00993109  0.07355991  0.02729889  0.08477843  0.02839676
  0.0734559   0.16204865  0.23738497]

Macrostate lifetimes

[  705.70899495   957.70020714  1015.41863329  1191.93297052  1250.38323821
  1715.28913763  2969.52542842  1461.68128993  1555.81485559  1160.82600486
   908.66721606  1383.15636999  1841.52309042   754.65845143  4383.36647657
  4767.21439879  4496.90928821   963.92401876   904.55773099  1930.95248405
  2938.03790582]

Timescales

[ 53939.43320132   4580.82585553   4120.30195711   3620.42234799
   2956.36943929   1834.11784842   1655.19786214   1647.77922024
   1524.717483     1478.81159377   1452.19719781   1369.63784719
   1162.07402583   1007.7111879     910.58509388    886.77857624
    727.67861752    722.60586788    627.42256349    617.27445434]