Metastable sets

[array([13, 54]) array([ 2, 23, 55, 60, 65]) array([15, 17, 40, 48, 53])
 array([ 3,  9, 12, 22, 24, 27, 45, 47, 61, 66]) array([19])
 array([34, 39, 50, 51]) array([ 0, 18]) array([49]) array([14])
 array([ 1, 28, 42, 63, 64]) array([ 5, 21, 57, 59]) array([46])
 array([ 7, 11, 25]) array([ 4,  8, 10, 32, 33, 35, 58]) array([31])
 array([6]) array([44]) array([36, 37, 56]) array([26, 29])
 array([16, 20, 30, 62]) array([38, 41, 52]) array([43])]

Stationary distribution

[ 0.00051244  0.05179387  0.06179791  0.03658067  0.00162456  0.0271494
  0.00482683  0.00198214  0.00326726  0.02080168  0.00747978  0.00454729
  0.01418466  0.0606651   0.00947405  0.07104344  0.0557001   0.08188055
  0.02742508  0.15707104  0.07093065  0.22926152]

Macrostate lifetimes

[  706.65455838   915.26842016  1015.45154999  1191.98711477  1250.38080764
  1748.08552319  2969.0069322    403.75393741  1462.46116098  1556.05658375
  1157.19820696   908.62771171  1207.18237182  1840.82328838   757.23554389
  4383.36757088  7195.76275194  4496.91265793   963.92441651  1933.16119655
   902.73223083  2938.05688438]

Timescales

[ 56798.17008666   8809.46540085   4120.45972871   3620.90485582
   2957.15237592   1833.72821593   1651.1541093    1618.4766285
   1526.66269888   1477.93250222   1443.35627      1291.7080047
   1155.07217435    964.44277253    908.84588439    884.43988979
    727.70042958    718.4081452     622.69251765    617.86460368
    395.22906392]