Metastable sets

[array([13, 54]) array([ 2, 23, 55, 60, 65]) array([15, 17, 40, 48, 53])
 array([ 3,  9, 12, 22, 24, 27, 45, 47, 61, 66]) array([49]) array([19])
 array([34, 39, 50, 51]) array([ 0, 18]) array([14])
 array([ 4, 32, 33, 58]) array([ 1, 28, 42, 63, 64])
 array([ 5, 21, 57, 59]) array([46]) array([ 7, 11, 25]) array([31])
 array([6]) array([ 8, 10, 35]) array([44]) array([36, 37, 56])
 array([26, 29]) array([16, 20, 30, 41, 62]) array([38, 52]) array([43])]

Stationary distribution

[ 0.00051452  0.05043475  0.06211055  0.03676927  0.00191751  0.00163215
  0.0270197   0.00470205  0.00313825  0.02328941  0.02115038  0.00728659
  0.00448221  0.01368511  0.00913915  0.0714075   0.04548385  0.05365999
  0.08234084  0.02755289  0.15396111  0.06792742  0.23039482]

Macrostate lifetimes

[  705.98438118   917.31091826  1015.24145852  1191.92565747   403.91002452
  1250.38358656  1740.74091517  2971.10617852  1460.78508511  1823.89719339
  1548.05043649  1152.35619842   908.77004912  1208.98647985   757.40091628
  4383.391092    1305.5861616   7188.08872084  4497.20201095   963.92135358
  1931.88991672   897.89586974  2937.88156394]

Timescales

[ 56158.05786078   8865.21389356   4120.41388454   3620.81259863
   2965.51194237   2178.44636542   1784.56950116   1650.23656355
   1551.33773449   1480.22560699   1445.65529491   1314.3523194
   1159.28963715   1046.11136873    962.50402312    908.21304367
    882.86414189    727.59985797    718.77167131    621.56071058
    617.44622694    395.33571161]