Metastable sets

[array([13, 54]) array([ 2, 23, 55, 60, 65]) array([ 9, 48, 61, 66])
 array([ 3, 22, 24, 27, 45, 47]) array([19]) array([49])
 array([34, 39, 50, 51]) array([ 0, 18]) array([14])
 array([ 1, 28, 42, 63, 64]) array([ 4, 32, 33, 58])
 array([ 5, 21, 57, 59]) array([46]) array([ 7, 11, 25]) array([6])
 array([31]) array([ 8, 10, 35]) array([12, 15, 17, 40, 53]) array([44])
 array([36, 37, 56]) array([26, 29]) array([16, 20, 30, 41, 62])
 array([38, 52]) array([43])]

Stationary distribution

[ 0.00050163  0.04965472  0.02561588  0.01213802  0.00158641  0.00188766
  0.02659733  0.00462855  0.00308975  0.02078523  0.02291572  0.00717328
  0.00443896  0.01347288  0.0872544   0.00899769  0.0447712   0.06768305
  0.05282302  0.07599961  0.02700651  0.15155029  0.06687459  0.22255361]

Macrostate lifetimes

[  705.62617841   917.31674506   974.72009424  1163.65954656  1250.27401871
   403.90799898  1740.7547659   2971.09509096  1460.61450419  1568.10631057
  1823.73559261  1152.35264608   906.68100753  1208.98898729  4525.89676569
   757.40137466  1305.56433911  1458.66615859  7188.07083488  4579.89722703
   957.97052822  1931.8822106    897.89282626  2891.98842288]

Timescales

[ 57667.15450344   8869.16360115   4462.53967432   3754.55816761
   2965.53230734   2178.7579595    1784.72300867   1674.63969883
   1605.91854496   1546.4140506    1445.65354098   1316.02850445
   1159.39595422   1054.11050582   1045.60441829    962.02722755
    894.38217691    874.87536773    816.79480281    718.78591207
    621.55999982    617.24394001    395.33359252]