Metastable sets

[array([34, 39, 44, 46, 49, 50, 51])
 array([ 0,  2,  4,  5,  7,  8, 10, 11, 14, 16, 18, 20, 21, 23, 25, 28, 30,
       31, 32, 33, 35, 38, 41, 52, 55, 57, 58, 59, 60, 62, 64, 65])
 array([ 1,  3,  6,  9, 12, 13, 15, 17, 19, 22, 24, 26, 27, 29, 36, 37, 40,
       42, 43, 45, 47, 48, 53, 54, 56, 61, 63, 66])]

Stationary distribution

[ 0.03934836  0.39709245  0.56355919]

Macrostate lifetimes

[   1872.64744851   25240.13986885  105433.10653496]

Timescales

[ 57927.40893866   1761.87982849]