Metastable sets

[array([ 3, 13, 19, 22, 24, 26, 27, 29, 36, 37, 45, 47, 56, 63])
 array([34, 39, 44, 46, 49, 50, 51])
 array([ 0,  2,  4,  5,  7,  8, 10, 11, 14, 16, 18, 20, 21, 23, 25, 28, 30,
       31, 32, 33, 35, 38, 41, 52, 55, 57, 58, 59, 60, 62, 64, 65])
 array([ 1,  6,  9, 12, 15, 17, 40, 42, 43, 48, 53, 54, 61, 66])]

Stationary distribution

[ 0.08416526  0.03845443  0.3913429   0.48603741]

Macrostate lifetimes

[  1374.89388446   1881.63692995  25232.4777787    7734.75392388]

Timescales

[ 60253.51393421   1769.72224689   1167.13833131]