Metastable sets

[array([13, 19, 29, 54]) array([34, 39, 44, 46, 49, 50, 51])
 array([ 3, 22, 24, 26, 27, 36, 37, 42, 45, 47, 56, 63, 66])
 array([ 1,  6,  9, 12, 15, 17, 40, 43, 48, 53, 61])
 array([ 0,  2,  4,  5,  7,  8, 10, 11, 14, 16, 18, 20, 21, 23, 25, 28, 30,
       31, 32, 33, 35, 38, 41, 52, 55, 57, 58, 59, 60, 62, 64, 65])]

Stationary distribution

[ 0.06069892  0.04027358  0.01864258  0.46938274  0.41100218]

Macrostate lifetimes

[   938.93768967   1905.98812517    578.71123858   7852.77496998
  25227.46253052]

Timescales

[ 60687.64745289   1790.00177818   1167.14113509    476.3702758 ]