Metastable sets

[array([ 2,  5,  7, 11, 21, 23, 25, 31, 54, 55, 60, 65]) array([13, 19])
 array([34, 39, 44, 46, 49, 50, 51])
 array([ 3, 22, 24, 26, 27, 29, 36, 37, 45, 47, 56, 63])
 array([ 1,  6,  9, 12, 15, 17, 40, 42, 43, 48, 53, 61, 66])
 array([ 0,  4,  8, 10, 14, 16, 18, 20, 28, 30, 32, 33, 35, 38, 41, 52, 57,
       58, 59, 62, 64])]

Stationary distribution

[ 0.12566594  0.00310471  0.03900814  0.08070076  0.47413763  0.27738282]

Macrostate lifetimes

[ 1297.08758919  1708.52938564  1908.33917318  1340.39852645  7691.0114274
  2720.58511326]

Timescales

[ 61465.55208021   1796.49074651   1724.26792466   1133.56451336
    888.51077228]