Metastable sets

[array([ 2,  5,  7, 11, 21, 23, 25, 31, 54, 55, 60, 65]) array([13, 19])
 array([34, 39, 44, 46, 49, 50, 51])
 array([ 3, 12, 22, 24, 27, 36, 37, 45, 47, 56]) array([26, 29, 63])
 array([ 1,  6,  9, 15, 17, 40, 42, 43, 48, 53, 61, 66])
 array([ 0,  4,  8, 10, 14, 16, 18, 20, 28, 30, 32, 33, 35, 38, 41, 52, 57,
       58, 59, 62, 64])]

Stationary distribution

[ 0.11248461  0.00340289  0.03490108  0.11069569  0.04571344  0.4445156
  0.24828668]

Macrostate lifetimes

[ 1297.07621918  1730.5038731   1914.77626968  4504.2209149    980.42812324
  7457.60722613  2720.54873477]

Timescales

[ 67664.56145921   3752.49362082   1800.82516148   1728.91865423
    900.26619141    888.50182555]