[[array([ 0.76908958,  0.74471545,  0.82235521,  0.82325268,  0.90307599,
        0.7463122 ,  0.6963433 ,  0.86669201,  0.77827668,  0.72816509], dtype=float32), array([ 0.79140878,  0.75290132,  0.83804655,  0.84995037,  0.83627278,
        0.75981635,  0.71658516,  0.83737016,  0.7717787 ,  0.74547583], dtype=float32), array([ 0.54520798,  0.53639776,  0.60168946,  0.5565716 ,  0.68312722,
        0.56398505,  0.55342245,  0.68133515,  0.57281148,  0.61237031], dtype=float32)], [array([ 0.48848686,  0.56427813,  0.44694087,  0.39004183,  0.62660813,
        0.66525537,  0.51180941,  0.56017143,  0.47267923,  0.36244673], dtype=float32), array([ 0.45270547,  0.59452569,  0.44072217,  0.38270366,  0.58972538,
        0.62985909,  0.50046998,  0.52039635,  0.57115406,  0.41277722], dtype=float32), array([ 0.67695361,  0.72650337,  0.60405993,  0.63746744,  0.70248926,
        0.68883187,  0.63591832,  0.70230293,  0.71760923,  0.67244166], dtype=float32)], [array([ 0.90991032,  0.92835122,  0.89613533,  0.99053407,  0.92396992,
        0.95285404,  0.92963994,  1.03264976,  0.93762326,  0.87614441], dtype=float32), array([ 0.85083604,  0.84985328,  0.78584987,  0.88331729,  0.80419403,
        0.84460551,  0.87113291,  0.91886353,  0.84731627,  0.80173832], dtype=float32), array([ 0.36638376,  0.38751486,  0.38356331,  0.51730579,  0.43017629,
        0.45179966,  0.39061373,  0.511361  ,  0.34043258,  0.35863349], dtype=float32)], [array([ 1.0263468 ,  0.98509318,  1.04552245,  0.96850157,  1.14386237,
        1.00497615,  1.03787351,  1.02437627,  1.03150916,  1.02810633], dtype=float32), array([ 0.94453454,  0.90545881,  0.96316636,  0.92159909,  1.07115901,
        0.87153697,  0.90709263,  0.88166672,  0.96029913,  0.96675074], dtype=float32), array([ 0.69323331,  0.56388098,  0.69117469,  0.63859522,  0.78478545,
        0.58918333,  0.61889482,  0.5780828 ,  0.68957657,  0.6895985 ], dtype=float32)], [array([ 1.05752134,  1.08269119,  1.05430591,  0.82085562,  1.0636425 ,
        1.04563904,  1.05369544,  1.07541502,  1.05623901,  0.92084014], dtype=float32), array([ 1.09721088,  1.03623343,  1.09180963,  0.79012918,  1.10098553,
        1.01535797,  1.07382059,  1.10434222,  1.09308839,  0.8539629 ], dtype=float32), array([ 1.07591355,  0.81649458,  1.03266072,  0.67855352,  1.0548861 ,
        0.77469414,  1.01509058,  1.04769123,  1.0295347 ,  0.76952964], dtype=float32)], [array([ 0.61554331,  0.58108753,  0.68870211,  0.61480302,  0.63066268,
        0.5987832 ,  0.60878533,  0.614317  ,  0.60134077,  0.61919421], dtype=float32), array([ 0.4747223 ,  0.38545188,  0.58078742,  0.42628676,  0.48890686,
        0.44372118,  0.43227059,  0.48925129,  0.41703451,  0.47212359], dtype=float32), array([ 0.8378461 ,  0.80102193,  0.89153278,  0.79354876,  0.8671158 ,
        0.84876651,  0.75294244,  0.87020957,  0.79469037,  0.86065435], dtype=float32)], [array([ 0.99143851,  0.75883126,  0.68886441,  0.98237044,  0.82424957,
        0.66089004,  0.69610608,  0.75822645,  0.96004546,  0.82992214], dtype=float32), array([ 0.94527423,  0.83171046,  0.75080007,  0.94074184,  0.86147267,
        0.66877145,  0.69691265,  0.82257903,  0.91365522,  0.82063937], dtype=float32), array([ 0.7539857 ,  0.58002603,  0.51890624,  0.77210253,  0.52813345,
        0.51156068,  0.57105803,  0.58597267,  0.72785419,  0.52647293], dtype=float32)], [array([ 0.95653743,  0.84093446,  0.90644288,  0.92017579,  0.86056387,
        0.91496563,  0.83529079,  0.85401958,  0.89431393,  0.87221771], dtype=float32), array([ 0.80590516,  0.74264169,  0.76644266,  0.77818853,  0.70869714,
        0.77283722,  0.69979072,  0.7578311 ,  0.75543112,  0.72814512], dtype=float32), array([ 0.66445315,  0.52805537,  0.66324854,  0.64019179,  0.56506383,
        0.64608514,  0.57704735,  0.5279392 ,  0.603095  ,  0.61848027], dtype=float32)], [array([ 0.52192253,  0.55742544,  0.54308587,  0.42655855,  0.51899362,
        0.59760797,  0.53814876,  0.54042906,  0.54923713,  0.50863713], dtype=float32), array([ 0.54010445,  0.57385308,  0.5433954 ,  0.45746803,  0.53448153,
        0.57928997,  0.57070327,  0.54497993,  0.56588805,  0.53738236], dtype=float32), array([ 0.9461298 ,  0.98497212,  0.93566245,  0.88801306,  0.94020921,
        1.01098382,  0.97681326,  0.94902027,  0.9690032 ,  0.96091121], dtype=float32)], [array([ 0.66508877,  0.6110329 ,  0.72941756,  0.63036406,  0.66721541,
        0.67482007,  0.756818  ,  0.83337706,  0.6471768 ,  0.7263729 ], dtype=float32), array([ 0.7132507 ,  0.6438508 ,  0.71530706,  0.69257778,  0.69720042,
        0.70467871,  0.76406044,  0.8175754 ,  0.67717749,  0.77546185], dtype=float32), array([ 0.55129164,  0.56578314,  0.47032189,  0.53375626,  0.54303169,
        0.5019123 ,  0.47533184,  0.51805562,  0.56077415,  0.52842814], dtype=float32)], [array([ 1.01049757,  1.08007395,  1.10506296,  1.05819941,  1.08504128,
        1.08357322,  1.06307995,  1.11708248,  1.10584331,  1.1029923 ], dtype=float32), array([ 1.02851331,  1.03977048,  1.0445435 ,  1.06658924,  1.09849751,
        1.08308327,  1.05654085,  1.11255169,  1.04374635,  1.1101824 ], dtype=float32), array([ 1.04512167,  1.07240176,  1.06887007,  1.0514853 ,  1.09176421,
        1.0746733 ,  1.09424829,  1.08716667,  1.09359014,  1.15555584], dtype=float32)], [array([ 0.45436728,  0.48479849,  0.5395931 ,  0.48141944,  0.49646243,
        0.58304638,  0.53195262,  0.54110557,  0.55635124,  0.53362149], dtype=float32), array([ 0.53375953,  0.57450199,  0.62857902,  0.56821126,  0.53499234,
        0.6429466 ,  0.59494555,  0.58056951,  0.61902535,  0.59269279], dtype=float32), array([ 0.65839338,  0.68104696,  0.73064572,  0.67896831,  0.66004056,
        0.70303363,  0.68741453,  0.7107507 ,  0.70051301,  0.6395629 ], dtype=float32)], [array([ 0.73572731,  0.41662833,  0.78042376,  0.62214065,  0.40616378,
        0.86616868,  0.60377401,  0.64042795,  0.76991177,  0.58248639], dtype=float32), array([ 0.73175412,  0.40825185,  0.7930696 ,  0.62407148,  0.43160209,
        0.85613728,  0.61472893,  0.63545513,  0.7639364 ,  0.50797892], dtype=float32), array([ 0.74728775,  0.78555787,  0.84966338,  0.886953  ,  0.77794039,
        0.75181288,  0.89809424,  0.90579814,  0.72940415,  0.89403433], dtype=float32)], [array([ 0.82084   ,  0.92685521,  0.98805535,  0.9566313 ,  0.93083435,
        0.89074969,  0.85385263,  0.82102185,  0.96749133,  0.9083969 ], dtype=float32), array([ 0.69747347,  0.78631401,  0.85843456,  0.83589333,  0.80400258,
        0.76863414,  0.72626096,  0.69391757,  0.82704473,  0.78255618], dtype=float32), array([ 0.36014268,  0.38485414,  0.55360246,  0.48926613,  0.40086716,
        0.33391577,  0.42194334,  0.40031663,  0.51027352,  0.41765669], dtype=float32)], [array([ 0.7069177 ,  0.71434003,  0.67776126,  0.7101593 ,  0.66706306,
        0.6638903 ,  0.69584966,  0.72686344,  0.61723745,  0.70566463], dtype=float32), array([ 0.75146872,  0.77926069,  0.744232  ,  0.77023095,  0.72331417,
        0.74524182,  0.76344901,  0.76987755,  0.73074704,  0.73989993], dtype=float32), array([ 0.70606482,  0.71814436,  0.72554493,  0.7052359 ,  0.74055332,
        0.74159384,  0.73618013,  0.67778754,  0.78167063,  0.70105141], dtype=float32)], [array([ 0.73904938,  0.72030193,  0.67320234,  0.72372866,  0.74658763,
        0.70444012,  0.72413617,  0.63270998,  0.67268169,  0.75297958], dtype=float32), array([ 0.77709317,  0.75843304,  0.68354726,  0.75939441,  0.72312665,
        0.68074816,  0.69475758,  0.67113268,  0.69904101,  0.77326357], dtype=float32), array([ 0.53658307,  0.53108525,  0.49808192,  0.52994394,  0.4492152 ,
        0.42084464,  0.45819524,  0.56413525,  0.45924965,  0.50900692], dtype=float32)], [array([ 1.14408457,  1.08881402,  1.13024402,  1.02754056,  0.99786168,
        1.01795208,  1.03194773,  1.026986  ,  1.09127808,  1.11802912], dtype=float32), array([ 1.00921249,  0.95733637,  1.00981319,  0.89805454,  0.84892434,
        0.87433332,  0.90137863,  0.88932717,  0.9494611 ,  0.97977597], dtype=float32), array([ 0.76360422,  0.67855406,  0.76735932,  0.66460353,  0.74103016,
        0.74575132,  0.64327765,  0.87459093,  0.67923671,  0.76651365], dtype=float32)], [array([ 0.40529677,  0.49391621,  0.50223076,  0.45508137,  0.50448787,
        0.40821758,  0.51477337,  0.40162477,  0.45345131,  0.56010586], dtype=float32), array([ 0.24653654,  0.43821988,  0.4477405 ,  0.30161092,  0.35610703,
        0.27154958,  0.31051135,  0.24904805,  0.42997524,  0.43976963], dtype=float32), array([ 0.71023887,  0.70320952,  0.70604998,  0.74490935,  0.79365212,
        0.73743242,  0.76203519,  0.70468223,  0.72802728,  0.84587908], dtype=float32)], [array([ 1.09719336,  1.06377554,  1.06146872,  1.07475507,  1.09838736,
        1.04614758,  1.07203758,  1.01242864,  1.1016866 ,  1.06967664], dtype=float32), array([ 0.97241217,  0.93958586,  0.93534213,  0.96422493,  0.97550851,
        0.93102938,  0.95015424,  0.90830541,  0.98276436,  0.94458669], dtype=float32), array([ 0.91104656,  0.56677049,  0.88431239,  0.91796625,  0.92268652,
        0.91188407,  0.92404979,  0.8787989 ,  0.91867107,  0.88884783], dtype=float32)], [array([ 0.81078088,  0.80230951,  0.79392225,  0.8292492 ,  0.80935693,
        0.57163435,  0.80072898,  0.81953055,  0.78214777,  0.56398737], dtype=float32), array([ 0.77181613,  0.77168465,  0.75822628,  0.79837269,  0.77245528,
        0.56380594,  0.7666958 ,  0.80143493,  0.74070263,  0.54031187], dtype=float32), array([ 1.05521965,  1.06398356,  1.05941367,  1.08451879,  1.05642855,
        0.97111654,  1.07349908,  1.11343372,  1.04361784,  0.95183581], dtype=float32)], [array([ 0.61585975,  0.59840173,  0.58870816,  0.60986215,  0.55647808,
        0.67945176,  0.65082002,  0.56593019,  0.6411913 ,  0.62081879], dtype=float32), array([ 0.62170976,  0.58019531,  0.54726762,  0.57543802,  0.53243166,
        0.61272544,  0.60111159,  0.53275603,  0.58510137,  0.5670014 ], dtype=float32), array([ 0.81565863,  0.82001364,  0.72896963,  0.73202026,  0.70515507,
        0.73614532,  0.72555965,  0.88366586,  0.71107119,  0.70763308], dtype=float32)], [array([ 0.92930233,  0.88842708,  0.75701755,  0.86014515,  0.8138172 ,
        0.83769244,  0.88810962,  0.84222239,  0.84684765,  0.93226719], dtype=float32), array([ 0.80400336,  0.77156883,  0.68294698,  0.76621252,  0.72953421,
        0.68106341,  0.77115703,  0.71582884,  0.74224114,  0.80343997], dtype=float32), array([ 0.48362562,  0.40712494,  0.41320851,  0.41599771,  0.3911193 ,
        0.43487784,  0.43558115,  0.44602108,  0.39979896,  0.48296279], dtype=float32)], [array([ 0.80777591,  0.8356626 ,  0.67498118,  0.74308997,  0.87342578,
        0.83733797,  0.74485487,  0.68233329,  0.80241334,  0.72662926], dtype=float32), array([ 0.84276855,  0.83534956,  0.76665759,  0.75489914,  0.87846351,
        0.8765471 ,  0.7654379 ,  0.76193768,  0.80485547,  0.77061129], dtype=float32), array([ 0.67809993,  0.65235966,  0.54723144,  0.58000565,  0.65339273,
        0.6680522 ,  0.60604978,  0.50307888,  0.63450456,  0.75016701], dtype=float32)], [array([ 0.41354287,  0.48970696,  0.4109084 ,  0.47077349,  0.45217562,
        0.42157218,  0.45804939,  0.44291419,  0.49361095,  0.43562922], dtype=float32), array([ 0.41026095,  0.53538531,  0.41776145,  0.53547847,  0.4622131 ,
        0.43835807,  0.52283198,  0.47965401,  0.53427589,  0.43681183], dtype=float32), array([ 0.66713053,  0.6801796 ,  0.66179478,  0.68850845,  0.64724213,
        0.60229683,  0.73671615,  0.69857961,  0.70431828,  0.64166993], dtype=float32)], [array([ 1.00998223,  0.99180824,  1.02167869,  0.99083841,  1.10493922,
        1.01137471,  1.00103652,  1.01733911,  1.03495288,  1.02221298], dtype=float32), array([ 1.02977252,  1.00339746,  1.03381622,  0.99444067,  1.08146667,
        1.02339327,  1.0182296 ,  1.01271832,  1.0454886 ,  1.03053689], dtype=float32), array([ 1.11253226,  1.10716569,  1.12988448,  1.10039818,  1.10925031,
        1.13787651,  1.11677349,  1.09160161,  1.13461351,  1.11335909], dtype=float32)], [array([ 0.9118188 ,  0.8866592 ,  0.98125374,  0.84052968,  0.80035192,
        0.83695489,  0.87609136,  0.86087215,  0.8793667 ,  0.78933561], dtype=float32), array([ 0.78229213,  0.80407375,  0.84945786,  0.74699122,  0.70553297,
        0.75777096,  0.75531685,  0.80512565,  0.80985588,  0.67982996], dtype=float32), array([ 0.63042128,  0.54240268,  0.64147729,  0.57768863,  0.64750201,
        0.3946054 ,  0.49518663,  0.41895404,  0.41724619,  0.47029987], dtype=float32)], [array([ 1.13391435,  1.15162253,  1.0506978 ,  1.13505685,  1.15004587,
        1.13187039,  1.09460974,  1.09443152,  1.05687106,  1.10576928], dtype=float32), array([ 1.10060632,  1.12297606,  1.02773333,  1.10348415,  1.114645  ,
        1.09897411,  1.05690408,  1.05324852,  1.02192628,  1.06414747], dtype=float32), array([ 1.18100691,  1.23647165,  1.19181991,  1.25353956,  1.29336011,
        1.25067818,  1.22633147,  1.18779922,  1.16535437,  1.22624874], dtype=float32)], [array([ 1.15869784,  1.04908824,  1.0869472 ,  1.01466393,  1.10066926,
        1.05339098,  0.98052168,  1.06021607,  1.02824163,  1.03862643], dtype=float32), array([ 1.01839471,  0.90149283,  0.96443874,  0.89232945,  0.95142621,
        0.91633666,  0.83766037,  0.92829305,  0.88364679,  0.91231424], dtype=float32), array([ 0.62646002,  0.4895404 ,  0.67882437,  0.63526094,  0.54704034,
        0.54992312,  0.45568821,  0.50368702,  0.48188424,  0.62523502], dtype=float32)], [array([ 1.0076257 ,  1.18010139,  1.07040596,  1.0927161 ,  1.06974649,
        1.16058552,  1.13930678,  1.06878006,  1.13021255,  1.12863278], dtype=float32), array([ 0.93650204,  1.04536879,  0.92002034,  0.95678997,  0.98020512,
        1.01084769,  0.99141562,  0.92173952,  0.98713577,  0.98044139], dtype=float32), array([ 0.4039011 ,  0.59706926,  0.63350755,  0.66559976,  0.76569271,
        0.68707913,  0.70994079,  0.63514721,  0.63861865,  0.68950117], dtype=float32)], [array([ 0.44313636,  0.63611424,  0.50566602,  0.48204139,  0.70452249,
        0.6591118 ,  0.50323844,  0.7070123 ,  0.66561288,  0.48465049], dtype=float32), array([ 0.5186348 ,  0.57623732,  0.54606289,  0.5298506 ,  0.65675098,
        0.58460784,  0.54375672,  0.63001972,  0.61664474,  0.54132617], dtype=float32), array([ 0.64748919,  0.798572  ,  0.61672503,  0.64879084,  0.89260644,
        0.75472629,  0.62137938,  0.71960777,  0.81004608,  0.5755837 ], dtype=float32)], [array([ 0.76139104,  0.86017174,  0.80555701,  0.82192278,  0.77013266,
        0.71477073,  0.79130322,  0.87281144,  0.86299008,  0.81187582], dtype=float32), array([ 0.77891839,  0.80017436,  0.83075172,  0.7685405 ,  0.76257825,
        0.73974651,  0.73965526,  0.79873538,  0.78924626,  0.81105512], dtype=float32), array([ 0.39968953,  0.50978363,  0.44187006,  0.52633291,  0.37722638,
        0.40822241,  0.51668763,  0.56682611,  0.55641448,  0.40473005], dtype=float32)], [array([ 0.6899786 ,  0.7429803 ,  0.65129012,  0.75651681,  0.70027035,
        0.83056056,  0.75637585,  0.7055921 ,  0.80897468,  0.82828391], dtype=float32), array([ 0.72782695,  0.79690248,  0.65817899,  0.80762112,  0.75305063,
        0.87500179,  0.72199845,  0.74671936,  0.80979514,  0.86417145], dtype=float32), array([ 0.64394206,  0.59291071,  0.68604833,  0.71593446,  0.68353939,
        0.8211326 ,  0.60087043,  0.57380956,  0.75279468,  0.73486054], dtype=float32)], [array([ 0.87624174,  1.00802243,  0.79355866,  1.04713297,  0.99892825,
        1.05661631,  0.97922945,  0.99924958,  1.07726014,  0.99939483], dtype=float32), array([ 0.78127325,  0.90216208,  0.69123197,  0.93840909,  0.89643914,
        0.95232964,  0.96200538,  0.99178809,  0.97465765,  0.89334387], dtype=float32), array([ 0.70360398,  0.70742089,  0.63417816,  0.75456041,  0.72347128,
        0.78484994,  0.62151486,  0.6635049 ,  0.75049168,  0.73889315], dtype=float32)], [array([ 1.17448056,  1.14349997,  1.03470683,  1.17631114,  1.14558923,
        1.18501747,  1.07471609,  0.99230319,  1.15618765,  1.13400137], dtype=float32), array([ 1.05580604,  1.02665806,  0.88678944,  1.05619776,  1.03729057,
        1.06596041,  0.97699124,  0.85215348,  1.03698909,  1.02110124], dtype=float32), array([ 0.89978105,  0.83106261,  0.76853842,  0.88107461,  0.82676923,
        0.8828311 ,  0.75217533,  0.71171677,  0.84126627,  0.86210859], dtype=float32)], [array([ 0.91744065,  1.15419364,  1.12667263,  1.10332716,  1.08186805,
        1.00296283,  1.11376643,  1.12252808,  1.10178578,  1.01688254], dtype=float32), array([ 0.77961445,  1.01433468,  1.07491481,  1.04211879,  1.03511894,
        0.86353153,  0.95856774,  0.97409517,  0.95489788,  0.90008557], dtype=float32), array([ 0.53292662,  0.57010686,  0.85892463,  0.8355208 ,  0.8205114 ,
        0.53132796,  0.6278863 ,  0.60578215,  0.55178159,  0.55633527], dtype=float32)], [array([ 0.36772692,  0.37284249,  0.48886004,  0.46410894,  0.45495468,
        0.48247999,  0.45358661,  0.48293748,  0.52351934,  0.52983612], dtype=float32), array([ 0.49164206,  0.51420307,  0.53986841,  0.55686355,  0.56546479,
        0.57527483,  0.57648212,  0.58771938,  0.56641591,  0.58870298], dtype=float32), array([ 0.91910988,  0.70996869,  0.9841013 ,  0.89570004,  0.74691379,
        0.98564911,  0.79679835,  0.98101783,  0.76807207,  0.82782584], dtype=float32)], [array([ 0.67838877,  0.6742484 ,  0.6899296 ,  0.6294018 ,  0.67112494,
        0.63573343,  0.80574518,  0.72990054,  0.5917446 ,  0.68360919], dtype=float32), array([ 0.65660602,  0.61880779,  0.64863175,  0.58949584,  0.63814378,
        0.62132066,  0.76906371,  0.64006853,  0.55183631,  0.64309496], dtype=float32), array([ 0.86897755,  0.80445337,  0.82129252,  0.81963247,  0.83968425,
        0.87294763,  0.69091487,  0.82865554,  0.7994839 ,  0.90597779], dtype=float32)], [array([ 0.7254495 ,  0.95148182,  0.95029157,  0.9742254 ,  1.01845562,
        1.00941944,  1.03665745,  1.08804309,  0.86794508,  1.0207305 ], dtype=float32), array([ 0.63196921,  0.88846874,  0.86854154,  0.81413531,  0.858473  ,
        0.93605196,  0.98788399,  0.99715358,  0.7049014 ,  0.89173961], dtype=float32), array([ 0.61792994,  0.58227974,  0.79812223,  0.63052773,  0.82228601,
        0.60885608,  0.66604125,  0.88159674,  0.78118265,  0.78313875], dtype=float32)], [array([ 0.88191819,  0.80937672,  0.82832146,  0.83958507,  0.85199881,
        0.83617151,  0.89397562,  0.79582208,  0.86304444,  0.79446864], dtype=float32), array([ 0.87318188,  0.80461293,  0.84495318,  0.82910091,  0.84956783,
        0.83089221,  0.86943024,  0.77430779,  0.84753174,  0.75400198], dtype=float32), array([ 0.47977963,  0.42039749,  0.48169711,  0.43388683,  0.44937941,
        0.44456258,  0.4374221 ,  0.39467677,  0.43906313,  0.3620089 ], dtype=float32)], [array([ 0.89119744,  0.73985881,  0.86324453,  0.71955478,  0.7624954 ,
        0.78352314,  0.80328244,  0.76855463,  0.72216791,  0.78767306], dtype=float32), array([ 0.85601115,  0.79022861,  0.82681781,  0.7580896 ,  0.81357425,
        0.83237302,  0.84461367,  0.80996656,  0.75572324,  0.83554167], dtype=float32), array([ 0.57729292,  0.59279484,  0.52751702,  0.54960352,  0.54631162,
        0.52126056,  0.50928593,  0.52099848,  0.55328107,  0.5274148 ], dtype=float32)], [array([ 0.54446948,  0.47469351,  0.47632003,  0.44499084,  0.4775317 ,
        0.42448989,  0.49268267,  0.56035602,  0.49355742,  0.45971903], dtype=float32), array([ 0.39195362,  0.30306873,  0.33524665,  0.31689337,  0.37414399,
        0.31263402,  0.35659456,  0.3839258 ,  0.33145192,  0.33046064], dtype=float32), array([ 0.82421046,  0.76464903,  0.77553254,  0.78271729,  0.80308062,
        0.81771529,  0.77453774,  0.82256639,  0.78060323,  0.82237273], dtype=float32)], [array([ 0.82407731,  0.49652442,  0.52264971,  0.53637224,  0.70125908,
        0.48497039,  0.55445439,  0.5613777 ,  0.55401719,  0.54004914], dtype=float32), array([ 0.68224883,  0.33858678,  0.31043899,  0.30988297,  0.53633583,
        0.30750251,  0.32510912,  0.37266451,  0.32416162,  0.37832683], dtype=float32), array([ 0.75824797,  0.67044985,  0.62841821,  0.64105886,  0.68374419,
        0.72119427,  0.68780673,  0.58034855,  0.65703416,  0.77332205], dtype=float32)], [array([ 1.14064455,  0.99589455,  1.0618434 ,  1.01580381,  1.02108431,
        1.01393914,  0.88945782,  1.03939474,  1.04791307,  1.19082284], dtype=float32), array([ 1.06042707,  0.88944834,  0.95478928,  0.91956699,  0.9100638 ,
        0.88380647,  0.78516245,  0.9396807 ,  0.95329767,  1.06287432], dtype=float32), array([ 0.91351068,  0.68872225,  0.81341118,  0.78851569,  0.76040566,
        0.76292473,  0.71618235,  0.78263044,  0.8155573 ,  0.99737489], dtype=float32)], [array([ 0.58299625,  0.66402578,  0.70811301,  0.65224719,  0.51858914,
        0.67175031,  0.63764226,  0.5873667 ,  0.57726002,  0.57865793], dtype=float32), array([ 0.49547732,  0.56946898,  0.60687566,  0.53915066,  0.50657952,
        0.55516917,  0.60893738,  0.4826048 ,  0.47716641,  0.52554446], dtype=float32), array([ 0.51868838,  0.59029841,  0.62918228,  0.64111596,  0.55137581,
        0.68836445,  0.52240986,  0.60698223,  0.65468144,  0.46096489], dtype=float32)], [array([ 0.66806042,  0.64976519,  0.62480175,  0.69930518,  0.66571021,
        0.59556627,  0.69815075,  0.59442347,  0.54398662,  0.63597918], dtype=float32), array([ 0.48569459,  0.47158694,  0.43340069,  0.64373541,  0.46517962,
        0.43130744,  0.49735028,  0.39013988,  0.50163037,  0.56054121], dtype=float32), array([ 0.8103888 ,  0.76546901,  0.81482238,  0.71555501,  0.78234321,
        0.82860082,  0.82772994,  0.77581877,  0.7755549 ,  0.64828849], dtype=float32)], [array([ 0.71278274,  0.69143772,  0.65784752,  0.67573798,  0.63820499,
        0.65217268,  0.65420151,  0.6011067 ,  0.62282521,  0.67220306], dtype=float32), array([ 0.68461186,  0.65276974,  0.62674379,  0.66482013,  0.6208998 ,
        0.6282329 ,  0.6281175 ,  0.58742499,  0.59634346,  0.66167259], dtype=float32), array([ 0.86809778,  0.52722806,  0.85261238,  0.87850618,  0.84834749,
        0.83809012,  0.87573504,  0.77712214,  0.8199442 ,  0.88330674], dtype=float32)], [array([ 1.04483342,  1.12036765,  1.09640014,  0.88779891,  1.1646961 ,
        1.07959163,  1.09825969,  1.18153811,  1.08151662,  1.05370426], dtype=float32), array([ 0.96247423,  1.04272342,  1.01004374,  0.77602559,  1.07170045,
        0.99940705,  0.97683966,  1.09128857,  0.98554122,  0.97273278], dtype=float32), array([ 0.52088141,  0.61068797,  0.58221072,  0.49557507,  0.6199854 ,
        0.57083756,  0.75981075,  0.65706491,  0.54365903,  0.84529465], dtype=float32)], [array([ 0.69105589,  0.65395695,  0.74751049,  0.69889975,  0.69524062,
        0.69529778,  0.69819969,  0.67504609,  0.70381355,  0.67689651], dtype=float32), array([ 0.57374078,  0.57708991,  0.61663586,  0.58806956,  0.58620781,
        0.58147818,  0.59655821,  0.55775994,  0.5879457 ,  0.56805307], dtype=float32), array([ 0.37046707,  0.38298497,  0.38589808,  0.37096918,  0.36823171,
        0.36903137,  0.40363729,  0.37492812,  0.40123126,  0.40960979], dtype=float32)], [array([ 0.41181603,  0.43946227,  0.42710519,  0.4008047 ,  0.41628277,
        0.41462633,  0.45494291,  0.401366  ,  0.40994084,  0.41458914], dtype=float32), array([ 0.52903682,  0.55223691,  0.54856527,  0.52270108,  0.53974015,
        0.54106402,  0.58240956,  0.52518255,  0.5393756 ,  0.52923125], dtype=float32), array([ 0.8441875 ,  0.86236733,  0.87642378,  0.84280229,  0.84598726,
        0.85919446,  0.90783381,  0.84132057,  0.86334687,  0.83910048], dtype=float32)], [array([ 0.67307305,  0.54011482,  0.618101  ,  0.45178673,  0.55436802,
        0.62653893,  0.6449877 ,  0.59498012,  0.67085093,  0.56823343], dtype=float32), array([ 0.64516354,  0.52440834,  0.59431881,  0.41437027,  0.56876385,
        0.54596794,  0.60753357,  0.59485579,  0.6258086 ,  0.53384376], dtype=float32), array([ 0.82292277,  0.75854802,  0.74772602,  0.72509843,  0.61316645,
        0.70203733,  0.76808667,  0.84636664,  0.7365815 ,  0.67176509], dtype=float32)], [array([ 1.09712732,  1.11153412,  1.10763586,  1.12416327,  1.13507891,
        1.11761689,  1.14427447,  1.12715471,  1.12639439,  1.17372   ], dtype=float32), array([ 1.07300007,  1.08183265,  1.08548582,  1.09266675,  1.10108054,
        1.08957255,  1.1086036 ,  1.09216332,  1.09756994,  1.13650525], dtype=float32), array([ 1.15135264,  1.16684079,  1.16665661,  1.15434051,  0.86864406,
        1.15666687,  0.86860383,  1.14386952,  1.14948595,  0.89751405], dtype=float32)], [array([ 1.12352788,  1.12900257,  1.13882816,  1.02325249,  1.19930148,
        0.96460277,  1.11034846,  0.9922787 ,  1.10326207,  1.09604502], dtype=float32), array([ 1.07754219,  1.08177924,  1.10528934,  0.96819574,  1.1496073 ,
        0.89134622,  1.08009601,  0.91927916,  1.08320796,  1.06919825], dtype=float32), array([ 0.86194861,  0.86075026,  1.16484308,  0.8156777 ,  1.19255245,
        0.80765074,  1.12543738,  0.80855447,  1.15731549,  1.15442669], dtype=float32)], [array([ 0.95933777,  1.01181424,  1.00972033,  0.91816652,  0.91656685,
        1.05744791,  0.99779904,  0.89410442,  0.99253392,  0.92056364], dtype=float32), array([ 0.88519108,  0.90949661,  0.89376616,  0.79541773,  0.77336842,
        0.92133343,  0.85167789,  0.78425729,  0.92291909,  0.79859298], dtype=float32), array([ 0.62547171,  0.48308089,  0.46147412,  0.46709511,  0.40464178,
        0.49717826,  0.41688737,  0.38031459,  0.63409948,  0.38169551], dtype=float32)], [array([ 1.12321246,  1.14942026,  0.85687733,  1.06152987,  0.75717771,
        1.11411178,  1.29685712,  1.05855501,  1.13828921,  1.05260611], dtype=float32), array([ 1.00338113,  1.01938331,  0.7784335 ,  0.93542814,  0.64167672,
        1.02788532,  1.18502426,  0.96880507,  0.96389574,  0.94784194], dtype=float32), array([ 0.70570713,  0.73870158,  0.75793332,  0.47638085,  0.85104591,
        0.60215497,  0.89853871,  0.58485377,  0.60830706,  0.56842494], dtype=float32)], [array([ 1.08456933,  0.98380166,  1.03500557,  1.00371385,  1.02078688,
        0.97356743,  1.07029843,  0.95415735,  1.03405964,  1.11268616], dtype=float32), array([ 1.04496539,  1.00711012,  1.00457597,  0.97750342,  0.98395944,
        1.00207806,  1.03146362,  0.98569864,  1.00158274,  1.07824087], dtype=float32), array([ 0.79912233,  0.98347127,  0.81259465,  0.82011068,  0.82763892,
        0.98747629,  0.79863626,  0.97639835,  0.82301742,  0.84797716], dtype=float32)], [array([ 0.95130569,  1.07877612,  1.2674228 ,  1.08750081,  1.01207745,
        1.05694306,  1.09809852,  0.9943909 ,  1.00547886,  1.09745944], dtype=float32), array([ 0.88650763,  1.04266858,  1.23205042,  1.03729296,  0.9690277 ,
        1.0024457 ,  1.04738224,  0.92983961,  0.94650799,  1.04180813], dtype=float32), array([ 1.01564574,  1.01955354,  1.0493921 ,  1.13072252,  1.08453822,
        1.0517807 ,  1.04347908,  1.02882707,  1.05265307,  1.11002922], dtype=float32)], [array([ 0.98994762,  0.96623713,  0.97710276,  0.98641962,  0.93406838,
        0.97832531,  0.92983288,  1.13067687,  1.05295241,  1.0383848 ], dtype=float32), array([ 1.03511393,  1.00566638,  1.01444733,  1.02256203,  0.97866142,
        1.01900971,  0.96822792,  1.16228747,  1.10330844,  1.07760596], dtype=float32), array([ 0.99929589,  0.95296335,  0.93000615,  0.9831571 ,  0.93240893,
        0.94424462,  0.89341867,  1.00592363,  1.06166279,  1.01022255], dtype=float32)], [array([ 0.78229135,  0.92543709,  0.90703809,  0.89255351,  0.78354234,
        0.93530524,  0.78188723,  0.76863307,  0.86674845,  0.74610698], dtype=float32), array([ 0.70937103,  0.81508195,  0.78171706,  0.77651632,  0.67069799,
        0.82669806,  0.69927168,  0.69392395,  0.75681728,  0.64901638], dtype=float32), array([ 0.68982613,  0.46692014,  0.44343749,  0.41734204,  0.39331403,
        0.57103425,  0.33077326,  0.69868308,  0.42965356,  0.4025799 ], dtype=float32)], [array([ 0.9327119 ,  0.82662499,  0.93709868,  1.02020991,  0.8887167 ,
        0.87123966,  0.92671061,  0.89428377,  0.62227589,  0.94541854], dtype=float32), array([ 0.89407563,  0.74877632,  0.84512585,  0.85032761,  0.85503888,
        0.80459476,  0.83707088,  0.79200649,  0.5482803 ,  0.89538085], dtype=float32), array([ 0.57162231,  0.54957372,  0.69799018,  0.68583101,  0.66193527,
        0.50828582,  0.65070915,  0.41934991,  0.84708446,  0.53342199], dtype=float32)], [array([ 0.78773767,  0.78146815,  0.73710716,  0.80297077,  0.84361029,
        0.68267649,  0.66353261,  0.84913892,  0.65758026,  0.75456512], dtype=float32), array([ 0.80318236,  0.75065273,  0.78718412,  0.80758053,  0.82952189,
        0.75208801,  0.65135777,  0.83840394,  0.74356067,  0.73442006], dtype=float32), array([ 0.63332659,  0.48188779,  0.48133582,  0.62908679,  0.66231811,
        0.51882613,  0.58315939,  0.65033799,  0.54003716,  0.50490236], dtype=float32)], [array([ 0.8965885 ,  0.91174525,  0.7932741 ,  0.92671376,  0.96080184,
        0.83401674,  0.9112106 ,  0.90382451,  0.88155609,  0.87976146], dtype=float32), array([ 0.80064225,  0.841488  ,  0.69830859,  0.83763778,  0.86089051,
        0.77862966,  0.84241253,  0.85225892,  0.82098925,  0.81238943], dtype=float32), array([ 0.59901792,  0.88591886,  0.61247826,  0.64140737,  0.64971024,
        0.5751577 ,  0.61063701,  0.62030435,  0.57585853,  0.58126903], dtype=float32)], [array([ 1.01562536,  1.04104483,  1.03258336,  1.00487936,  1.02763152,
        1.0306586 ,  0.98564148,  1.01055467,  1.02116203,  1.02444053], dtype=float32), array([ 0.96468997,  0.99566275,  0.98125643,  0.95165408,  0.98643708,
        0.97979462,  0.94172889,  0.98619586,  0.97250944,  0.98861569], dtype=float32), array([ 0.97604829,  0.99749136,  0.97594941,  0.94734973,  0.95879489,
        0.96865082,  0.94194341,  0.96142572,  0.95928788,  0.95137787], dtype=float32)], [array([ 0.74313444,  0.7301572 ,  0.74505526,  0.80906326,  0.72411984,
        0.87381428,  0.76931125,  0.75052977,  0.80603176,  0.88384879], dtype=float32), array([ 0.69519538,  0.67531931,  0.69685078,  0.75201672,  0.69445997,
        0.73967141,  0.72255719,  0.71313488,  0.73463064,  0.75688702], dtype=float32), array([ 0.38180149,  0.36171067,  0.37123531,  0.39462757,  0.40599924,
        0.3473044 ,  0.39211845,  0.40621662,  0.3581993 ,  0.34248495], dtype=float32)], [array([ 0.52116567,  0.54333419,  0.48860678,  0.46503767,  0.51780993,
        0.45195928,  0.48397112,  0.59404606,  0.31344512,  0.50721121], dtype=float32), array([ 0.55452633,  0.550264  ,  0.50705713,  0.50637209,  0.50840092,
        0.43349168,  0.44101632,  0.58374792,  0.37245992,  0.51300579], dtype=float32), array([ 0.88414997,  0.91314751,  0.83659559,  0.85893536,  0.87657684,
        0.8384611 ,  0.82572389,  0.93419826,  0.85437942,  0.86140984], dtype=float32)], [array([ 0.9906342 ,  0.95418972,  0.95849562,  1.07733381,  1.01025963,
        1.04995596,  1.09559953,  0.98857909,  0.96741927,  0.96048719], dtype=float32), array([ 0.91819334,  0.85829163,  0.8859517 ,  0.99374807,  0.93349135,
        0.97588789,  1.00417638,  0.87293148,  0.89720821,  0.85079598], dtype=float32), array([ 0.49736232,  0.40172753,  0.48640147,  0.61194485,  0.51628304,
        0.56003964,  0.62464881,  0.53017735,  0.55089766,  0.56312615], dtype=float32)], [array([ 0.73410958,  0.49401376,  0.63784361,  0.68587601,  0.65420437,
        0.6960994 ,  0.67448312,  0.64005142,  0.52511179,  0.62472343], dtype=float32), array([ 0.56127512,  0.28119823,  0.46380126,  0.52150685,  0.50280529,
        0.5245263 ,  0.55236357,  0.46147612,  0.29506531,  0.46783021], dtype=float32), array([ 0.81131643,  0.72861773,  0.77550608,  0.78193301,  0.84432042,
        0.84877557,  0.86599809,  0.81850439,  0.74735343,  0.81896693], dtype=float32)], [array([ 0.41422895,  0.41167748,  0.41609514,  0.37782407,  0.5410378 ,
        0.50161892,  0.38394883,  0.46264401,  0.435146  ,  0.46511099], dtype=float32), array([ 0.36883479,  0.37688845,  0.41611984,  0.32444549,  0.50176507,
        0.48047483,  0.30589992,  0.35470885,  0.36072066,  0.33365944], dtype=float32), array([ 0.85877937,  0.85556602,  0.85001999,  0.81487983,  0.73519468,
        0.76268309,  0.80067199,  0.85901487,  0.82540637,  0.83840448], dtype=float32)], [array([ 0.44477898,  0.31136665,  0.78120857,  0.41105595,  0.53513318,
        0.59496272,  0.83425027,  0.61196834,  0.60533732,  0.58928424], dtype=float32), array([ 0.52670747,  0.40760329,  0.7892558 ,  0.51308775,  0.62549984,
        0.68333268,  0.83457506,  0.71097797,  0.7134338 ,  0.70449829], dtype=float32), array([ 0.84426981,  0.80111289,  0.49392301,  0.81104094,  0.74018615,
        0.76364654,  0.43816629,  0.80831379,  0.78271329,  0.76742655], dtype=float32)], [array([ 0.95934987,  0.98248863,  0.95523977,  1.11803305,  0.99840528,
        1.11431706,  0.90855205,  0.96205431,  0.91804022,  0.95930904], dtype=float32), array([ 0.8794347 ,  0.83899403,  0.82796615,  1.00716519,  0.85622412,
        0.99381506,  0.79793853,  0.88462692,  0.79391205,  0.81949168], dtype=float32), array([ 0.79213434,  0.60774493,  0.57613307,  0.78611213,  0.60899901,
        0.78855276,  0.57819402,  0.790999  ,  0.5787096 ,  0.59003067], dtype=float32)], [array([ 1.34601831,  1.33581948,  1.3702352 ,  1.33594859,  1.35445476,
        1.35626721,  1.33640635,  1.4121815 ,  1.27158809,  1.36077511], dtype=float32), array([ 1.3138063 ,  1.30078626,  1.32674217,  1.3011775 ,  1.31698132,
        1.31097555,  1.30000222,  1.37463093,  1.22627509,  1.31844521], dtype=float32), array([ 1.24268579,  1.24410629,  1.25702238,  1.22710848,  1.23740995,
        1.25893164,  1.23961926,  1.29671049,  1.16610134,  1.24434781], dtype=float32)], [array([ 0.58600837,  0.657323  ,  0.6925717 ,  0.64687508,  0.60096174,
        0.65616643,  0.63066339,  0.60221022,  0.59920305,  0.65130895], dtype=float32), array([ 0.40472877,  0.58902818,  0.58331418,  0.53504097,  0.56382406,
        0.56886458,  0.54881513,  0.52378321,  0.44335493,  0.55720866], dtype=float32), array([ 0.77132761,  0.94949967,  0.91264868,  0.90156901,  0.90654629,
        0.89973581,  0.90094495,  0.92105144,  0.84146261,  0.90632021], dtype=float32)], [array([ 0.69499117,  0.76453054,  0.79118186,  0.7664361 ,  0.70594847,
        0.71096283,  0.75272274,  0.75456899,  0.72828031,  0.73657078], dtype=float32), array([ 0.71395081,  0.75574857,  0.78194261,  0.77005589,  0.73722309,
        0.73129439,  0.74591464,  0.75026423,  0.7336725 ,  0.73151171], dtype=float32), array([ 0.48794293,  0.46525696,  0.58908921,  0.58752304,  0.49689993,
        0.49653679,  0.49924505,  0.4133307 ,  0.46604005,  0.49718297], dtype=float32)], [array([ 0.65097755,  0.65118825,  0.58729869,  0.55931932,  0.57702178,
        0.62531465,  0.66457635,  0.66998142,  0.62342626,  0.6098209 ], dtype=float32), array([ 0.60634291,  0.60875106,  0.5786922 ,  0.54736418,  0.56976092,
        0.59186459,  0.6253863 ,  0.63069201,  0.59643304,  0.59541559], dtype=float32), array([ 0.64886957,  0.73514563,  0.81022817,  0.76166326,  0.78704822,
        0.71312684,  0.79814905,  0.72725707,  0.7591446 ,  0.76987594], dtype=float32)], [array([ 0.7655983 ,  0.98614091,  1.01928282,  1.03977466,  0.85519534,
        0.72902238,  0.88883632,  0.7327984 ,  1.03884709,  1.05597341], dtype=float32), array([ 0.65728718,  0.81229895,  0.84689724,  0.88283479,  0.7358495 ,
        0.62596726,  0.77956742,  0.63258487,  0.88776535,  0.93463981], dtype=float32), array([ 0.36040547,  0.54890829,  0.58264613,  0.56644601,  0.30936554,
        0.35273284,  0.35091534,  0.37112865,  0.52493984,  0.5090307 ], dtype=float32)], [array([ 0.96296191,  0.95185751,  1.04875529,  0.91225863,  0.65201944,
        0.80779785,  0.97344261,  0.58082169,  0.74037492,  0.60202092], dtype=float32), array([ 0.77804333,  0.77710164,  0.87242925,  0.73115921,  0.43587589,
        0.66980004,  0.80300844,  0.35885051,  0.6230489 ,  0.3959094 ], dtype=float32), array([ 0.98798007,  1.01672173,  1.03120553,  0.95250022,  0.73558235,
        0.62952805,  0.98902279,  0.70966595,  0.66312027,  0.7462669 ], dtype=float32)], [array([ 0.75267023,  0.74601704,  0.78678453,  0.75929731,  0.85250241,
        0.78498995,  0.77570003,  0.76328564,  0.76615852,  0.78880537], dtype=float32), array([ 0.72679079,  0.65820181,  0.74132693,  0.6819002 ,  0.76836991,
        0.74941009,  0.71367902,  0.67794174,  0.72609353,  0.73450285], dtype=float32), array([ 0.53718764,  0.52814579,  0.57041776,  0.56373   ,  0.64470595,
        0.54471189,  0.55969399,  0.48507875,  0.50731015,  0.60748827], dtype=float32)], [array([ 0.39019114,  0.33143881,  0.59901315,  0.41317981,  0.60269195,
        0.57403332,  0.58682042,  0.45173877,  0.57877624,  0.59053159], dtype=float32), array([ 0.50298345,  0.43296212,  0.59513038,  0.5498811 ,  0.593674  ,
        0.5858416 ,  0.59184718,  0.47459444,  0.57835311,  0.58882308], dtype=float32), array([ 0.84675372,  0.72254461,  1.01335943,  0.88007957,  1.01479912,
        1.00494623,  1.02037752,  0.79546237,  0.99485111,  1.00755453], dtype=float32)], [array([ 0.73456079,  0.70383412,  0.80677843,  0.7182408 ,  0.77652091,
        0.79361117,  0.74914747,  0.74228859,  0.69071972,  0.71650428], dtype=float32), array([ 0.71294945,  0.69992638,  0.8420679 ,  0.74413663,  0.75075185,
        0.78541535,  0.7509771 ,  0.7310316 ,  0.73354584,  0.74780113], dtype=float32), array([ 0.52525192,  0.47700071,  0.6299752 ,  0.53468257,  0.5411576 ,
        0.51273048,  0.47902372,  0.49165931,  0.56591165,  0.51187682], dtype=float32)], [array([ 0.39580753,  0.65128726,  0.42102754,  0.3899737 ,  0.58680308,
        0.39324954,  0.39285615,  0.61287504,  0.33584282,  0.43239337], dtype=float32), array([ 0.52207422,  0.57257837,  0.38988221,  0.46888527,  0.51356781,
        0.51815754,  0.499605  ,  0.61547625,  0.42166963,  0.42873785], dtype=float32), array([ 0.70208341,  0.89527214,  0.69651598,  0.69243318,  0.84700227,
        0.72992116,  0.67919534,  0.95845222,  0.76409012,  0.73940718], dtype=float32)], [array([ 0.85881668,  0.83906442,  0.85298592,  0.86346972,  0.86605275,
        0.83709741,  0.93615985,  0.80685699,  0.9942798 ,  0.85063142], dtype=float32), array([ 0.81092018,  0.79630631,  0.82530546,  0.82115114,  0.8279022 ,
        0.8062585 ,  0.89353019,  0.77482355,  0.95281065,  0.81097466], dtype=float32), array([ 0.54263836,  0.54622304,  0.59187794,  0.55642045,  0.61545378,
        0.5258106 ,  0.85073203,  0.52977318,  0.94005048,  0.60424674], dtype=float32)], [array([ 0.75396442,  0.73773932,  0.75853878,  0.76135689,  0.79825681,
        0.7279045 ,  0.75269824,  0.73946571,  0.99522692,  0.74698997], dtype=float32), array([ 0.74954617,  0.70952648,  0.765912  ,  0.72537887,  0.76692301,
        0.71799231,  0.73821378,  0.78042543,  0.98981017,  0.71393698], dtype=float32), array([ 0.47191453,  0.53096575,  0.55507874,  0.52781183,  0.53832388,
        0.53045321,  0.54164547,  0.60331607,  0.64133239,  0.54312259], dtype=float32)], [array([ 0.61096072,  0.4562031 ,  0.52031338,  0.49469224,  0.61694801,
        0.42756298,  0.44659695,  0.47719544,  0.42595553,  0.44710544], dtype=float32), array([ 0.55557442,  0.41182062,  0.47660634,  0.45462406,  0.56577903,
        0.48654377,  0.52601576,  0.44337317,  0.54656154,  0.4548983 ], dtype=float32), array([ 0.64315516,  0.72742897,  0.73432481,  0.6985814 ,  0.77565026,
        0.62289846,  0.64439249,  0.73037028,  0.61256832,  0.60179788], dtype=float32)], [array([ 1.05474055,  0.8793633 ,  1.03578913,  1.05045462,  1.04402399,
        1.02243483,  1.03856456,  1.07367194,  1.09056699,  1.1044445 ], dtype=float32), array([ 0.95024413,  0.76714569,  0.93135267,  0.91244042,  0.90127289,
        0.92304814,  0.89779389,  0.96038479,  0.99057227,  0.9605428 ], dtype=float32), array([ 0.65144354,  0.77285451,  0.62789744,  0.69630325,  0.6976347 ,
        0.67158824,  0.72162169,  0.69309509,  0.72119182,  0.72298419], dtype=float32)], [array([ 0.58991206,  0.59269148,  0.52900207,  0.62728429,  0.58904123,
        0.5148384 ,  0.57428843,  0.62474775,  0.5199964 ,  0.547131  ], dtype=float32), array([ 0.44058025,  0.45416972,  0.40079665,  0.46358481,  0.44903135,
        0.39457896,  0.42860907,  0.45092306,  0.39770386,  0.41884181], dtype=float32), array([ 0.78202337,  0.76734042,  0.81037766,  0.77408147,  0.78348386,
        0.79794663,  0.77561796,  0.83527946,  0.79044122,  0.79875129], dtype=float32)], [array([ 0.53466296,  0.474832  ,  0.50327933,  0.45175785,  0.49900132,
        0.55197763,  0.5201329 ,  0.48222786,  0.65825707,  0.66387683], dtype=float32), array([ 0.50235981,  0.48482588,  0.44740051,  0.48806751,  0.49981451,
        0.48146069,  0.52633423,  0.49741551,  0.58157402,  0.60755563], dtype=float32), array([ 0.97455817,  0.93122393,  0.91842812,  0.91394383,  0.92849708,
        0.96053708,  0.9863649 ,  0.92479491,  1.02538049,  1.03464007], dtype=float32)], [array([ 0.50451469,  0.53034252,  0.57081455,  0.49822387,  0.45856974,
        0.61129093,  0.62981033,  0.58297372,  0.55781716,  0.41677147], dtype=float32), array([ 0.48310569,  0.50858498,  0.43122461,  0.47256687,  0.42044997,
        0.47256514,  0.4690325 ,  0.45582533,  0.41846651,  0.38893786], dtype=float32), array([ 0.83079988,  0.82224679,  0.82082742,  0.82369035,  0.82829094,
        0.87206042,  0.81709301,  0.87192488,  0.82022786,  0.76540565], dtype=float32)], [array([ 0.62564838,  0.61537766,  0.62269717,  0.62403047,  0.62359065,
        0.63549161,  0.77079219,  0.65509659,  0.62502146,  0.73222125], dtype=float32), array([ 0.66816109,  0.65889066,  0.66191512,  0.67147207,  0.66357511,
        0.65824616,  0.78679639,  0.71265846,  0.66126943,  0.76224357], dtype=float32), array([ 0.54714   ,  0.52954996,  0.52555102,  0.54844624,  0.564641  ,
        0.51925135,  0.48435432,  0.61936331,  0.55254287,  0.51964676], dtype=float32)], [array([ 0.88558185,  0.90146196,  0.92343295,  0.87532854,  0.90744764,
        0.94494176,  0.88921493,  0.93969899,  0.87447888,  0.85249114], dtype=float32), array([ 0.84290236,  0.86547124,  0.87115109,  0.8372044 ,  0.86451924,
        0.89233685,  0.83463103,  0.896698  ,  0.83494371,  0.81065899], dtype=float32), array([ 0.98067254,  0.99019623,  0.99229324,  0.96138149,  1.01526403,
        1.01305866,  0.90009433,  1.003757  ,  0.98670447,  0.96719074], dtype=float32)], [array([ 0.92741454,  0.9125635 ,  0.83264196,  0.9949578 ,  0.84775877,
        1.15716946,  1.13286555,  1.04171467,  0.82252252,  0.89714295], dtype=float32), array([ 0.82810044,  0.77892184,  0.73555428,  0.89164448,  0.75475097,
        1.03630304,  1.02636075,  0.9370029 ,  0.73693806,  0.80076933], dtype=float32), array([ 0.78068638,  0.7243216 ,  0.71484065,  0.82250887,  0.71462035,
        0.8694607 ,  0.90786016,  0.84152597,  0.70361763,  0.73175448], dtype=float32)], [array([ 1.20064652,  1.18109083,  1.17531681,  1.21546566,  1.21241391,
        1.18718541,  1.17545521,  1.1986413 ,  1.19017017,  1.18974388], dtype=float32), array([ 1.14542425,  1.13048911,  1.11899495,  1.16384184,  1.16067004,
        1.1410507 ,  1.1260221 ,  1.14773118,  1.13514674,  1.14116144], dtype=float32), array([ 0.92904907,  0.90223092,  0.88706034,  0.94677579,  0.93940926,
        0.92414558,  0.91266376,  0.9179194 ,  0.90897322,  0.88988143], dtype=float32)], [array([ 1.04631901,  1.04735339,  1.04010725,  1.1081543 ,  1.13603032,
        1.13668263,  1.03471959,  1.04476607,  1.03862488,  1.10657597], dtype=float32), array([ 1.08744764,  1.09086859,  1.07556379,  1.09312356,  1.13038504,
        1.12758923,  1.07716525,  1.07455897,  1.07772064,  1.0958904 ], dtype=float32), array([ 1.06819463,  1.07206261,  1.06234515,  1.21525919,  1.22230959,
        1.23647106,  1.05929041,  1.07086277,  1.06602073,  1.03611434], dtype=float32)], [array([ 0.89112765,  0.88187695,  0.87753993,  0.91262305,  0.78399611,
        0.84114724,  0.92690718,  0.81183642,  0.90801513,  0.77288634], dtype=float32), array([ 0.87361825,  0.87924254,  0.85994983,  0.85378492,  0.78881651,
        0.81688619,  0.91569805,  0.81954813,  0.87936074,  0.80984861], dtype=float32), array([ 0.58788002,  0.58647931,  0.60107744,  0.63681823,  0.52555811,
        0.59286237,  0.60148787,  0.48936319,  0.57437843,  0.61841303], dtype=float32)], [array([ 0.75343806,  0.7413395 ,  0.74915785,  0.77145857,  0.74434143,
        0.75993973,  0.75376928,  0.75945538,  0.71718931,  0.73859096], dtype=float32), array([ 0.81508535,  0.8133257 ,  0.78918111,  0.80935556,  0.80549604,
        0.82063109,  0.816971  ,  0.82667619,  0.77509689,  0.80904913], dtype=float32), array([ 0.8612721 ,  0.8863591 ,  0.82325232,  0.82039768,  0.85681152,
        0.87067169,  0.84863174,  0.88890201,  0.87079298,  0.88370079], dtype=float32)], [array([ 0.94066858,  0.93623829,  0.70979148,  0.73793083,  0.73426276,
        0.69065666,  0.92874587,  0.95752436,  0.68639141,  0.78345513], dtype=float32), array([ 0.76220518,  0.76483154,  0.5566687 ,  0.5669201 ,  0.56111223,
        0.5312137 ,  0.76780784,  0.78687727,  0.53265584,  0.61577743], dtype=float32), array([ 0.86318195,  0.88873649,  0.68800205,  0.68587255,  0.69885212,
        0.73790789,  0.87130404,  0.84804136,  0.71361518,  0.68133378], dtype=float32)], [array([ 1.02183902,  1.07145107,  1.00434399,  1.00316739,  1.02825987,
        1.02964056,  1.0884881 ,  1.10372758,  1.0426929 ,  1.11152053], dtype=float32), array([ 0.99222118,  1.00918806,  0.98393381,  0.96078271,  0.96677208,
        1.00357914,  1.04950917,  1.05356097,  0.98655367,  1.05531323], dtype=float32), array([ 1.00155556,  0.93610919,  0.99151176,  0.95702106,  0.96115029,
        0.98547798,  1.02496564,  0.98411369,  0.96897942,  1.03259075], dtype=float32)], [array([ 0.76076639,  0.74605638,  0.74986875,  0.7077558 ,  0.76415175,
        0.73971176,  0.87957615,  0.79881531,  0.89656895,  0.87311006], dtype=float32), array([ 0.63747221,  0.64013124,  0.63793623,  0.59650803,  0.64676994,
        0.632366  ,  0.77055776,  0.67207676,  0.78114003,  0.77613258], dtype=float32), array([ 0.56250614,  0.51621664,  0.52102822,  0.5183503 ,  0.55824775,
        0.51173759,  0.34370601,  0.5896408 ,  0.33192396,  0.31333885], dtype=float32)], [array([ 0.66245633,  0.65881968,  0.70752174,  0.56965137,  0.63845956,
        0.58978993,  0.63383198,  0.5876773 ,  0.72503757,  0.69508249], dtype=float32), array([ 0.6459471 ,  0.64305007,  0.65428954,  0.56978005,  0.61256659,
        0.57646734,  0.60267502,  0.59318513,  0.67625165,  0.66398156], dtype=float32), array([ 0.7402007 ,  0.75810152,  0.73665142,  0.72687358,  0.679766  ,
        0.70049196,  0.63786477,  0.73110545,  0.74726433,  0.77323431], dtype=float32)], [array([ 0.58609295,  0.62969971,  0.58220184,  0.62796474,  0.66111767,
        0.65650523,  0.59790552,  0.59929293,  0.69370037,  0.59475636], dtype=float32), array([ 0.49294731,  0.51874721,  0.47961739,  0.57898235,  0.60843742,
        0.58676952,  0.52417707,  0.56883556,  0.58393157,  0.52918565], dtype=float32), array([ 0.60850072,  0.69304603,  0.62971073,  0.70723951,  0.74968469,
        0.6704334 ,  0.68660289,  0.71090549,  0.72312498,  0.68449193], dtype=float32)], [array([ 0.9096486 ,  0.98088706,  0.85765582,  0.83916974,  0.82727635,
        0.84106648,  0.82131445,  0.92738211,  0.80778849,  0.80805427], dtype=float32), array([ 0.78405207,  0.87229687,  0.75581861,  0.74163651,  0.68594033,
        0.7364071 ,  0.73846287,  0.79409719,  0.70894611,  0.71470177], dtype=float32), array([ 0.36458325,  0.43220571,  0.3995553 ,  0.35665637,  0.42136234,
        0.35380253,  0.35451683,  0.4701046 ,  0.48279253,  0.46322694], dtype=float32)], [array([ 0.75117463,  0.7425133 ,  0.7727685 ,  0.77561283,  0.75599545,
        0.72491384,  0.78687692,  0.74352497,  0.73792344,  0.77028799], dtype=float32), array([ 0.81175131,  0.81066018,  0.83141518,  0.83417982,  0.82189161,
        0.78626281,  0.83898979,  0.80416781,  0.79379326,  0.82887322], dtype=float32), array([ 0.56474882,  0.58180439,  0.57442302,  0.59260464,  0.58067882,
        0.53532088,  0.58455533,  0.55724233,  0.56009066,  0.57020688], dtype=float32)]]