[[  8.23442974e+147   1.12226750e+148]
 [  3.32017394e+148   6.63783283e+148]
 [  1.01562590e+149   6.49429131e+148]
 [ -5.97674498e+148  -1.39349575e+149]
 [ -3.49997710e+148   1.27214201e+149]
 [ -4.92783825e+148   2.72475398e+148]
 [  8.57906403e+148  -4.87359856e+148]
 [ -1.22051139e+149   9.42432729e+148]
 [  3.25721982e+147  -9.75015877e+146]
 [  4.13629186e+148   5.95295810e+148]
 [  1.99751447e+148  -7.69275378e+148]
 [ -9.99367825e+148   2.32530061e+149]
 [  7.96560850e+148   5.13695816e+148]
 [  7.62662824e+148  -1.55893882e+149]
 [ -2.50862546e+148  -1.75850845e+149]
 [ -7.45605034e+148   6.64270666e+148]
 [ -6.05861560e+147   7.65057842e+148]
 [  2.75420411e+148  -1.90337579e+148]
 [ -2.36455802e+148   8.15167056e+147]
 [ -8.28985122e+148   1.01986614e+149]
 [  8.59229365e+147  -8.52118027e+148]
 [ -1.52359976e+149   1.39233283e+149]
 [ -1.71241054e+149   3.91201639e+148]
 [  8.53524245e+147  -4.96459576e+148]]