[[  1.01882260e+149  -3.22173801e+148]
 [ -1.41338915e+149   8.14524280e+148]
 [ -6.12376431e+148  -6.17750391e+148]
 [  4.09389660e+146  -4.75882414e+148]
 [  4.61674845e+148   7.48084243e+147]
 [  5.86855190e+147   6.34239439e+148]
 [  5.89743124e+148   2.60422653e+147]
 [ -2.35588317e+149   1.10644580e+149]
 [ -2.84044615e+148  -7.40704840e+148]
 [ -1.65508933e+149  -1.03377561e+149]
 [  1.07748175e+149   7.79656400e+148]
 [  1.05293774e+149   9.48243938e+147]
 [ -6.71340758e+148   5.02224155e+148]
 [ -6.81210204e+148  -8.52944006e+148]
 [ -6.06136491e+148   2.01305661e+148]
 [  1.52946519e+149   1.19873495e+149]
 [  2.72007173e+148   7.33176963e+148]
 [ -3.86660458e+149   2.29463187e+149]
 [ -8.04968344e+148   8.52177329e+148]
 [  6.75958507e+148  -5.06743059e+148]
 [ -1.56352649e+148  -9.06657840e+148]
 [ -5.27537612e+148   3.29971231e+148]
 [  5.13215111e+148  -4.65374458e+148]
 [  2.07696181e+148  -8.16131723e+148]]