[[ -1.08392364e+149   3.56878779e+149]
 [  5.50096756e+149   2.77321325e+149]
 [ -1.78371354e+149   1.87816349e+149]
 [  5.59248948e+148  -2.09737024e+149]
 [ -4.19034961e+148   1.18446480e+149]
 [ -3.13350759e+148   1.09649010e+149]
 [ -6.92065361e+148   5.52889026e+148]
 [  4.20109867e+147   6.55359398e+147]
 [ -6.82581006e+148   2.69282088e+148]
 [  6.08271490e+148  -2.25060420e+148]
 [  1.48543257e+149   2.55448126e+149]
 [  6.11358143e+148   3.86704043e+148]
 [  2.62612905e+149   1.06387286e+148]
 [ -4.07361612e+148  -6.19194894e+147]
 [  6.53443461e+148  -1.20393084e+149]
 [ -2.45049431e+148  -1.14866304e+148]
 [  4.19908736e+148   5.66574636e+148]
 [ -5.38512201e+148  -3.74061708e+148]
 [ -3.93943794e+147   1.53989176e+148]
 [  6.32855991e+148   7.84876120e+147]
 [  1.35990581e+148   3.56787352e+148]
 [  2.68548434e+148   1.63085029e+149]
 [  7.44397924e+148   5.73439358e+148]
 [ -4.61219482e+148  -1.42915060e+148]]