[[ -1.47131241e+149   1.74927734e+149]
 [ -1.02974412e+149   4.95344098e+148]
 [ -3.05463319e+149   8.52637701e+148]
 [ -1.84918734e+148  -9.34338112e+148]
 [  1.98158946e+149   2.61906477e+149]
 [  3.65555378e+148   9.08072923e+148]
 [ -9.70539267e+148   6.46480598e+148]
 [  2.88839375e+148   1.04938615e+149]
 [ -4.29289653e+147   6.88286954e+148]
 [ -9.50992542e+147   9.56945717e+148]
 [ -3.48963886e+149   2.08425933e+149]
 [  3.44656917e+148   2.01079647e+148]
 [  2.83744374e+148  -1.24622039e+149]
 [ -4.18809119e+148  -9.84238843e+147]
 [  1.21846180e+149  -1.06847169e+149]
 [ -1.49529887e+148  -1.77920252e+147]
 [  1.36919788e+149  -4.38707056e+148]
 [  4.93316759e+148  -1.57893920e+148]
 [  2.60976838e+148   2.96129321e+147]
 [  7.48590905e+147   4.34045895e+147]
 [  9.06823054e+146  -5.12111312e+148]
 [ -8.05418566e+148  -7.59277268e+148]
 [  1.57780040e+149  -1.30300639e+149]
 [ -9.38284806e+148   1.30910470e+149]]