[[  3.05225144e+148  -6.25791707e+148]
 [  1.34802212e+149   5.33327050e+148]
 [ -3.17176680e+148  -5.70598091e+148]
 [ -1.77474435e+148  -3.14413414e+148]
 [  1.11270712e+149   4.22562818e+148]
 [  7.01467165e+148   1.11883869e+148]
 [  5.07605990e+147   1.50929803e+147]
 [  4.61517196e+148  -4.16533990e+148]
 [  7.43370010e+148   3.17600248e+148]
 [  9.67641649e+148   1.46372371e+149]
 [  2.55506261e+149   2.24486287e+149]
 [ -1.58256291e+149  -9.99796702e+148]
 [ -1.79072001e+149  -1.20438442e+149]
 [ -1.42509277e+149   8.71804765e+148]
 [ -3.06458319e+147   1.09779796e+147]
 [  2.46928254e+148   6.56602594e+148]
 [  1.12535937e+148  -3.71294440e+148]
 [ -1.32791087e+149  -3.98390562e+148]
 [ -2.40093063e+149  -6.51384622e+147]
 [ -1.21941830e+149  -4.79168737e+148]
 [ -4.20821028e+148   4.41468174e+148]
 [ -6.97900422e+147  -4.25102767e+147]
 [  5.06154010e+148   3.23006383e+148]
 [ -3.14451391e+149  -1.17888708e+149]]