[[ -1.31951041e+149   9.43046562e+147]
 [ -4.71595299e+147  -6.63522338e+147]
 [  3.75010315e+148  -1.01802486e+149]
 [  1.28979229e+149  -8.88081153e+148]
 [ -2.93767107e+149   5.74796949e+148]
 [ -1.76408117e+148   5.57564399e+148]
 [ -1.01664358e+149  -1.61501818e+149]
 [ -2.76517328e+149  -9.91544502e+148]
 [  2.16219034e+148  -3.86483397e+148]
 [ -1.11133946e+148  -2.85449579e+147]
 [  1.78258864e+149  -8.19225117e+147]
 [ -1.92806880e+149  -2.05372893e+149]
 [  4.68830014e+148  -5.36998819e+148]
 [  1.13607010e+149   9.24425477e+147]
 [  5.17050244e+148   3.13129150e+148]
 [ -3.03130014e+148  -8.87409603e+148]
 [ -5.50102492e+148   1.07617505e+148]
 [ -2.18845561e+148  -2.91933396e+148]
 [ -9.31242089e+147  -1.19888654e+149]
 [ -1.18515348e+149  -8.92184069e+148]
 [ -9.65664179e+147  -1.12372297e+148]
 [ -2.35578744e+149  -1.34930060e+149]
 [  4.76386419e+148   3.11900611e+148]
 [ -5.11245515e+148  -2.16011171e+148]]