[[ -2.33932450e+146  -4.40420534e+148]
 [ -7.83441180e+148   2.71599502e+148]
 [  7.74377540e+148  -8.24081380e+148]
 [  2.34445759e+148   7.27858798e+147]
 [  3.60200610e+148   1.35998727e+148]
 [  1.25964474e+149  -7.56196583e+148]
 [ -7.67704503e+148  -2.67276063e+147]
 [ -7.29429759e+148  -9.30972715e+148]
 [  2.49730461e+147  -4.78746280e+148]
 [ -2.77468644e+148   2.71487504e+148]
 [  3.96794470e+148  -5.37442910e+148]
 [  4.64778300e+148  -5.53879070e+148]
 [ -3.87426231e+148   1.36479052e+149]
 [ -4.68361617e+148  -2.29717281e+148]
 [ -1.90570681e+149   1.42031970e+149]
 [ -2.45711275e+147   8.19031564e+148]
 [  9.66648942e+148  -1.59850267e+148]
 [  6.28219449e+148   2.86593166e+148]
 [  3.79804974e+149  -1.99351328e+149]
 [  7.88511110e+148  -4.79322511e+148]
 [ -1.01400024e+149  -1.04690778e+149]
 [  1.87352017e+147  -6.60667777e+148]
 [  4.10750395e+148   5.11276938e+147]
 [ -5.42332434e+148  -1.78791605e+148]]