[[  9.70266488e+148   1.56383109e+149]
 [  2.31560465e+147  -5.11622030e+148]
 [ -1.00569958e+149   7.68390676e+147]
 [ -4.98273656e+148  -3.51427844e+148]
 [  4.78740470e+147   2.34339479e+148]
 [  5.66988194e+148   1.34491335e+148]
 [ -3.15803765e+147   1.00435722e+149]
 [  1.63297079e+149  -8.09902500e+148]
 [ -8.71218646e+148   1.97551898e+148]
 [ -1.36526332e+149  -1.50230390e+149]
 [  1.16705894e+149   1.16969198e+149]
 [  2.97828021e+148  -1.30011361e+149]
 [  4.90149961e+148   4.24165738e+148]
 [ -3.46527127e+147  -6.70890780e+146]
 [  9.52841157e+148  -2.30206848e+149]
 [  1.13150282e+149   8.44726765e+147]
 [  4.39947544e+148  -4.17830216e+147]
 [  1.78935181e+148   2.09457557e+148]
 [  1.50375332e+148  -1.84541315e+149]
 [ -1.16294164e+149  -1.92409697e+148]
 [  8.81171580e+148   1.33904268e+148]
 [  1.45053481e+149   1.27234860e+149]
 [  1.54916301e+149  -1.57771801e+149]
 [ -1.34607043e+148  -4.22380068e+148]]