[[  7.22083288e+148   6.93713277e+148]
 [  1.54072707e+149   1.29280062e+148]
 [  2.33360266e+148  -4.76296134e+148]
 [ -1.86276182e+148  -1.22861280e+147]
 [  1.40782712e+148   3.54874976e+148]
 [ -2.93392474e+148  -8.40044977e+147]
 [  3.46192938e+148   1.83417532e+148]
 [  1.81210278e+149  -5.61251472e+148]
 [ -1.63370001e+148   2.02898798e+148]
 [ -4.26996563e+147   4.66173593e+148]
 [ -5.32006768e+148   2.65680209e+148]
 [ -2.46713582e+147   8.24412549e+147]
 [  1.68684926e+149  -1.06591263e+149]
 [  6.24082323e+147  -9.60827746e+148]
 [  6.23635330e+148   7.81861134e+148]
 [  1.76536380e+148   8.67270158e+148]
 [ -6.42939912e+148   1.07047748e+148]
 [ -3.01797488e+148   3.68638983e+147]
 [ -5.80195035e+148   2.69838757e+147]
 [ -8.80565739e+148   3.16212173e+148]
 [  1.04662168e+149   5.20459248e+148]
 [ -7.95878182e+147  -1.53276257e+149]
 [ -6.36716885e+148   1.30992349e+149]
 [ -1.13560976e+149   5.63114725e+148]]