[[ -8.63607074e+148   5.26139573e+147]
 [  4.60655057e+148  -1.77506379e+148]
 [  5.91989164e+148   1.11499275e+149]
 [ -4.72958492e+148  -6.83846730e+147]
 [  6.48809433e+148  -1.81118415e+149]
 [  4.31527167e+148   4.25040540e+148]
 [  2.31938361e+148  -2.57772540e+148]
 [  1.96619310e+149   4.31160854e+148]
 [ -4.91442468e+147   2.32225495e+148]
 [ -1.54673843e+149  -6.84694594e+147]
 [  1.21932323e+149   7.24109739e+148]
 [  1.67768045e+149  -2.21075936e+149]
 [  1.94746411e+149  -2.46433625e+149]
 [  8.70237385e+148  -2.04752932e+149]
 [  1.99245713e+148  -3.73004632e+147]
 [ -8.29494366e+147  -4.06409347e+149]
 [  3.85187334e+148  -2.19478572e+148]
 [ -1.24468179e+149   1.35579591e+148]
 [ -9.92247199e+148   6.18519418e+148]
 [ -3.11085146e+148   8.27881058e+148]
 [  1.30171632e+149  -3.05225596e+148]
 [ -4.26831429e+148   6.21369160e+148]
 [ -1.77341894e+149  -1.34416164e+149]
 [ -1.50616578e+149   7.90298318e+148]]