[[  1.10157797e+146  -4.00399949e+148]
 [  3.50035528e+148  -1.12791656e+149]
 [  3.20363929e+148  -5.72230170e+148]
 [  7.29841457e+148   4.51974288e+148]
 [ -8.85128054e+148   4.18971207e+148]
 [ -6.32342019e+148   1.50618425e+147]
 [  3.09327064e+148   1.66327628e+148]
 [  3.04503247e+149  -1.81403530e+149]
 [  1.73411985e+148   4.64104838e+148]
 [ -2.53066740e+148   1.43758358e+148]
 [  2.26462736e+148  -9.98609467e+148]
 [ -1.34366931e+149   1.54229393e+148]
 [  1.08288030e+149   5.71820423e+148]
 [  5.34257306e+148   2.23303246e+148]
 [  8.43586507e+148   1.80311457e+149]
 [ -1.96650356e+149   3.23846840e+149]
 [ -6.07970873e+148  -1.15241139e+148]
 [ -5.16708235e+148  -1.84282524e+148]
 [  2.20829625e+148   8.85495561e+148]
 [  6.68902921e+148   1.71866743e+148]
 [ -7.35445305e+148   8.70255639e+148]
 [ -1.17010853e+149  -3.55476231e+149]
 [ -1.24463135e+149   6.33527074e+148]
 [  2.76558478e+148   8.21391748e+148]]