[[  8.55690242e+148   1.16108969e+149]
 [ -1.49187843e+148   3.69804341e+148]
 [  5.64348909e+148   9.11617884e+148]
 [  6.76921709e+148  -2.36651930e+148]
 [ -1.25999408e+149  -6.30127445e+147]
 [  1.84702690e+148   2.14673329e+148]
 [ -2.88979718e+147   4.06487597e+148]
 [ -5.63109875e+148  -2.96982200e+148]
 [  3.49182060e+148   3.02989818e+148]
 [ -2.96100788e+149   1.60265720e+149]
 [ -1.32456572e+148   4.30622075e+148]
 [ -1.99827711e+149  -5.48954954e+148]
 [ -6.25362829e+148   1.65461293e+149]
 [  2.79513202e+148  -1.42907808e+148]
 [  5.72494114e+147   1.36655078e+148]
 [  2.32227106e+149  -2.13350979e+149]
 [  3.68561427e+148  -3.24130723e+148]
 [  1.74360813e+149  -1.38625394e+148]
 [  1.85311513e+149   5.57384966e+148]
 [ -1.56216724e+149  -1.27669340e+149]
 [ -2.43875722e+148   4.11638796e+148]
 [  1.47922537e+148   2.48530011e+148]
 [  7.58882247e+148  -3.64953856e+148]
 [ -1.94631710e+148   3.61299472e+148]]