[[ -5.01811378e+148   9.66633897e+148]
 [ -7.48537390e+147  -9.20492380e+148]
 [ -3.36643617e+148  -2.43629082e+148]
 [  1.27237549e+149   9.26053616e+148]
 [ -2.96593670e+148   2.05821004e+148]
 [ -1.29136202e+149   2.66593971e+148]
 [  8.84822298e+148   8.26699375e+148]
 [ -1.80953186e+148   1.21395859e+149]
 [  6.76401835e+148   2.15242855e+148]
 [ -3.38004298e+147  -1.29842217e+149]
 [ -5.16150965e+146   1.53945188e+148]
 [ -1.88410258e+149  -1.32672815e+149]
 [  1.13009520e+149   1.55251488e+149]
 [ -6.38417890e+148  -8.86334275e+148]
 [  7.62537791e+148   1.22817150e+149]
 [ -4.62426537e+148  -8.44875329e+148]
 [ -5.16954547e+148  -5.82614709e+148]
 [ -3.49195570e+148  -4.82912302e+148]
 [ -6.57740442e+148  -2.74996906e+148]
 [ -5.75084239e+147  -7.89731412e+147]
 [ -9.53018967e+148  -1.62502812e+149]
 [ -6.54209952e+148  -1.21252200e+148]
 [ -8.09080416e+147   2.80316935e+147]
 [ -5.82621598e+147   2.41438927e+148]]