[[  4.81222107e+148  -3.55741317e+148]
 [  5.51948967e+148  -1.93967526e+148]
 [ -1.65730769e+148   4.40672695e+148]
 [ -2.69784129e+147  -1.37450702e+148]
 [ -7.87639287e+148  -5.17251881e+148]
 [  1.38273113e+149  -1.70228419e+149]
 [ -4.64481102e+148  -1.57813812e+148]
 [  3.20507299e+148   2.36956156e+149]
 [ -5.48977338e+148  -5.01322848e+148]
 [  1.49088230e+148   9.79733186e+148]
 [  1.28037834e+148  -5.72207706e+148]
 [  1.69686713e+148   3.16454032e+147]
 [  1.50358400e+149   1.40192972e+149]
 [ -3.94793041e+148   2.42037372e+148]
 [  6.80019550e+148   8.51028736e+147]
 [  2.30870187e+149  -2.79448543e+149]
 [  1.13028941e+149   1.85082942e+148]
 [ -3.01932629e+148  -1.82142216e+148]
 [  1.68361106e+149  -3.76093555e+148]
 [  5.61805580e+148  -3.15967643e+148]
 [ -3.72960419e+148  -8.87552021e+147]
 [  1.56560793e+148   4.76822558e+148]
 [  2.83506807e+148  -1.77985899e+149]
 [ -9.05988291e+148   6.08384094e+148]]