[[ -7.28897234e+148  -2.94568137e+148]
 [ -5.53992635e+148  -3.68291358e+148]
 [  7.72353127e+148   1.79994065e+148]
 [  6.58774367e+148   1.37027412e+148]
 [ -1.78750547e+148   4.30536422e+148]
 [ -2.00783595e+149   1.52863832e+148]
 [  7.33579605e+148   5.72806369e+148]
 [  8.85016350e+148   1.01995699e+147]
 [  8.58937359e+146  -3.55288601e+148]
 [  5.37922271e+147   7.07150147e+148]
 [ -3.75180147e+149   2.15746190e+149]
 [  1.65709064e+148   8.31686793e+148]
 [  1.60780848e+149  -7.59048466e+148]
 [ -3.33512912e+149   3.66933928e+149]
 [  1.85047021e+149   2.21727100e+149]
 [  7.82756620e+147  -1.39299788e+148]
 [ -3.99381221e+147  -7.30650278e+148]
 [ -2.73686336e+147  -1.27546604e+149]
 [ -6.03834576e+148   1.51391645e+148]
 [ -5.93364201e+148  -5.70371854e+148]
 [ -1.05454057e+149   2.06085599e+149]
 [  7.26984945e+147   3.13681786e+147]
 [ -1.06844560e+149  -1.24106438e+149]
 [ -2.11098043e+148   2.04360469e+149]]