[[  9.07699209e+148  -7.98605891e+148]
 [  1.54763202e+148   4.09918499e+148]
 [ -7.88022274e+148   6.04941101e+148]
 [ -6.47604704e+148   8.86951917e+147]
 [  1.98807807e+148  -4.05207821e+148]
 [ -5.93164291e+147  -2.40732741e+149]
 [ -4.34331445e+148   1.29199464e+149]
 [  5.26766917e+148  -1.14442690e+149]
 [ -5.08150894e+148  -3.03624957e+148]
 [ -1.57624957e+149   1.37120232e+149]
 [  1.68408968e+149   1.52852667e+148]
 [ -5.70678361e+148   3.79778388e+148]
 [ -7.90253257e+148   6.54237167e+148]
 [  4.37901603e+148   9.10800439e+148]
 [ -5.71484156e+147   1.52682932e+148]
 [  4.46036491e+148  -1.04154456e+149]
 [  1.10633108e+149  -2.67252703e+149]
 [ -5.96425013e+148  -7.24999144e+148]
 [ -2.61339675e+148  -5.93287331e+148]
 [  1.68889348e+149  -1.36204514e+149]
 [  1.07221086e+149  -1.23199465e+149]
 [  7.80296873e+148  -5.29889812e+148]
 [  5.41939089e+148  -1.42058602e+149]
 [ -5.01319908e+148   7.53323062e+148]]