[[ -2.46589892e+148   8.07461605e+148]
 [  1.00378972e+149   2.05418913e+148]
 [  6.50762010e+148   1.69411402e+149]
 [  2.05119344e+149   1.31939293e+149]
 [  1.78024316e+148  -6.10374029e+148]
 [ -2.27554145e+148   3.29453604e+148]
 [  3.75524313e+148   1.14979635e+149]
 [  2.76825122e+148  -1.66696915e+148]
 [  4.90902656e+148   9.36812738e+148]
 [ -3.26223294e+149  -1.92928862e+149]
 [  3.70029500e+149   8.43158995e+148]
 [  1.63738078e+149   3.44130430e+148]
 [ -5.51902273e+148   4.26053555e+147]
 [  2.83180021e+148   1.32728873e+148]
 [ -1.37322692e+149  -5.27866018e+148]
 [  5.87202660e+148  -4.58305465e+148]
 [  2.01983445e+147  -1.20354452e+149]
 [  1.03833730e+149  -1.68980353e+149]
 [ -8.40814943e+147  -2.46898290e+149]
 [ -5.15105252e+149  -5.75416270e+149]
 [ -7.37180195e+148  -6.24354807e+148]
 [  3.13174569e+148  -1.91954883e+148]
 [  3.29236628e+148  -6.47839169e+148]
 [ -1.54635849e+148  -4.87665577e+148]]