[[  8.72583281e+148   2.33604210e+149]
 [  1.61690359e+149  -6.74796290e+148]
 [  3.41954241e+148   2.04480742e+149]
 [  5.94333375e+148   1.04023756e+149]
 [  2.07502189e+148  -2.19338825e+149]
 [ -5.22058354e+148  -3.20624974e+148]
 [  6.56981589e+148   3.66633605e+148]
 [  1.44198676e+149  -1.19618129e+149]
 [  2.28583133e+148  -1.81694563e+148]
 [ -2.30655334e+148   1.02289839e+149]
 [ -4.42487316e+147  -6.19807067e+148]
 [ -1.46818308e+149  -1.16695649e+148]
 [  2.84918793e+149   4.86681118e+149]
 [ -7.44614060e+148  -1.97190133e+148]
 [ -1.46901929e+149  -2.40277955e+149]
 [ -1.16358862e+148  -3.88345815e+148]
 [ -1.59307810e+149   1.70710499e+148]
 [ -1.30151263e+149  -1.86986690e+149]
 [ -1.58060053e+149   5.71136495e+148]
 [ -2.61177452e+148   1.55822001e+147]
 [ -1.01025445e+149   2.52959096e+148]
 [  1.11624481e+149  -6.14683612e+148]
 [ -8.40218613e+148   8.99243669e+148]
 [ -3.23650976e+149  -2.56820606e+149]]