[[ -2.91780663e+148  -1.02414574e+148]
 [  6.85721687e+148  -1.83566905e+148]
 [ -5.52447090e+148  -1.08043724e+149]
 [  7.94384787e+148   2.45474970e+147]
 [  2.77368806e+148  -1.24309263e+149]
 [ -9.32880849e+148  -1.05603687e+149]
 [  2.83356820e+148  -7.03619620e+148]
 [ -1.35399026e+149  -8.03296631e+148]
 [  5.49185882e+148  -6.27369193e+148]
 [ -5.88054157e+148   6.41274550e+148]
 [ -3.72775377e+148  -2.25696101e+149]
 [  1.37160875e+148  -4.77507569e+148]
 [ -1.02196091e+149   5.59411566e+148]
 [ -2.26056670e+149  -5.69302785e+149]
 [ -3.03466507e+148   1.17093353e+147]
 [  1.55384949e+149   6.67201290e+148]
 [ -2.67368192e+148  -1.05706592e+148]
 [ -4.05724265e+147  -1.45096494e+148]
 [ -1.10703070e+148   4.31047348e+148]
 [ -4.57521116e+148  -3.52058991e+149]
 [  6.13126427e+148   1.49280575e+149]
 [ -3.75810777e+148   8.45094084e+148]
 [  1.17262244e+149   8.48368253e+148]
 [ -9.12043032e+148  -1.50104976e+149]]