[[  4.66705603e+148   6.79619544e+148]
 [ -3.31305027e+148  -8.84554625e+148]
 [  1.33359007e+149   1.43737843e+149]
 [  8.15515797e+147  -9.46991001e+147]
 [ -8.44897442e+148   1.07433089e+149]
 [  4.42082530e+148   7.37907601e+147]
 [  1.30991024e+147   1.11694116e+149]
 [  5.94952613e+147   1.29390656e+148]
 [ -2.81605837e+147   4.94780909e+148]
 [  5.20685372e+148  -4.51993084e+149]
 [  5.06059815e+148   5.96696080e+147]
 [  2.19784081e+149  -5.74875495e+149]
 [  4.29870797e+148   2.52928093e+148]
 [ -1.74971839e+148   4.64164392e+148]
 [ -1.58511953e+149  -6.86674642e+148]
 [ -3.04937669e+148  -3.93589470e+148]
 [  9.28677263e+148  -8.45659513e+148]
 [ -1.62404783e+148  -2.59430523e+148]
 [  2.51390529e+149  -2.55565194e+149]
 [  1.93420369e+149  -2.64629738e+148]
 [ -1.10729719e+149   1.44380418e+149]
 [ -1.40962740e+149   2.66023008e+149]
 [ -1.06252492e+148  -1.73680092e+148]
 [ -6.69381516e+147   1.07093691e+149]]