[[  4.88575727e+148  -2.15959884e+148]
 [  3.04879571e+148   1.38870664e+149]
 [  3.93793228e+148  -5.76475981e+148]
 [ -4.87882599e+148   1.17601982e+149]
 [ -6.39566255e+148   8.72876045e+148]
 [  1.73773650e+148  -1.71969167e+147]
 [ -1.05498152e+148  -8.34325270e+148]
 [  2.51510273e+148  -3.78123070e+149]
 [ -6.65922835e+148   3.74947523e+148]
 [ -4.32505492e+148  -1.24616945e+149]
 [  5.49595467e+148   1.36722045e+148]
 [ -1.47274579e+148   7.34988950e+148]
 [  1.25265117e+148   5.61656076e+148]
 [  2.43622017e+148  -3.31221726e+148]
 [ -1.04057457e+149   2.57665394e+148]
 [ -5.76244803e+148   4.21029327e+148]
 [ -4.64901058e+148  -7.10990934e+147]
 [  7.17162289e+147  -3.36556047e+148]
 [  7.38601525e+148   7.78821698e+147]
 [ -1.10955008e+149   4.46712574e+149]
 [ -9.77213506e+148  -3.00837156e+147]
 [  1.00755892e+149  -5.46629585e+148]
 [ -1.10588397e+149   6.17818218e+148]
 [ -1.19973468e+148   3.49224494e+148]]