[[  4.90352168e+148  -2.38774224e+148]
 [ -4.77555872e+149   2.67267758e+149]
 [  2.40093955e+149   9.44376262e+148]
 [  4.37105740e+148   3.98137987e+148]
 [ -9.88383383e+148   1.88419303e+149]
 [ -7.65125333e+148  -6.13657203e+148]
 [ -2.16479219e+148  -3.97887328e+148]
 [ -4.24891255e+148  -1.20993325e+149]
 [  1.69791307e+148   3.68156306e+148]
 [  5.79738847e+148  -1.63980654e+148]
 [  8.19704322e+148   2.25916249e+148]
 [  4.40226113e+149   2.76692708e+149]
 [  1.11099572e+148   4.90712674e+147]
 [ -1.33108571e+149  -4.72392378e+148]
 [ -2.11752079e+148  -4.77430518e+148]
 [  2.19080527e+148   3.25732992e+148]
 [  4.44288815e+148   3.05199752e+148]
 [  9.90704028e+148  -4.16316514e+148]
 [  7.87698261e+148   7.61135537e+147]
 [ -9.30201420e+148   2.12109346e+149]
 [ -6.65793715e+147   5.60048483e+148]
 [ -3.92731046e+149  -2.39649371e+149]
 [  8.50829519e+148   4.94072648e+148]
 [  9.98586853e+148  -1.33733148e+148]]