[[ -1.35702536e+148  -9.44614774e+148]
 [ -7.10097676e+147  -5.31074764e+148]
 [  1.97473946e+148  -6.55330693e+148]
 [  4.54982167e+148  -7.54788101e+148]
 [ -7.94524982e+147   1.40338458e+148]
 [  9.34041401e+148  -8.03786756e+148]
 [ -1.68408659e+148  -7.04337794e+148]
 [ -2.02959054e+148   9.36701958e+148]
 [ -3.14329464e+148  -7.78399980e+147]
 [  1.64478434e+149   1.35119419e+149]
 [ -2.10095031e+149  -1.68242048e+149]
 [  4.01256978e+147   6.90051390e+148]
 [  2.82113075e+147   1.16040550e+148]
 [  2.24633402e+149   1.77837913e+149]
 [  2.52175368e+147   7.99001790e+148]
 [  1.95772088e+149  -9.36967232e+148]
 [ -4.41591988e+148  -3.13506918e+148]
 [ -7.49774862e+148   2.08447311e+148]
 [  2.80697702e+148  -1.41094395e+148]
 [ -1.05660571e+149  -3.27426788e+148]
 [  6.93567739e+148   7.14471281e+148]
 [ -7.09396629e+148   8.67328942e+148]
 [  2.20510193e+148  -6.92322597e+148]
 [  5.43945666e+148   7.02441504e+148]]