[[  1.98165366e+148  -3.99057488e+148]
 [  6.86208206e+148   9.82001220e+147]
 [ -5.14994197e+149  -1.76987207e+149]
 [  1.24328451e+148  -6.32993394e+147]
 [ -9.77301235e+148   6.03629611e+148]
 [ -1.96257826e+148  -5.10115065e+148]
 [  3.15998362e+148   4.23629831e+148]
 [ -2.94915237e+148  -3.94719381e+148]
 [ -3.87318176e+148   4.22277061e+148]
 [  4.38514404e+149  -1.24785828e+149]
 [ -7.35090065e+148   7.02428793e+148]
 [ -2.28466767e+148   1.00560417e+149]
 [  3.65209065e+148   6.55533972e+148]
 [  3.18216089e+148  -1.21457164e+148]
 [ -9.64135306e+148  -1.85366219e+149]
 [ -2.59015229e+148  -6.06771890e+148]
 [ -3.87475394e+148   2.13786630e+148]
 [ -1.15254869e+148  -5.93036582e+148]
 [ -8.53423197e+149  -1.96495401e+149]
 [  2.72650015e+148  -3.57579340e+147]
 [ -8.94612939e+148  -8.11344154e+148]
 [  1.41926270e+149   7.60103665e+148]
 [ -1.16006827e+149  -2.85217041e+148]
 [  9.25172695e+148   6.74341287e+148]]