[[  6.64501556e+148  -3.74985971e+148]
 [  1.82180782e+148  -5.29044010e+148]
 [ -4.82266990e+148   5.58893818e+148]
 [  3.70855064e+147   8.05296779e+148]
 [ -1.99327020e+149  -3.52755432e+149]
 [  6.56726671e+148   1.80510865e+147]
 [ -4.94993993e+148   1.49079553e+148]
 [ -2.49562077e+148   6.96000865e+148]
 [ -6.34631345e+148  -5.66847263e+148]
 [  4.65923910e+148  -8.31252473e+148]
 [ -1.21371468e+149   1.87411017e+148]
 [ -2.90705894e+148   6.93874956e+148]
 [  1.66969851e+149  -5.46369877e+148]
 [ -1.35244066e+149  -2.21051591e+149]
 [  1.16949129e+149   6.61632384e+148]
 [  4.96678607e+147   4.19405235e+148]
 [ -1.64596656e+148  -1.47265410e+148]
 [ -1.18353845e+149  -1.56833561e+149]
 [ -2.77062092e+149   3.67583865e+149]
 [ -7.56884177e+148   6.05714786e+148]
 [  1.04685648e+149   8.85477871e+148]
 [ -1.99375718e+149   6.22729584e+149]
 [  5.22277487e+147  -8.65637554e+148]
 [ -1.00915789e+149  -1.56432849e+148]]