[[ -6.72715736e+148   2.85618886e+148]
 [  3.06901579e+148   4.50361698e+148]
 [  3.33060449e+147   3.44182779e+148]
 [  1.11051650e+149  -1.55340387e+148]
 [  4.20556346e+147   8.04869771e+148]
 [ -4.04525021e+148  -1.36105700e+149]
 [  5.26580686e+148   1.22955075e+149]
 [ -2.32125910e+148   2.85094117e+148]
 [  5.78013454e+148  -1.70204248e+148]
 [  2.42475077e+148  -7.46527829e+148]
 [ -9.99514477e+147   7.77669447e+148]
 [  1.23290503e+149   5.41824029e+148]
 [ -6.56539038e+148  -2.70236224e+148]
 [ -9.55308167e+148   1.07130257e+149]
 [  8.87257079e+148   1.00402081e+149]
 [  3.82923554e+148  -7.22595073e+148]
 [  1.00162585e+148   1.74567575e+148]
 [ -1.24413183e+149   3.00633809e+148]
 [ -7.58244333e+148  -1.05036383e+149]
 [  2.00145084e+149  -2.64271755e+148]
 [  7.15521129e+148  -4.82354597e+148]
 [  4.32434380e+148   1.34812174e+149]
 [  1.17503195e+149  -1.00682271e+149]
 [ -5.57388878e+148   1.26104803e+149]]