[[ -1.27508506e+149   1.32473799e+149]
 [ -1.14354451e+149   4.16361009e+148]
 [  1.26146396e+149   1.45288245e+149]
 [  1.13757596e+149   1.68711070e+149]
 [ -1.89253571e+149  -1.02978995e+149]
 [ -1.47880713e+149   3.41897354e+148]
 [  1.59621641e+148  -1.38221879e+148]
 [  7.08531890e+148   2.60018549e+148]
 [ -1.40070862e+148   5.68496620e+148]
 [  8.89193975e+148   3.24928938e+147]
 [  1.53614026e+148   1.62591005e+148]
 [  5.17793221e+148   3.00090241e+148]
 [  6.58813065e+148   1.62246768e+148]
 [  7.60261132e+148   2.05773111e+148]
 [  7.74244949e+148   1.10448731e+149]
 [ -1.16653490e+149   1.96384127e+148]
 [ -1.32893862e+149  -1.92358759e+148]
 [ -1.33568682e+149  -3.97848719e+148]
 [  7.08733860e+148   1.73356893e+149]
 [  1.20927231e+148   1.55501764e+149]
 [  1.19184537e+149   1.26378006e+149]
 [  4.75937169e+148   5.22057953e+148]
 [ -1.17989281e+149   5.69085874e+147]
 [  5.56308910e+148   4.97357337e+148]]