[[ -7.44383195e+148  -5.92828968e+148]
 [ -6.37633278e+148  -4.37865369e+148]
 [  6.74405746e+148   7.37880713e+148]
 [  1.07843368e+148   1.59276049e+148]
 [ -3.17813272e+146   6.20130409e+148]
 [ -1.74757899e+149  -6.23259382e+148]
 [  8.00924947e+148   3.83692597e+148]
 [ -8.78439664e+148   1.18165978e+149]
 [  3.58830267e+148  -3.42477618e+148]
 [  4.58236982e+148   4.45163766e+148]
 [ -1.17511807e+149   3.40319018e+148]
 [  9.80710973e+148   1.36814799e+149]
 [  2.75110475e+147   1.48892631e+149]
 [  1.28352921e+149   5.55386424e+148]
 [ -1.08508322e+149   2.28100872e+148]
 [ -1.04412812e+149  -9.28820328e+148]
 [ -8.57568172e+148  -5.20105784e+148]
 [ -9.58593613e+148   1.04788130e+148]
 [ -2.70263554e+148   9.91334034e+148]
 [  4.56663518e+147  -1.16260504e+149]
 [  4.81881067e+148   4.29370153e+148]
 [  4.47207168e+147   7.15389048e+148]
 [ -1.17836984e+149  -9.48158335e+148]
 [  1.18129508e+149   4.06902123e+148]]