[[  2.34090239e+149  -5.32597996e+148]
 [ -8.67967966e+148   9.91483375e+148]
 [ -3.34268751e+148  -1.13975118e+149]
 [ -1.47866192e+149   2.13507782e+148]
 [  4.78672382e+148  -6.22601863e+147]
 [  1.08131143e+149   6.19823767e+148]
 [  4.13132946e+147  -1.09510238e+149]
 [  1.39918125e+149   6.77674784e+148]
 [ -2.83395065e+148  -5.46381178e+148]
 [ -8.82704465e+148  -9.50447921e+147]
 [ -7.12112100e+148   7.67607747e+148]
 [ -1.64855154e+148  -4.27377720e+148]
 [ -1.60489384e+149   3.39373431e+148]
 [ -9.02482977e+148  -5.18946472e+148]
 [  7.98007272e+148  -1.25204537e+148]
 [  4.27896340e+148   7.62071961e+148]
 [  1.40619683e+148   8.14972226e+148]
 [  6.32047380e+148   1.23559200e+149]
 [ -2.32449902e+148   1.33720778e+149]
 [ -7.97100722e+148   1.12215370e+149]
 [  1.07495204e+149   2.72375635e+148]
 [  6.25687544e+148   2.16039809e+148]
 [  9.77722263e+147   6.33430985e+148]
 [  2.99664093e+148  -4.06664091e+148]]