[[  9.75437439e+148  -1.13923265e+149]
 [ -5.47602956e+148  -1.33044787e+149]
 [ -5.99883449e+148   3.65649121e+148]
 [ -2.13693074e+148   2.00598000e+148]
 [  1.43419591e+149   1.30067120e+149]
 [  1.15023619e+149   2.72157583e+147]
 [  1.87572684e+148   5.27907595e+148]
 [ -3.55771977e+148  -9.63404452e+147]
 [  6.13751349e+148   4.06480720e+148]
 [ -1.31876602e+149   1.66871537e+148]
 [  7.73671558e+148   1.67623194e+148]
 [ -1.19810548e+149  -2.08786732e+149]
 [ -9.04238409e+148  -3.20123486e+149]
 [ -1.07963734e+149   3.92988988e+148]
 [ -4.19086776e+148  -1.00027580e+148]
 [  1.07129908e+149   3.88871247e+148]
 [  1.99018011e+149  -8.00789214e+148]
 [  8.87991001e+148   1.77060742e+149]
 [  6.20872920e+148   7.51596810e+148]
 [ -2.52368756e+149  -4.26772722e+149]
 [ -8.46672620e+148   2.52071865e+147]
 [ -1.41198132e+149   2.10864819e+148]
 [  1.13992031e+149   1.08671315e+148]
 [ -2.52688642e+148   5.15443431e+148]]