[[  3.42977218e+148  -4.16012301e+148]
 [  5.24744460e+148   1.94549683e+148]
 [ -1.15318995e+149   1.24466018e+149]
 [  2.23548932e+148  -3.10586390e+148]
 [  9.49746783e+148  -7.35528328e+148]
 [  3.82511360e+148   7.62994216e+148]
 [ -2.10946328e+148  -1.08837359e+148]
 [ -1.81019871e+149  -1.17287052e+149]
 [  6.60253417e+147  -7.58641830e+147]
 [ -7.75272514e+148   1.34657936e+149]
 [  3.85213238e+148  -2.55542401e+149]
 [  1.17143747e+149  -1.11878699e+149]
 [  1.56283599e+149  -1.54019024e+149]
 [  1.30258103e+148  -3.92333564e+149]
 [  9.31358599e+148   6.05932679e+148]
 [ -3.27633412e+149   4.29772914e+149]
 [  5.77575709e+146  -2.86987213e+148]
 [ -3.93204040e+148  -2.09096487e+148]
 [ -1.54089664e+149  -8.27822096e+148]
 [ -8.23284520e+148   7.08286792e+148]
 [ -1.35905561e+149   3.43331848e+148]
 [ -2.03814663e+149   7.18910652e+148]
 [ -2.22462591e+148   7.31973840e+148]
 [  6.18315520e+147  -5.90263777e+148]]