[[ -2.56019275e+149  -8.70045669e+148]
 [ -3.40712594e+149   4.10105497e+149]
 [  4.37771880e+146   1.21021447e+147]
 [  3.44140557e+148  -6.56754142e+148]
 [  7.20141954e+147   8.77545572e+148]
 [ -4.66073568e+147   1.07032537e+148]
 [ -1.28668254e+148   4.99059871e+147]
 [  1.19813752e+149  -1.46218507e+149]
 [  9.76119420e+147  -3.70589364e+147]
 [ -1.76292563e+149   1.45728756e+149]
 [ -1.30268177e+149  -1.00375434e+149]
 [ -8.96113387e+148   9.58713795e+148]
 [ -1.24338342e+149  -2.17563679e+146]
 [  1.44735479e+149  -3.02677523e+148]
 [  1.62176586e+149   2.41487465e+148]
 [  2.64417470e+148  -3.29299050e+148]
 [ -2.10768633e+148   3.71212571e+147]
 [ -9.71125732e+148   4.41834034e+147]
 [ -8.74042698e+145  -8.26764952e+148]
 [  8.69675585e+148   1.00877113e+149]
 [  1.62065064e+147  -1.24353499e+149]
 [ -1.95573101e+149   2.12924795e+149]
 [ -2.34670584e+148   7.76590702e+148]
 [ -9.83010157e+148  -6.09730210e+148]]