[[ -3.40219434e+148  -3.38022254e+148]
 [ -1.80884399e+148   3.50393082e+148]
 [  9.93890021e+148   3.13061174e+148]
 [  1.72442397e+148   5.56537612e+148]
 [ -1.69021186e+149   1.13802216e+148]
 [ -8.48389693e+148  -1.08253756e+147]
 [  4.23845610e+148   8.68357489e+148]
 [ -6.22765337e+148   5.50399788e+148]
 [ -5.67162781e+148   5.71357212e+148]
 [  1.15766482e+149  -2.43893795e+147]
 [  1.78350550e+149   6.68031830e+148]
 [  3.52564726e+148   3.47636759e+147]
 [  1.16769069e+149   7.69404759e+147]
 [  1.03871072e+149   6.95670540e+146]
 [  5.20016971e+147   6.65964227e+148]
 [ -2.85185214e+148   3.05078655e+148]
 [ -1.31913384e+149   9.69397182e+147]
 [  1.17498036e+149   1.34632705e+149]
 [  1.43605580e+149   1.09025252e+149]
 [ -2.26810686e+149  -1.29963644e+147]
 [  3.78130407e+148   7.51128233e+148]
 [  6.82786418e+148   1.43402290e+148]
 [ -1.17259871e+149   7.24062804e+146]
 [  1.72149449e+148   9.00297350e+148]]