[[  1.00858879e+149  -3.12145554e+148]
 [  2.00751598e+149   4.44594103e+148]
 [ -2.46030783e+149   7.55202358e+148]
 [ -3.89634942e+148   3.45474758e+148]
 [ -6.21522401e+148   1.20557778e+149]
 [  3.90504542e+148  -2.18346727e+147]
 [ -8.49808689e+148  -5.35365366e+148]
 [ -7.09512437e+148  -5.04713207e+148]
 [ -4.06730388e+148   4.54772149e+148]
 [ -5.94155679e+148  -4.19018393e+148]
 [  2.06393857e+149  -1.48374892e+149]
 [ -2.16586278e+149   4.11956203e+149]
 [ -1.08960843e+149   6.18349202e+148]
 [  2.63198159e+149   3.45496170e+148]
 [  3.55997463e+148  -2.86573594e+148]
 [  5.79262283e+148   8.56893158e+147]
 [  1.61356844e+149  -2.15645897e+148]
 [ -1.73269409e+149   2.82879980e+148]
 [  9.42008873e+148  -1.01309798e+148]
 [ -7.17063032e+148   4.10498963e+149]
 [  4.82216238e+148  -7.40400510e+148]
 [ -4.78543889e+148  -8.35724565e+148]
 [  1.28769012e+149  -1.18901508e+148]
 [  1.30591472e+148   2.43148614e+148]]