[[  4.88499468e+148   1.01429391e+149]
 [ -2.57425599e+148   3.60740853e+148]
 [ -9.90770306e+148   3.93112488e+148]
 [ -8.55434420e+148   3.10133454e+148]
 [ -6.28789292e+147   2.24684248e+149]
 [  6.71082230e+148   9.83620257e+148]
 [ -5.01465080e+148  -3.99627606e+147]
 [ -3.19383813e+148  -2.33449719e+148]
 [ -2.64721189e+148  -2.18368278e+148]
 [ -1.01986389e+149   4.02911270e+149]
 [  1.45723418e+148   6.86375647e+147]
 [ -4.28999504e+148   1.83055443e+149]
 [ -1.74758394e+149   3.68477126e+149]
 [ -7.49651263e+148  -4.44212402e+148]
 [  2.23280575e+148  -8.02859910e+148]
 [ -2.06504805e+148  -1.26693997e+149]
 [ -3.63403676e+148  -2.28205768e+149]
 [ -8.94299547e+147   1.27789689e+149]
 [  7.18227806e+147   6.76534874e+148]
 [  6.93674164e+147  -8.32256920e+148]
 [  4.73809932e+148   5.77504458e+147]
 [ -1.71384657e+148   8.43183026e+148]
 [  2.28200576e+148  -5.94699762e+148]
 [ -1.11493257e+148   7.89506880e+148]]