[[  3.05468562e+148  -3.65299679e+148]
 [  3.07292688e+148   3.33165475e+148]
 [  1.22277059e+148  -9.19839395e+147]
 [  3.15544122e+148   1.50203621e+148]
 [ -2.19338633e+149   1.62692989e+149]
 [  4.92991817e+148  -1.20851535e+149]
 [ -5.87518242e+147   7.08760373e+148]
 [ -8.54668571e+148   2.51316890e+148]
 [  3.65646011e+148   1.57620458e+148]
 [ -1.83303242e+148   3.48526033e+148]
 [ -1.19076323e+149   1.65280117e+149]
 [  1.49638921e+147  -1.65975214e+149]
 [  6.94560454e+148   3.58830154e+148]
 [ -1.05465449e+149   6.74321097e+148]
 [ -1.46836161e+149  -1.49386216e+149]
 [  1.91091302e+149  -3.12477449e+148]
 [  7.26536369e+147  -1.38761290e+149]
 [  4.66132466e+148  -1.49647802e+149]
 [  5.57527974e+147  -4.53534271e+148]
 [ -6.31630350e+148  -3.60153480e+149]
 [ -1.41709679e+147  -4.28707571e+148]
 [ -8.73676752e+147   3.51468805e+148]
 [  6.32220803e+148  -1.14860667e+149]
 [ -4.92969007e+149   5.02293517e+149]]