[[ -1.24382088e+149   7.10510562e+148]
 [ -5.92764204e+148  -2.75624234e+148]
 [ -4.22000646e+148   8.22531542e+148]
 [ -8.97487656e+148   1.11756740e+149]
 [  1.00079058e+148  -3.17271962e+148]
 [ -3.64078489e+148  -9.53856787e+148]
 [ -9.08296865e+148   1.31046307e+148]
 [  5.18424650e+147   1.33963551e+149]
 [ -3.69570546e+148  -2.73536560e+148]
 [  1.63406642e+149  -4.23695989e+148]
 [ -3.23922879e+148   5.64539559e+148]
 [  6.57655340e+148  -2.86628176e+148]
 [ -2.22002465e+149   2.55024030e+149]
 [ -9.95246279e+149   1.64571683e+149]
 [ -3.45153186e+148  -1.71555111e+148]
 [ -7.69278355e+149  -4.71552909e+147]
 [  4.68319217e+148  -6.16879710e+148]
 [ -1.05241453e+149  -8.73042519e+148]
 [  5.65771874e+148   5.21823149e+148]
 [  1.79880226e+148   5.75934847e+148]
 [  8.86845665e+147  -8.68854909e+147]
 [  4.99150205e+148   4.10531925e+148]
 [ -2.35491464e+148  -5.95985725e+148]
 [ -5.88868868e+148  -2.11746041e+148]]