[[ -1.43673539e+148  -2.74554724e+149]
 [  6.34765926e+148  -1.81573438e+147]
 [ -2.06219881e+148   3.53412994e+148]
 [  8.50598152e+148   5.58737055e+148]
 [ -3.84895184e+147  -3.74372288e+148]
 [ -3.20196837e+149   9.63745750e+148]
 [  1.75337859e+148   6.65230780e+148]
 [ -2.63372393e+148  -1.86775639e+148]
 [  3.00808223e+148  -1.18216035e+147]
 [ -8.92825052e+148   1.70824497e+149]
 [ -9.40537546e+148   4.27232419e+147]
 [ -1.09113808e+149   1.43986747e+149]
 [  3.96584912e+148   2.63722598e+148]
 [ -7.16175559e+148   1.91497590e+149]
 [  8.54453748e+148  -2.88861759e+148]
 [ -2.63593330e+148   3.14939149e+146]
 [ -4.65838118e+148  -8.85135851e+148]
 [ -1.06868414e+149  -6.77558279e+148]
 [ -8.87932853e+148  -8.50079414e+147]
 [ -8.36416955e+148   2.78033094e+148]
 [ -1.24325825e+148   3.99703462e+148]
 [ -2.26941604e+149   2.65721836e+149]
 [  2.32592309e+148  -5.16025043e+148]
 [ -4.32044865e+148   1.08433756e+148]]