[[  2.69792041e+149   1.04306357e+149]
 [  5.02361914e+148  -6.97178704e+148]
 [ -5.40662159e+147  -6.23570037e+148]
 [ -5.19484481e+148   2.72991295e+148]
 [  7.20699041e+148  -5.41454968e+147]
 [  1.68719096e+148  -8.45832977e+147]
 [  5.48615960e+148  -4.46064646e+148]
 [ -1.77808556e+149  -2.67782173e+149]
 [  7.65380582e+148  -1.41796508e+148]
 [ -1.20013790e+149  -3.31005488e+148]
 [  5.86402244e+148   5.53252279e+148]
 [ -1.09936716e+149   2.93265272e+149]
 [  2.31110659e+149  -1.18961253e+149]
 [ -1.64927906e+148  -1.12638648e+149]
 [ -1.60344005e+149   6.76101853e+147]
 [  4.51186469e+148   1.42264160e+148]
 [  5.02247107e+148   5.06006960e+145]
 [  1.77672507e+148  -1.42133209e+149]
 [  1.82622176e+148   1.00646588e+149]
 [ -3.02084234e+147   1.80465700e+149]
 [ -1.63828893e+149   1.89962399e+148]
 [ -7.11153670e+148  -7.48872204e+148]
 [  5.63744985e+148   4.79669031e+148]
 [  8.51115980e+147   6.20750274e+147]]