[[ -2.53898695e+148  -8.00722287e+148]
 [ -3.13201926e+148   1.06390362e+149]
 [ -3.83374743e+148  -8.09721941e+148]
 [ -1.49354221e+148   1.97748016e+148]
 [ -9.14715229e+148  -1.01143824e+149]
 [ -5.71991642e+148  -5.30091805e+147]
 [ -6.57641265e+148  -8.71717138e+148]
 [ -8.67613632e+148   2.10775512e+148]
 [  7.53797066e+147  -4.97331585e+148]
 [  1.03841991e+148  -1.15848487e+149]
 [ -6.74245122e+148   8.23686205e+148]
 [ -1.68849067e+148  -1.27890361e+146]
 [ -5.81678232e+148   7.61685726e+147]
 [ -2.70405986e+148  -5.29426126e+148]
 [ -7.95365854e+148   3.05780513e+148]
 [  6.60773565e+148   1.06441511e+149]
 [ -1.15436695e+148   6.38873161e+148]
 [ -1.24207479e+149  -4.75661128e+148]
 [  8.71509920e+148  -3.93556679e+148]
 [  8.40269897e+148   1.34838969e+148]
 [  1.22678988e+149  -1.90887795e+149]
 [ -5.31315597e+147  -6.15695638e+148]
 [  7.41657562e+148   5.63938435e+148]
 [ -3.37668928e+148  -1.18020771e+149]]