[[ -1.14665504e+149   5.79224614e+147]
 [ -1.99582643e+148  -1.04524017e+148]
 [  1.01762252e+148   7.89586357e+148]
 [  2.28282046e+149   1.74983963e+149]
 [  8.73276750e+148  -7.98260827e+147]
 [ -1.28057253e+149   3.02326769e+148]
 [ -1.67487815e+147   1.49205618e+148]
 [ -4.08558713e+148  -4.92614759e+148]
 [  8.71522908e+148   2.24562621e+148]
 [ -1.65947162e+149   2.24303725e+149]
 [ -9.31135740e+148  -8.43192317e+148]
 [ -4.76685047e+148  -2.88113774e+148]
 [ -1.30081611e+149   1.09148050e+149]
 [ -7.01601780e+147   7.22020361e+148]
 [ -2.54003718e+148   2.57648379e+148]
 [ -6.81169452e+147   4.06214960e+148]
 [  3.97698547e+147  -4.99262258e+148]
 [ -2.15307398e+149   2.17725133e+149]
 [ -8.35596314e+148  -9.90001968e+148]
 [  8.74968864e+148   7.98895013e+148]
 [  3.46464119e+148   2.94900819e+148]
 [ -7.96113990e+147   2.04367216e+148]
 [  3.55584148e+149   1.30424958e+149]
 [ -1.25027916e+149   8.50075949e+148]]