[[ -9.03796090e+148   4.75624839e+147]
 [ -1.13825483e+149  -7.05115258e+148]
 [ -1.99937510e+149   5.90385708e+148]
 [  6.59264907e+148   9.46768506e+147]
 [ -2.31979887e+149  -7.73403606e+147]
 [ -6.03681458e+148  -1.46246330e+148]
 [  3.60468951e+148   4.12696296e+148]
 [  6.39442203e+148  -1.95597116e+149]
 [ -7.80439465e+148   1.06288134e+148]
 [ -3.07985798e+148   9.00744406e+148]
 [ -4.97048175e+149  -1.12126365e+149]
 [ -7.00807490e+148   6.51459794e+147]
 [  5.99173124e+148   1.01463114e+149]
 [ -5.73481279e+148  -7.28259221e+148]
 [  5.55319033e+148  -1.93039260e+149]
 [ -7.72554300e+148  -7.66273283e+148]
 [ -1.01841194e+149  -4.59872694e+148]
 [ -9.15697514e+148  -1.09747281e+149]
 [ -9.54359896e+148  -6.18822422e+148]
 [ -7.59714523e+148  -4.66261040e+148]
 [ -1.31889508e+149  -1.10011343e+149]
 [ -1.19313917e+149  -1.11312183e+149]
 [ -9.96986399e+148  -7.79654961e+148]
 [ -1.46435483e+149   3.73727658e+148]]