[[ -2.07467851e+149  -9.75993986e+148]
 [  3.06666571e+148  -6.50348275e+148]
 [ -9.94266729e+148  -4.22234356e+148]
 [  8.64749107e+148  -3.07465470e+148]
 [ -1.77257309e+147   2.50650073e+148]
 [  1.52750189e+149   1.39304951e+149]
 [ -5.50846369e+148  -1.00593249e+148]
 [  8.08554603e+147   8.92744873e+148]
 [ -3.44365596e+148   5.71162695e+148]
 [ -8.43484600e+148   2.56348098e+148]
 [  4.17997774e+148   1.57581929e+148]
 [  4.23164996e+148  -1.76181958e+148]
 [ -7.21511837e+148  -1.86895535e+149]
 [ -3.05059682e+148  -5.93571329e+148]
 [  4.72346072e+148   3.00515637e+148]
 [  6.76313899e+148  -1.55372681e+148]
 [  5.41736169e+148   5.58429356e+148]
 [ -2.65605533e+148   4.13829652e+148]
 [  5.84605191e+148   6.89981843e+148]
 [  5.63409081e+148   2.57179786e+147]
 [ -3.05486072e+148  -2.61545213e+148]
 [ -1.88674082e+148   1.48547783e+148]
 [ -4.57362193e+148  -8.30742180e+148]
 [ -5.91828234e+148   5.19234422e+147]]