[[ -2.23917594e+148   6.54749382e+148]
 [  3.43364675e+149   7.63114736e+148]
 [  1.23873377e+149   3.82604253e+148]
 [  9.68457468e+148   4.96828038e+148]
 [  3.68218350e+148   4.89535006e+148]
 [ -8.41536198e+146   4.12193845e+148]
 [  1.02140272e+148   1.67689793e+148]
 [ -1.39610031e+149  -2.82558191e+149]
 [  4.03027377e+148   8.62895533e+147]
 [ -1.54702916e+148  -1.00489674e+149]
 [ -5.45904636e+148   1.19425163e+149]
 [ -4.40530787e+148   1.24579223e+148]
 [ -1.99158443e+146  -8.12124664e+148]
 [ -1.72127266e+148  -3.87932811e+148]
 [  1.56592470e+149  -6.33314314e+148]
 [  2.41545945e+149   4.32622743e+149]
 [ -1.99196848e+148   8.92129704e+148]
 [  3.35772660e+149   9.24481866e+148]
 [ -9.05421978e+148   1.05855906e+149]
 [ -1.31524737e+147   1.23487863e+149]
 [ -8.26874647e+148   6.74756700e+148]
 [ -1.31538146e+148  -5.20710010e+148]
 [ -6.93890000e+145   1.30176647e+149]
 [  1.09339105e+148  -5.87138685e+148]]