[[  2.88104428e+147   2.50564801e+149]
 [ -2.77134577e+148  -1.59888468e+149]
 [ -2.06574102e+148  -6.35813929e+148]
 [  3.19130408e+146   1.82408877e+148]
 [ -2.25019604e+148  -1.64294110e+149]
 [  3.10013039e+146   1.11525531e+149]
 [ -5.86742836e+148  -3.04750999e+148]
 [ -5.33880785e+148  -4.53930969e+148]
 [ -2.10721343e+148  -1.72876992e+148]
 [ -8.24363785e+147  -8.17603453e+148]
 [ -3.70963396e+148  -3.78001693e+148]
 [ -7.22937458e+148   1.42752948e+148]
 [ -3.70203727e+148  -7.17570254e+148]
 [  3.30609619e+148  -1.10269639e+149]
 [ -7.16356127e+148  -4.69081874e+148]
 [  1.02607611e+147   2.29175984e+149]
 [ -1.92531896e+148   1.55706948e+149]
 [ -1.83349492e+148  -2.22240442e+148]
 [ -2.20064121e+148   1.67762581e+148]
 [  6.46034446e+148   1.04156518e+149]
 [  1.42340662e+148  -5.09592344e+148]
 [ -3.23658682e+148  -8.08853653e+148]
 [  1.37367277e+148   1.27120689e+149]
 [ -2.03776606e+148  -5.35231873e+148]]