[[ -2.87549758e+147  -1.63986492e+148]
 [ -8.15334844e+148   5.79772870e+148]
 [ -5.20497739e+147  -4.53832150e+147]
 [ -2.80332609e+148  -2.87098465e+148]
 [  4.42369094e+148  -2.12303452e+148]
 [ -3.01323590e+148  -2.75181692e+148]
 [  2.52679937e+148   1.22909010e+148]
 [  1.93187183e+147  -9.53009780e+148]
 [ -2.17207413e+148  -5.52095458e+148]
 [  1.24619633e+149   3.55213338e+149]
 [ -1.46053413e+149  -2.26705810e+149]
 [  2.29397895e+149   2.89662023e+149]
 [  2.08408405e+148  -4.26215664e+148]
 [  1.85385235e+149   1.56489493e+149]
 [  2.10279040e+149   2.69911114e+148]
 [ -2.38852349e+149   3.82034353e+148]
 [  9.67327394e+148   3.62017024e+148]
 [ -1.74916670e+149  -5.95284959e+148]
 [ -1.78307104e+147   1.90458047e+149]
 [  1.84127187e+149   2.57954734e+149]
 [  6.58975080e+147   1.22296530e+149]
 [ -4.39427431e+148  -6.01343120e+148]
 [ -3.66188347e+148  -6.31427370e+148]
 [  6.92829435e+148   6.33567292e+147]]