[[ -6.01269982e+148  -9.66026587e+148]
 [ -8.52852156e+148   9.45670753e+148]
 [  3.49001044e+148  -1.09442073e+148]
 [  3.65823262e+148  -2.68718195e+148]
 [ -2.57110892e+148   6.11358926e+148]
 [ -1.56933321e+148  -1.93073363e+148]
 [ -1.63899855e+149  -7.51354728e+148]
 [ -7.11018906e+148  -3.05150589e+146]
 [  3.35833859e+148   2.96334533e+148]
 [ -1.35467271e+149   1.26262329e+149]
 [  1.02533714e+149  -3.75596838e+148]
 [ -6.18589146e+148  -6.55040600e+148]
 [  3.76909204e+147  -6.59347681e+148]
 [ -1.29831051e+148  -5.34635746e+148]
 [ -4.36307877e+148   4.74270374e+148]
 [ -2.44551531e+147   1.16581932e+149]
 [  7.37834116e+148   1.29729857e+148]
 [  7.35464302e+148   1.19521496e+149]
 [  7.37944593e+148   1.83977132e+149]
 [  1.43279607e+148   4.69424689e+148]
 [ -9.98677987e+148   2.82149979e+147]
 [ -2.60788931e+149  -2.34647955e+149]
 [  6.33417892e+148   5.76516221e+148]
 [ -2.82971283e+148  -2.37910686e+148]]