[[  1.77661425e+149  -1.32265758e+149]
 [  1.02021022e+149  -1.61179978e+149]
 [ -2.52017112e+148  -7.13077484e+148]
 [  1.19128266e+148   2.28012599e+148]
 [ -5.12127105e+148   3.14883517e+148]
 [  1.15912884e+149  -2.42918113e+148]
 [ -1.95933078e+148  -8.55231986e+148]
 [ -2.55952150e+149  -2.59546778e+149]
 [ -2.05601742e+146   3.09984457e+148]
 [  1.78197905e+148  -2.47955605e+148]
 [ -4.00493502e+148   2.40507570e+148]
 [ -1.90436849e+149   1.11744212e+148]
 [  8.73349697e+148  -1.63748897e+149]
 [  3.65482957e+148  -1.00020341e+149]
 [ -1.49230786e+149   4.48500903e+148]
 [ -2.47188573e+148   4.87444519e+148]
 [ -8.36323132e+148   9.39999520e+148]
 [ -1.64808792e+149  -9.21050144e+148]
 [ -3.53250003e+148   9.63115273e+148]
 [ -1.12038744e+149   3.00209367e+149]
 [  3.95788035e+148   1.44332215e+149]
 [  3.02701015e+148  -3.99016258e+148]
 [  1.99716260e+148   1.29888609e+149]
 [ -1.50288034e+149   1.36802705e+149]]