[[ -2.93761366e+149   2.40474742e+149]
 [ -2.78860980e+148  -3.22483406e+148]
 [ -7.90941438e+147   2.96126699e+148]
 [ -2.47241253e+148  -1.21566154e+149]
 [  4.54127872e+148  -7.90611457e+148]
 [ -1.47075265e+148  -8.35648862e+148]
 [ -6.86190805e+148  -1.33696149e+148]
 [  4.27473103e+148   1.46894612e+148]
 [  5.93895948e+147  -7.13282278e+148]
 [ -2.47988565e+148   8.51930904e+148]
 [ -2.40823711e+149  -5.12329925e+148]
 [ -6.22904947e+147   1.60798209e+148]
 [ -2.05887146e+148   2.70635002e+149]
 [  8.42029496e+148  -4.04086523e+148]
 [  1.63457728e+149  -2.28237251e+149]
 [ -1.38182218e+149  -5.29293463e+148]
 [ -6.13303982e+148  -3.29100753e+148]
 [  1.01679375e+149  -2.18932037e+148]
 [ -2.99577464e+148   1.02345775e+148]
 [ -3.95042496e+148  -3.83065514e+148]
 [  4.77786716e+148  -2.27709450e+149]
 [  3.61523807e+148   2.95976944e+148]
 [ -1.19427538e+149  -7.51171586e+148]
 [ -8.98898368e+148   1.80120013e+148]]