[[ -3.12693331e+148   6.14184038e+148]
 [ -4.66560480e+148  -1.47111530e+149]
 [  2.77746702e+149   3.77999018e+149]
 [  3.46133958e+149   3.03481778e+149]
 [ -2.43884677e+149  -1.84580926e+149]
 [ -8.28071305e+148   6.82181671e+148]
 [  2.91014649e+148   4.91922912e+148]
 [ -5.08098269e+148  -1.10527855e+149]
 [  6.05100518e+147   2.58616587e+148]
 [  3.44503505e+148  -2.51046079e+148]
 [  3.13462892e+149   4.21398803e+149]
 [ -1.47407575e+148  -2.04155955e+148]
 [  3.62772434e+148   1.79459900e+148]
 [  4.74143987e+148  -1.82292211e+148]
 [  1.59329352e+149  -9.33764932e+148]
 [  1.68092550e+149  -1.96711180e+148]
 [  3.07051334e+148   9.02421338e+148]
 [  4.30389256e+148  -9.57746767e+148]
 [  1.52579958e+149   7.91081424e+148]
 [ -1.19227829e+149  -1.36814474e+149]
 [  1.88656609e+149   8.95110755e+148]
 [  5.28308221e+148   2.73856427e+148]
 [ -1.76980685e+148   3.76289881e+148]
 [  6.98235762e+148  -1.44868944e+148]]