[[  1.21346610e+148  -9.71490653e+147]
 [  6.63788620e+148   5.33484731e+148]
 [  8.06881185e+148  -2.05922378e+148]
 [  7.23908720e+148  -4.64745547e+148]
 [ -3.85275197e+148  -3.70933373e+148]
 [  2.43231752e+148   3.65789670e+148]
 [  5.17978349e+148   3.69812184e+148]
 [ -4.40979719e+148  -1.12432432e+148]
 [ -6.78883226e+147   3.62400508e+147]
 [  1.27291016e+149   5.17352333e+148]
 [  1.51570724e+149  -3.13552448e+148]
 [ -9.60090349e+148  -8.31402424e+148]
 [  1.27355012e+149   1.10104476e+149]
 [ -2.65116083e+149   1.53696709e+149]
 [  6.13017965e+148   2.10265067e+148]
 [ -2.81625404e+148  -1.25140037e+149]
 [  2.25036175e+148  -4.69046442e+148]
 [ -2.00641867e+149   1.05075487e+149]
 [  4.77926680e+148  -1.69086486e+148]
 [  1.43079686e+149  -9.71717071e+148]
 [ -6.22527410e+148  -2.45087411e+147]
 [  3.29849078e+148  -5.98230369e+148]
 [  1.51871996e+149  -2.45281967e+149]
 [  9.33070064e+147   8.94697096e+148]]