[[ -9.99157088e+148  -7.99349770e+148]
 [ -1.04263462e+149   6.04910951e+148]
 [  7.45614515e+148   2.54142020e+147]
 [ -9.24605893e+147  -3.96380076e+147]
 [ -4.32696403e+148  -7.21322033e+148]
 [ -1.00572222e+148  -7.38479992e+148]
 [  5.83493436e+146   5.10767909e+148]
 [  4.41250943e+148  -1.71019961e+148]
 [  4.00986385e+148  -5.45726679e+147]
 [  3.39660909e+148   2.81284412e+149]
 [ -4.03959027e+149  -1.12264891e+149]
 [ -6.74890849e+148  -8.99864599e+148]
 [  5.78465968e+148   1.61561410e+148]
 [  2.48527817e+149   1.29444032e+149]
 [ -3.14733536e+148   2.07304004e+148]
 [ -3.83998701e+148  -8.77155216e+147]
 [  2.29176359e+148  -1.22051665e+149]
 [  5.28938414e+148   6.11828169e+148]
 [ -1.15637538e+149  -3.47142473e+148]
 [ -5.12963430e+148  -9.46145937e+148]
 [ -5.81390052e+148   1.35215333e+148]
 [  6.66467837e+148   3.48755392e+148]
 [  4.47987866e+148  -2.03132346e+149]
 [ -1.65729490e+149   1.03149341e+149]]