[[ -8.93781480e+146   4.78981474e+148]
 [  7.35947417e+148  -4.32167638e+148]
 [ -3.09483912e+148  -8.62546709e+148]
 [  7.37639379e+148  -5.50405546e+148]
 [  2.36068493e+148   4.89325769e+148]
 [  4.82179166e+148   4.15746329e+148]
 [ -6.91483463e+148  -3.41633082e+148]
 [ -1.46654477e+149  -3.79390803e+147]
 [  6.53819073e+148   1.90252851e+148]
 [ -8.92600218e+148  -2.79495158e+148]
 [ -6.45177755e+148   7.60912275e+148]
 [ -4.98812953e+147   3.31524014e+148]
 [  6.12843630e+147  -1.08886099e+148]
 [ -8.57340819e+148   5.66110965e+147]
 [ -1.16912140e+149  -4.03246896e+149]
 [  1.50618346e+149  -1.33041097e+149]
 [  6.50512410e+148  -9.01714646e+148]
 [  5.75703412e+148  -1.28865071e+149]
 [  6.60739086e+147   6.09535587e+148]
 [  1.31846584e+149  -1.32746673e+149]
 [ -1.63719257e+149   4.09411518e+148]
 [ -2.79414910e+149  -8.24667745e+148]
 [  6.37720399e+148   3.42115676e+147]
 [ -7.81805684e+148   2.89400191e+148]]