[[  4.30727210e+148   6.35752050e+148]
 [ -7.60938079e+147   7.37639276e+148]
 [ -3.67831847e+148  -4.40861867e+148]
 [  3.98658145e+148  -5.80519967e+147]
 [  1.02792057e+149   3.60043895e+148]
 [  1.53385606e+149   3.88020225e+148]
 [ -5.62995388e+147  -3.82530988e+148]
 [ -1.57159482e+149  -1.23387926e+149]
 [  7.64026380e+148  -3.30546500e+147]
 [ -1.18576879e+149  -3.03392415e+148]
 [  4.35986495e+148   3.84496636e+148]
 [  5.33409543e+148  -3.51535445e+148]
 [  3.80149646e+148  -1.21872671e+149]
 [ -1.11922041e+149  -5.88855119e+148]
 [ -1.00527118e+149  -2.92067178e+148]
 [  2.55672027e+148  -4.66220353e+147]
 [  1.11808610e+149   7.90985445e+148]
 [  2.58543586e+148   9.48971170e+148]
 [  3.88028483e+148   2.43434136e+148]
 [ -4.61290151e+147  -3.21521844e+148]
 [ -1.63422366e+149  -2.01380775e+149]
 [ -1.27885433e+149  -9.17430194e+148]
 [  1.26564793e+149   2.28858500e+148]
 [ -5.29723371e+148   5.54848651e+148]]