[[  2.73172297e+149  -1.63110241e+149]
 [  1.94147833e+149  -4.17153276e+148]
 [  4.94036577e+148  -9.25907923e+148]
 [ -3.04080927e+148   1.64450523e+148]
 [  1.46005823e+149   6.47646313e+148]
 [  7.62679395e+148   6.10758644e+148]
 [  5.28694594e+148  -8.18344958e+148]
 [  1.30612110e+149  -7.97643230e+148]
 [  6.56825071e+148  -4.23783387e+147]
 [  4.14605387e+148  -1.03306718e+149]
 [  3.97004649e+148  -9.07248383e+148]
 [ -1.82546725e+149   4.44913187e+148]
 [  2.90650963e+148  -1.65996832e+148]
 [  1.89127535e+149  -1.57386582e+149]
 [ -7.07569981e+148  -2.00411435e+148]
 [  3.63074246e+148  -1.93171146e+148]
 [  3.33132323e+148   3.58890295e+148]
 [  1.01746790e+149   1.48059794e+148]
 [ -2.81427273e+148  -7.88020568e+148]
 [ -1.12793460e+149   5.37221341e+148]
 [ -6.98228556e+148  -9.10939027e+148]
 [  3.80578127e+148  -1.19016960e+148]
 [  9.94102723e+148   4.78614605e+148]
 [ -5.12473187e+148  -3.35553640e+148]]