[[  6.23345987e+148  -1.38646758e+149]
 [  1.08034135e+149  -7.13295582e+148]
 [ -7.56994828e+148   2.94424961e+148]
 [ -5.87046819e+148  -9.34199396e+148]
 [ -1.22153308e+148   6.09370360e+148]
 [  1.17800143e+149  -5.98250663e+148]
 [ -1.01547118e+149  -3.00587944e+147]
 [  1.06941044e+148   7.67436223e+148]
 [ -4.89195450e+148  -4.04797455e+148]
 [ -1.20225377e+149   5.76647431e+147]
 [  2.53665891e+149   1.73720675e+149]
 [ -9.40804338e+147   3.17895232e+148]
 [ -2.65322897e+148   5.98447941e+148]
 [  8.82817416e+148  -4.57863433e+148]
 [ -1.04700374e+149  -2.07979107e+149]
 [  5.37170529e+148   4.52949911e+147]
 [  5.34164614e+148   2.37135671e+148]
 [ -6.25520937e+148   1.69968259e+149]
 [  2.48711069e+147  -2.56372821e+149]
 [  9.63397295e+148  -9.55525160e+148]
 [  7.68322415e+148   7.91930286e+147]
 [  8.40405931e+148   2.91027281e+149]
 [  1.01504141e+149  -5.54431857e+148]
 [ -1.35466501e+149   1.54499039e+149]]