[[ -8.03451365e+148   6.77265214e+148]
 [  1.66809575e+149  -1.14698088e+149]
 [ -1.83680143e+149   4.53640318e+149]
 [ -1.28018808e+149   6.26293117e+148]
 [  7.59068708e+148  -2.35480453e+148]
 [ -5.08397535e+148   4.54355288e+148]
 [ -4.00935563e+148   1.03046811e+149]
 [ -8.22948471e+148  -7.76211997e+148]
 [ -6.11273550e+148   9.13169248e+148]
 [ -2.41663589e+148   1.93767407e+148]
 [ -2.71490072e+149   3.27625588e+149]
 [ -4.86153972e+148  -1.28934350e+148]
 [  1.69712131e+147   6.36177768e+148]
 [  1.43405521e+149   1.16278712e+149]
 [  3.34344857e+148  -4.36477152e+148]
 [ -2.54076831e+149  -2.85915469e+149]
 [  5.60729070e+148  -1.03941188e+149]
 [  1.87337238e+149  -1.38535816e+149]
 [ -1.98629027e+149   2.40753280e+148]
 [  7.99961742e+148  -1.28053201e+149]
 [ -9.71766570e+147  -5.25271395e+147]
 [ -1.45723511e+149  -8.36221226e+148]
 [ -3.12499250e+148  -3.63644536e+148]
 [ -1.47636772e+148   2.55396718e+148]]