[[ -5.34807884e+148  -1.03978534e+149]
 [ -3.51981506e+148  -1.16794206e+148]
 [ -4.69752805e+148  -2.74832319e+148]
 [ -5.72237602e+148  -1.23367811e+148]
 [  3.63310507e+148  -4.18548979e+148]
 [ -1.52583100e+148  -3.67762888e+148]
 [ -2.41433110e+148  -7.78658910e+148]
 [  8.02750854e+148  -6.22195523e+148]
 [  4.37664528e+148  -2.78847702e+148]
 [ -9.88562588e+148  -2.18758740e+148]
 [ -3.48017673e+148  -4.14763283e+148]
 [  2.46969523e+148   1.95424623e+148]
 [ -1.13947510e+149   6.92315806e+148]
 [ -8.81363748e+148  -6.78707189e+148]
 [  5.30307813e+148  -4.09648298e+148]
 [  5.05577634e+148   8.14682878e+148]
 [  1.67122611e+148  -8.17314829e+148]
 [ -5.73724171e+148   6.77616558e+148]
 [  1.57123131e+149  -6.65639220e+148]
 [  8.69030626e+147   7.33339818e+148]
 [  7.56650368e+148  -4.67924222e+148]
 [  1.16011722e+149   7.80695654e+148]
 [  5.78572003e+148   1.93424318e+148]
 [ -1.11502514e+149  -5.52056257e+148]]