[[ -5.38659973e+148  -4.63100676e+148]
 [  4.32894658e+148  -2.71370319e+149]
 [  1.69249356e+149  -3.12349877e+148]
 [  1.90796474e+148  -1.36581386e+148]
 [  5.54378973e+148  -4.25419825e+148]
 [ -5.60164789e+148   4.43788251e+148]
 [  8.64404006e+148   1.67345477e+148]
 [ -9.99760420e+148   1.92647166e+149]
 [  4.16205835e+148   2.42405222e+148]
 [  1.78886371e+149  -1.46089452e+146]
 [  9.50203344e+148  -1.84614651e+149]
 [  8.64104553e+148  -5.86464301e+148]
 [  1.81056689e+149  -7.05501541e+148]
 [ -1.12496697e+149  -4.26688748e+148]
 [ -8.10853412e+148   4.74100643e+148]
 [ -7.81154527e+148  -4.94324465e+148]
 [ -5.36089439e+148  -1.89128767e+149]
 [ -2.82501656e+147  -1.78615915e+148]
 [ -1.29224125e+149  -1.09144759e+149]
 [ -1.23481836e+149   3.45791638e+148]
 [ -1.26745768e+149  -1.91814384e+148]
 [ -4.82147586e+148  -8.98254810e+148]
 [ -8.53630910e+147  -8.00050192e+148]
 [  4.68443613e+148   7.03399477e+148]]