[[  8.09186181e+148  -3.61775525e+149]
 [ -1.29958846e+148   6.92451928e+148]
 [  1.04424953e+149   8.44325710e+146]
 [  1.54884880e+148  -2.55261618e+148]
 [ -7.46438243e+148  -3.17827563e+148]
 [  1.15900956e+149   3.32167333e+148]
 [ -5.72360364e+148   1.05700223e+149]
 [  6.12081410e+148   7.19061629e+148]
 [ -4.31905671e+148  -2.82308097e+148]
 [  3.52406537e+148   1.21025673e+149]
 [ -8.39580659e+148  -8.60287068e+148]
 [  2.30644296e+148  -2.64543576e+148]
 [  3.98517721e+148   3.94538716e+148]
 [  1.56563698e+149  -2.50501691e+148]
 [  2.53149945e+149  -6.66229360e+148]
 [ -4.15460030e+148   1.94731425e+148]
 [ -2.24001714e+148  -1.04081658e+149]
 [  8.76193870e+148   6.85368957e+148]
 [  7.37868052e+148  -1.39957629e+149]
 [ -4.74467668e+147  -5.45724859e+148]
 [  2.01598831e+149   2.15804045e+149]
 [  5.64577581e+148   7.89567456e+148]
 [ -3.42717508e+148  -4.77280304e+148]
 [  3.01298998e+148   7.00611432e+147]]