[[  9.64406804e+147   1.61112882e+149]
 [  8.86345366e+148  -2.75652285e+148]
 [  3.20842503e+148   1.99782647e+148]
 [ -2.52674117e+148  -3.71442400e+147]
 [  1.22845190e+148   8.17721340e+148]
 [ -3.18147956e+148   1.32564032e+148]
 [  4.63801298e+148   3.36732073e+148]
 [  3.54946168e+148  -4.30954938e+148]
 [ -4.11705759e+147   1.90415178e+148]
 [  6.73057979e+148  -6.66266314e+148]
 [ -1.47212952e+149  -1.31085431e+149]
 [ -1.82016334e+149   8.30464146e+148]
 [ -1.39902975e+148  -3.91352766e+148]
 [  2.72901584e+149   1.03081646e+149]
 [  3.86411466e+148  -2.66252489e+148]
 [ -5.10408184e+148  -1.13699384e+149]
 [ -1.91814463e+149   2.12372636e+148]
 [  1.92412185e+149  -1.04212565e+149]
 [ -1.94432148e+147  -5.75484722e+148]
 [ -6.62135826e+148   5.66423571e+148]
 [  1.08258090e+147  -9.83371112e+148]
 [  1.05743858e+148  -1.04414429e+148]
 [ -1.01140754e+149   5.50594434e+148]
 [  2.44877652e+149   7.36055200e+148]]