[[ -3.80214656e+148  -1.13101621e+148]
 [ -2.76204994e+148   7.39077331e+148]
 [ -7.26315893e+148  -1.04356203e+149]
 [ -1.10924843e+149  -1.70477404e+149]
 [  8.90731571e+148  -4.55719119e+148]
 [ -2.23836008e+148  -1.29926495e+148]
 [ -1.06012648e+149  -3.57525597e+148]
 [  3.04760049e+147  -1.92375538e+148]
 [ -1.55036410e+147  -1.91758679e+148]
 [  4.37776248e+148  -3.78457235e+148]
 [ -3.88198480e+148   9.34528328e+148]
 [ -9.65479418e+148  -4.88452823e+149]
 [ -1.60126761e+149  -5.43887590e+149]
 [ -8.82829548e+148   2.69568183e+148]
 [  3.76458926e+147   2.35243680e+148]
 [ -3.39147645e+149   7.75598446e+148]
 [  4.72667779e+148   5.54912372e+148]
 [ -1.08959100e+149   6.47386907e+148]
 [  1.00530193e+148  -1.94546968e+148]
 [ -4.44158364e+148  -8.81558882e+148]
 [ -1.51161116e+149   2.75658677e+148]
 [  4.46468163e+148  -1.33629617e+149]
 [  3.77068508e+148   1.19683422e+149]
 [  8.35128586e+148   5.42531855e+147]]