[[  6.24561805e+148  -4.94760130e+148]
 [ -5.79177081e+148   1.04107500e+149]
 [ -1.11977408e+149   7.38033147e+148]
 [ -1.28808946e+149   5.38925134e+148]
 [  1.26711539e+149  -1.04632430e+149]
 [ -9.25462427e+147  -5.69885140e+148]
 [ -3.72553043e+148   8.57628158e+148]
 [  1.95634187e+148  -4.74677072e+148]
 [ -3.45872246e+148  -8.74845993e+147]
 [ -3.40209027e+149   3.54417801e+148]
 [  1.66751001e+148  -1.29998226e+148]
 [  9.06605325e+148  -1.35612125e+149]
 [ -6.67420281e+148   7.08629276e+148]
 [ -8.69712792e+148   5.25299378e+148]
 [ -6.18553043e+148   7.52249440e+148]
 [ -4.34475017e+148  -5.25608246e+148]
 [  2.36924452e+148  -5.22616387e+148]
 [ -1.24011821e+149   7.59014211e+148]
 [  1.10749233e+148  -5.02908592e+148]
 [ -9.75025865e+148  -2.33379152e+149]
 [  6.96237589e+148  -1.02139489e+149]
 [ -3.23102410e+148   6.75344554e+147]
 [  1.08440587e+148  -1.59716190e+149]
 [ -4.47014039e+148   4.34942385e+148]]