[[  1.12323013e+148   1.84374629e+148]
 [ -1.00159170e+147  -1.49313759e+148]
 [ -1.90705405e+148  -1.78308942e+149]
 [  7.42461521e+148  -1.98150595e+149]
 [ -9.77092557e+148   1.45071361e+149]
 [  2.45192581e+149  -2.38813371e+148]
 [ -3.20871758e+148  -1.01543796e+149]
 [ -3.31675343e+148   3.18980864e+148]
 [ -2.89145361e+148  -6.61454440e+148]
 [  4.43006540e+149  -2.98537540e+149]
 [  8.39726072e+148  -2.99259582e+148]
 [  3.08318547e+148  -4.78703279e+148]
 [  4.91085715e+148  -1.14551719e+149]
 [ -4.91340207e+148  -2.79597003e+147]
 [  1.48156979e+148  -3.12477727e+148]
 [ -2.36691052e+148   1.18220667e+149]
 [ -5.00596998e+148   8.95286092e+148]
 [ -6.75856588e+147   4.25167118e+148]
 [ -1.66001600e+149   1.04742293e+149]
 [  6.70380506e+147   8.31253856e+148]
 [ -1.53370735e+149   1.21307644e+149]
 [  2.13743277e+148   7.39715022e+148]
 [  1.95982278e+147   5.83150863e+148]
 [ -2.89470873e+148  -1.00461295e+149]]