[[ -6.93509296e+148  -7.95557209e+148]
 [  8.88347573e+148   8.85809024e+148]
 [ -1.90745110e+148   4.96945429e+148]
 [  8.76602238e+148   3.33666159e+148]
 [  3.07353720e+147   7.15577289e+148]
 [ -1.05038017e+149  -1.13362010e+149]
 [  1.59839053e+148   1.04839925e+149]
 [ -3.84824583e+148   1.91256943e+148]
 [ -3.47653867e+148   6.27074526e+148]
 [ -1.45481723e+149   1.45576122e+149]
 [  5.16127656e+148   1.26723751e+148]
 [  1.95567698e+148  -5.91531494e+148]
 [ -1.48225095e+148   6.11354274e+148]
 [  6.85970453e+147   7.75087235e+148]
 [  6.55473077e+148   1.38319803e+149]
 [ -1.96833415e+148  -6.38353761e+148]
 [ -1.73115292e+148  -1.43426837e+149]
 [ -1.63920194e+148  -1.04913473e+149]
 [  7.01459231e+148  -1.63693515e+148]
 [  1.71169948e+148  -2.03218622e+149]
 [ -1.53758119e+149   7.54501352e+148]
 [ -4.67730374e+148   5.72070282e+148]
 [ -3.19835888e+148  -1.17290721e+149]
 [  8.57006258e+148  -3.12750550e+146]]