[[  2.93623424e+149   1.33414030e+149]
 [ -1.12223217e+149  -7.22348827e+148]
 [  6.00874417e+148  -1.86509020e+148]
 [  3.84011896e+148  -1.00602635e+149]
 [ -7.23357515e+148   3.04815611e+148]
 [  6.44983438e+148   4.26086704e+148]
 [  1.01942777e+149  -2.42628124e+148]
 [ -1.03632181e+149   9.51274095e+148]
 [ -3.88452163e+147  -7.84061228e+148]
 [ -2.32540498e+149  -2.17394463e+149]
 [  1.36332143e+148   1.41591660e+146]
 [  8.88279242e+148   1.08330110e+149]
 [  2.47341711e+148  -1.48653130e+148]
 [ -6.28448804e+148  -3.99926842e+148]
 [ -4.60790224e+148  -3.79091064e+148]
 [  6.07368326e+148   6.53714099e+147]
 [  7.52860414e+148   6.79160834e+148]
 [  1.49536808e+148   6.06107125e+148]
 [  1.24673988e+148   9.56643642e+148]
 [ -2.85262392e+148   5.73613678e+148]
 [ -1.72158452e+149  -1.17520728e+147]
 [ -3.44697649e+148   1.69094919e+149]
 [  1.30239566e+148  -7.08093860e+148]
 [ -1.33025236e+148   1.47930778e+148]]