[[  1.96932896e+149  -1.36415861e+149]
 [  1.48621302e+148  -6.17235718e+148]
 [  1.81608027e+149  -3.39297520e+149]
 [ -2.11029904e+147  -6.93955132e+148]
 [ -1.23990154e+149   2.23563407e+149]
 [ -5.11322637e+148  -5.11895949e+148]
 [  2.02993894e+148  -1.82167271e+148]
 [ -6.28901839e+148   3.20024812e+148]
 [  2.33401276e+148  -1.56143131e+148]
 [ -4.29045482e+148  -1.15283289e+149]
 [  2.52523373e+149  -1.72725489e+149]
 [ -9.07160944e+147   1.14693849e+149]
 [ -6.14597476e+148   5.75361859e+147]
 [  3.92778914e+148  -1.82940638e+148]
 [ -1.57008187e+149  -1.09713290e+149]
 [ -1.04462120e+148   1.05180895e+149]
 [ -5.17386515e+148   2.20571058e+148]
 [  4.49005911e+148  -4.95598304e+148]
 [  3.45331762e+148  -7.17288395e+147]
 [ -2.88910621e+148   7.21029903e+148]
 [  9.33456259e+147  -6.09128327e+148]
 [ -1.12112762e+149   7.77121515e+148]
 [ -3.16435333e+148   1.45485700e+148]
 [  1.75758619e+148   2.62447908e+147]]