[[  5.67052471e+148  -1.20384810e+149]
 [  4.98658050e+148  -1.65803169e+149]
 [ -1.24699904e+148  -9.64968021e+146]
 [ -1.08559344e+148   3.12282809e+148]
 [ -7.55699231e+148  -5.18753282e+148]
 [ -2.85566444e+148   4.13307483e+148]
 [ -4.84423352e+148  -3.88666602e+148]
 [ -5.53522118e+148   1.65203161e+148]
 [ -3.66752274e+148   4.73298034e+148]
 [  1.66427654e+148  -6.53092901e+148]
 [ -6.35673294e+148   5.34613530e+148]
 [  1.46651535e+148  -2.25897186e+148]
 [  6.54722079e+148  -2.91657650e+149]
 [ -2.81620004e+148   2.20793159e+148]
 [ -7.99673994e+149   1.20069675e+149]
 [  7.50696676e+148  -1.14962336e+149]
 [ -2.48088568e+148  -6.43418997e+147]
 [  2.79323135e+148  -8.61328189e+148]
 [ -2.71545238e+148   1.42716402e+147]
 [ -4.74723713e+148   7.93575297e+148]
 [ -8.14535941e+149   1.99237955e+149]
 [ -8.91802760e+148   1.00090237e+149]
 [  1.04992969e+149   1.45465713e+149]
 [  1.10593570e+148  -6.95341841e+148]]