[[ -5.40094472e+148   1.44219096e+149]
 [  7.12031505e+148  -1.83488936e+149]
 [  1.07969844e+149   1.08772751e+149]
 [  2.55362849e+147  -1.10180520e+149]
 [  1.22260238e+149  -8.76900517e+148]
 [ -1.62306534e+149   5.58787938e+148]
 [ -7.26474325e+147  -7.18696271e+147]
 [ -5.58078498e+148  -5.74294795e+148]
 [  6.80320597e+148  -8.69108661e+147]
 [ -7.17719082e+148  -1.20479396e+149]
 [ -3.30250158e+148  -4.95314554e+147]
 [  7.96027633e+148  -6.96494209e+148]
 [  1.13482882e+149   1.07038355e+149]
 [  4.28906218e+148  -1.84819051e+148]
 [ -2.30587647e+149  -2.83327633e+149]
 [  7.43007737e+148   2.77069604e+147]
 [ -1.27488920e+149   5.61332616e+147]
 [ -6.73627715e+147  -5.22483386e+148]
 [ -3.88827671e+148   5.29808465e+147]
 [  2.10151800e+149   2.84358466e+149]
 [ -2.47607408e+148   4.60453633e+148]
 [ -1.22035585e+149  -1.24070514e+149]
 [  4.53948650e+147   7.20964410e+148]
 [  5.33430774e+148   3.23704421e+148]]