[[ -2.80600208e+147   7.62670007e+148]
 [ -7.79760844e+148  -2.38073559e+148]
 [ -1.09451246e+149   2.46029217e+149]
 [ -1.62215419e+148   6.78747047e+148]
 [  7.67643083e+148  -1.95244466e+149]
 [  1.62440893e+148   3.58063197e+148]
 [ -3.24709969e+148   8.86597618e+148]
 [  1.14180448e+149   3.73658684e+149]
 [  3.73947750e+147  -2.41509697e+148]
 [  9.83755140e+148   2.01033616e+148]
 [ -6.58857572e+148   1.16736217e+149]
 [  1.05153832e+149  -5.23342341e+148]
 [  1.61359425e+149   2.32140812e+149]
 [  7.75712816e+148   4.03578120e+148]
 [  4.52613575e+148   3.94112526e+148]
 [ -2.03066058e+149   3.55165861e+148]
 [ -6.09910738e+148  -5.97919193e+148]
 [ -1.26512553e+149   1.28386005e+148]
 [ -1.88643424e+148   2.25513308e+149]
 [  6.64713007e+148   1.99839080e+148]
 [  1.04634847e+149  -7.54238176e+148]
 [  2.99205422e+148   7.18855061e+148]
 [  3.32664996e+148  -4.86936093e+148]
 [  1.92919240e+148   3.51187922e+148]]