[[ -7.44578734e+148  -3.20442137e+148]
 [ -4.70378980e+148  -5.36496748e+148]
 [  9.07993937e+147  -6.99235800e+148]
 [  8.94539707e+148  -4.31822010e+148]
 [  1.38091787e+149   1.34968053e+149]
 [  2.00435676e+148  -5.25024841e+148]
 [ -6.43766789e+147   1.32131557e+148]
 [ -7.63549943e+148   7.57296015e+148]
 [  4.01260558e+148   6.00791219e+148]
 [ -3.06908881e+148  -1.54373430e+148]
 [ -1.61060790e+149   1.42418871e+149]
 [ -1.26419425e+148  -5.87239469e+148]
 [ -2.94742472e+148  -2.79937562e+149]
 [  6.56260396e+148  -1.51539503e+149]
 [  9.29844506e+148   7.42618354e+148]
 [  8.26682640e+148  -5.45049471e+148]
 [ -1.39692369e+148   5.75340304e+148]
 [  2.90179479e+148  -1.43600184e+148]
 [ -1.80933514e+147  -3.60541200e+148]
 [  2.04410376e+149   1.28337223e+149]
 [  6.94243251e+148   6.88935541e+148]
 [ -4.68883597e+148   3.90734310e+147]
 [ -3.15750993e+148   8.31840693e+148]
 [  5.50579870e+148   8.24303169e+148]]