[[  1.59529164e+148   1.17054659e+149]
 [  7.21955699e+148  -4.03548184e+148]
 [  7.06635889e+147  -1.05012807e+149]
 [ -7.62881741e+147  -2.76219813e+148]
 [  2.26552477e+149   1.90486595e+149]
 [  2.91371414e+148   8.90759484e+148]
 [  4.14342017e+148  -2.47515395e+148]
 [ -7.01989551e+148   7.21120625e+148]
 [  5.70069512e+148   4.84698457e+148]
 [ -7.48962701e+148  -1.19428413e+149]
 [  3.15085000e+147   9.16749137e+148]
 [ -4.24295847e+148   3.55684264e+146]
 [  3.88620103e+148  -1.06486658e+149]
 [ -3.55623647e+148  -1.15091231e+149]
 [ -1.22505919e+149   5.37005269e+148]
 [  8.81287050e+148   8.91831929e+148]
 [  1.01916902e+149   8.79510504e+148]
 [  5.57820824e+148  -8.11258618e+147]
 [  1.41939253e+148  -5.27340222e+147]
 [ -1.30722876e+148   9.50820651e+148]
 [ -4.26874894e+148   1.46070116e+148]
 [ -5.26256341e+148  -6.80460348e+148]
 [  6.02326316e+148   1.66437778e+149]
 [ -1.92561865e+148  -6.84811546e+148]]