[[ -6.75448944e+148   3.25523926e+148]
 [ -9.30092142e+147  -2.35059656e+148]
 [  5.55057069e+148   4.39360707e+148]
 [  2.48397303e+148  -2.12702754e+148]
 [ -3.05315147e+148   1.94569528e+145]
 [ -4.59457687e+148  -5.96183675e+147]
 [  6.79243348e+148   1.37895116e+148]
 [  2.87288643e+148  -9.22336410e+147]
 [  3.96093728e+148  -8.27542573e+147]
 [  8.53892056e+148   6.34187808e+147]
 [  4.90448095e+148  -1.15474404e+149]
 [  7.44137981e+148  -9.01126104e+148]
 [  7.42506499e+148  -3.30743045e+148]
 [  9.52930998e+148   5.54838892e+148]
 [  1.24003034e+149   1.10862178e+149]
 [ -1.66433281e+149  -4.25504688e+148]
 [ -3.94740524e+148   1.46968767e+148]
 [ -4.81598374e+148  -2.29352221e+148]
 [  2.28215611e+148  -5.14271483e+148]
 [ -8.28156245e+148   1.90017805e+149]
 [  1.07960442e+149   4.71252247e+148]
 [  5.60056419e+147   4.27147259e+147]
 [ -9.08128542e+148  -2.83747710e+148]
 [  1.00859817e+149   1.56260089e+147]]