[[  1.76984782e+148  -1.05835786e+149]
 [  1.45917669e+148   1.71246888e+148]
 [  9.25427559e+148   5.28227602e+148]
 [  6.42683627e+148  -1.47466320e+149]
 [ -1.23157465e+149   1.48150132e+149]
 [  9.79568218e+148   7.38748906e+148]
 [  3.95124739e+148  -3.25185097e+148]
 [ -2.23973143e+148   1.50531813e+148]
 [  2.01657187e+148  -4.37647239e+147]
 [ -2.28134734e+149   1.85258522e+149]
 [  1.01778640e+149  -1.49085017e+149]
 [  3.34569352e+148  -1.19549724e+148]
 [  7.22835166e+148   7.60306578e+148]
 [ -9.05564232e+148  -4.91388846e+148]
 [ -1.40026488e+148  -7.47242932e+148]
 [  1.98433193e+149   7.97019914e+148]
 [  3.87607321e+148   4.29465933e+148]
 [  1.22076182e+149   1.16795001e+149]
 [ -1.47435412e+148   2.39016046e+148]
 [ -5.94512656e+148  -1.76297048e+149]
 [ -8.30574185e+148   2.51171387e+149]
 [  7.07285803e+147   1.02495930e+148]
 [  1.18555908e+148   1.71409854e+149]
 [ -4.06538032e+148  -9.97483059e+148]]