[[  8.65615597e+148  -9.34195823e+147]
 [  1.43504626e+148  -2.09020287e+147]
 [ -1.41660253e+149  -8.75889631e+148]
 [  2.38322546e+148  -4.63594705e+147]
 [  8.49873042e+148   5.40752493e+148]
 [  1.18728905e+149   2.01582275e+149]
 [ -5.74175628e+148  -1.15445134e+149]
 [ -3.12914150e+148  -1.32590872e+149]
 [ -2.11008037e+148  -4.92412263e+148]
 [ -7.47336236e+146   8.17383621e+148]
 [  4.56447915e+148   5.29534931e+148]
 [  9.93939380e+148   6.26905789e+148]
 [ -1.69661329e+146   2.13302679e+148]
 [  3.83135371e+148  -2.25099252e+149]
 [  6.95530759e+148   8.04552665e+148]
 [  1.15232293e+149   2.25609333e+148]
 [  3.52491511e+148   7.92116484e+148]
 [  1.39219047e+149   3.78493533e+149]
 [  2.86879271e+148   1.27307085e+149]
 [  9.38440780e+148   2.37030109e+148]
 [  4.61937359e+148   1.27947506e+148]
 [ -1.06137216e+149   1.07397768e+148]
 [  6.66563042e+148   2.74318729e+148]
 [  7.55027933e+148  -7.99478997e+148]]