[[  2.89353472e+148  -4.11412927e+148]
 [  7.86375482e+148   9.58146064e+148]
 [  6.57554603e+148   2.55288967e+149]
 [ -3.22130641e+148   1.03422112e+147]
 [  4.63623442e+148  -7.20441451e+148]
 [  7.43467977e+148   6.84328985e+148]
 [ -4.50251476e+146   1.07247641e+149]
 [  1.81794416e+149   2.53114023e+149]
 [ -2.25185330e+148   1.63462283e+148]
 [  4.80405050e+148   4.14938481e+148]
 [  5.50858132e+148   2.41848831e+148]
 [  5.65900431e+148   3.09056341e+148]
 [ -2.18833159e+148   3.61266494e+148]
 [  1.62762778e+147   6.35578696e+148]
 [  2.84151190e+149   3.13254530e+149]
 [  8.85877323e+148   6.82082299e+147]
 [ -6.34639078e+147  -5.38136897e+148]
 [  3.15933634e+148  -3.90741459e+148]
 [  1.56458229e+148  -1.09858948e+149]
 [  2.20138597e+149   7.21739511e+147]
 [ -8.93478334e+147   1.19542913e+147]
 [  2.18430209e+148   8.80082592e+148]
 [  1.16937838e+148  -4.19977527e+148]
 [  3.01895434e+148  -9.66892188e+147]]