[[ -8.25639966e+146  -2.85142200e+148]
 [ -1.08863935e+149   7.95295333e+148]
 [  8.42177677e+148  -9.19370879e+148]
 [ -1.30886765e+147  -2.97724843e+148]
 [  1.08415529e+148   2.47988071e+149]
 [  2.01699536e+148  -3.94678430e+148]
 [ -5.30431259e+148   2.18532261e+148]
 [ -4.93446685e+148   7.62149941e+147]
 [  7.52784972e+147  -4.09044933e+147]
 [ -4.80505993e+148  -1.34393671e+148]
 [ -1.00715795e+148   1.38824080e+149]
 [  1.31495211e+149  -8.00482298e+148]
 [ -2.02875738e+149   1.81353060e+149]
 [ -1.75648899e+149  -1.66940547e+149]
 [ -2.10044038e+148  -4.11247648e+148]
 [  3.55403957e+148  -1.46579521e+148]
 [  7.99691008e+148   6.49698037e+148]
 [  4.45059423e+148   1.33071431e+148]
 [  2.28508930e+148   6.13396627e+148]
 [  2.51065184e+148  -6.88071428e+148]
 [ -1.82955531e+148  -5.81988159e+148]
 [ -1.07571448e+149   5.33676322e+148]
 [  1.08742966e+149  -1.01327532e+149]
 [ -6.53988977e+147   1.78558457e+148]]