[[ -2.65005697e+149   1.10789966e+148]
 [  6.78788451e+148   7.18690518e+148]
 [  3.14462848e+148  -3.01428140e+148]
 [  4.95385545e+148   1.40938072e+148]
 [  5.43703316e+148   1.30660505e+149]
 [ -5.99743991e+148  -9.31665442e+148]
 [ -3.46220874e+148  -7.12967190e+147]
 [ -3.24631100e+147  -9.35400883e+148]
 [ -1.90702777e+148  -2.09893979e+148]
 [  2.58500571e+149   9.72798223e+147]
 [  1.21889394e+149   1.14866100e+149]
 [  2.11925189e+149   9.26354862e+148]
 [  2.29326932e+148   4.59475739e+148]
 [ -1.26705587e+149  -1.94556696e+148]
 [  2.04471698e+149  -1.23500969e+148]
 [ -9.11171207e+147  -5.31580550e+148]
 [  1.41330678e+148  -6.17971557e+148]
 [ -8.16472488e+148  -3.67471860e+148]
 [ -1.86157558e+149   1.07341223e+149]
 [ -3.10761039e+148  -4.16673585e+148]
 [ -6.78035547e+148  -1.11113432e+149]
 [  4.98942296e+148   1.29024329e+149]
 [ -7.06097947e+148  -1.98550438e+148]
 [ -2.23291970e+148   8.00800842e+148]]