[[  9.49626836e+148  -2.89132515e+148]
 [  1.22516652e+149   6.62371779e+148]
 [  2.55707244e+149  -2.64455793e+149]
 [ -1.42687366e+149  -2.89648342e+148]
 [  2.04970875e+149  -1.16866122e+149]
 [ -6.88122194e+148   4.58948547e+146]
 [  4.45954689e+148  -6.08184600e+148]
 [  2.61781564e+148   1.38857399e+149]
 [  1.20158183e+148  -5.45053224e+148]
 [  1.46082770e+149   4.12730178e+147]
 [  4.55252033e+148  -4.19935969e+148]
 [  5.89392010e+148   1.80197596e+148]
 [  2.25718573e+149  -3.62372005e+148]
 [ -1.39351542e+149  -8.03553369e+147]
 [ -1.40483916e+149   7.02065096e+148]
 [ -1.06954704e+149   8.54190586e+148]
 [  1.03767941e+149   1.46773859e+149]
 [  5.35178073e+148   5.68370284e+148]
 [  8.54296005e+146   1.33324490e+149]
 [  2.17097612e+149   1.20936775e+149]
 [  1.00488077e+149  -7.65233203e+148]
 [  4.46545081e+148   6.44936356e+148]
 [ -1.44821630e+149   1.74135912e+147]
 [ -2.56971360e+148   3.71111830e+148]]