[[ -2.26075891e+148   8.38545575e+148]
 [  5.91260356e+148  -1.00902833e+149]
 [ -5.28374391e+148  -4.17580957e+148]
 [  1.40479669e+147  -3.30040940e+148]
 [  4.44659484e+148   6.63317434e+147]
 [ -1.10186455e+149   1.71477625e+149]
 [  3.42047915e+148  -4.31419767e+148]
 [ -1.24447290e+148  -1.85622229e+148]
 [  3.94547579e+148   2.68285406e+148]
 [  5.65907284e+148  -3.24512245e+148]
 [  8.70227836e+148   4.29726343e+148]
 [  4.74495530e+148   1.78493741e+148]
 [ -1.41531861e+149  -1.03113059e+148]
 [ -1.47089221e+149  -2.03694871e+149]
 [  4.69726785e+148  -1.63835855e+149]
 [  2.05941944e+148   2.61782981e+148]
 [ -7.83259330e+148   6.12869505e+148]
 [ -1.40024212e+149  -5.52656950e+148]
 [ -6.95051714e+148   4.48439634e+148]
 [ -4.79294620e+147   2.38214950e+148]
 [  1.62199657e+149  -2.18331540e+149]
 [ -3.95521094e+146  -2.64170204e+148]
 [  1.07415867e+149   8.96798238e+148]
 [  1.38462064e+148  -3.77841544e+148]]