[[ -1.08035167e+149  -4.31226225e+148]
 [  1.48503414e+148  -2.82381338e+148]
 [ -5.97363614e+148  -1.32683715e+149]
 [ -7.63287021e+147  -8.90486553e+148]
 [ -1.71225777e+149   2.91118634e+148]
 [ -8.39637397e+148  -3.53139592e+148]
 [ -7.29379173e+148  -5.72429268e+148]
 [ -1.41964002e+149   1.21525513e+149]
 [ -3.09395640e+148   7.53776552e+147]
 [  1.35995621e+149   9.68587470e+148]
 [ -2.23362019e+148   4.30527845e+147]
 [ -1.22489435e+149   1.16917392e+149]
 [ -2.35895725e+148  -7.26595584e+148]
 [ -1.67641158e+148  -4.96127556e+148]
 [ -6.49208222e+147  -7.11686180e+147]
 [ -6.62289656e+148   3.98879778e+148]
 [ -6.72443050e+148   2.73916728e+147]
 [  3.31506063e+148   4.25027371e+148]
 [  1.29670262e+148  -3.88924806e+147]
 [  4.99348384e+148  -1.41177422e+148]
 [  4.86273224e+148   6.04631129e+148]
 [  8.58820362e+148   8.54183062e+148]
 [ -3.67707841e+148   1.58950277e+148]
 [  1.29972567e+149  -1.50183514e+149]]