[[ -3.50036401e+148   1.02458301e+149]
 [  7.06833772e+147  -4.91753027e+148]
 [ -3.48236006e+148  -1.35592255e+148]
 [ -4.51612339e+148  -4.91414953e+148]
 [ -2.04528562e+149  -7.22797172e+149]
 [  1.37488132e+148   3.80475123e+148]
 [ -6.46352114e+148  -4.77522002e+147]
 [ -1.76123644e+149   2.20628061e+149]
 [  6.01287947e+148   9.12402736e+146]
 [ -1.06484584e+149  -3.08442851e+148]
 [ -9.01500846e+147  -5.76042231e+148]
 [  1.66248934e+149  -3.20427422e+149]
 [ -1.02971275e+149  -4.81882147e+148]
 [  2.14106543e+148   1.67767244e+148]
 [ -2.37655848e+149  -5.74576638e+149]
 [  1.53279127e+148  -2.44777476e+148]
 [  5.78911433e+148  -8.27922683e+148]
 [  5.09084165e+147   2.55655360e+148]
 [  2.61549021e+149  -2.93349578e+149]
 [  4.35228191e+148  -9.90041889e+147]
 [ -1.43429408e+148  -3.85074795e+148]
 [  4.13832122e+148   2.06984743e+148]
 [  3.49163594e+148   1.67139983e+148]
 [ -9.03111767e+148  -4.07013073e+148]]