[[ -1.48010999e+149   2.70124340e+149]
 [ -1.94607739e+149   1.79939447e+149]
 [  7.86611769e+147  -6.38947212e+147]
 [  1.06048027e+149  -3.41982121e+148]
 [ -2.62201043e+148   4.89116741e+148]
 [ -2.88089427e+148   1.40192661e+149]
 [ -4.41444409e+148  -2.40445706e+148]
 [  9.58204329e+148   6.55937682e+148]
 [  5.30521388e+148  -1.11659961e+148]
 [ -5.92743440e+148  -8.16599151e+148]
 [ -1.63308980e+149  -4.24657247e+148]
 [ -2.60953491e+148  -5.18760343e+148]
 [ -2.33035387e+148   5.53568792e+148]
 [  1.27600866e+148   9.54813557e+148]
 [  2.48048029e+149   9.47493712e+148]
 [ -1.88945793e+148   1.12060999e+149]
 [ -1.30758265e+148   1.17416717e+149]
 [  1.41319363e+149   1.67230265e+149]
 [  8.78181147e+148   2.48333060e+149]
 [ -4.89209304e+148   2.32877434e+149]
 [  6.71360184e+148   1.53300104e+149]
 [ -5.15027243e+147  -1.99455790e+148]
 [  1.01078402e+149   1.31462147e+149]
 [ -8.31850145e+148  -1.45308858e+149]]