[[  4.81629322e+148  -4.11091473e+148]
 [ -6.45098875e+148   6.37786605e+148]
 [  6.99806419e+148  -4.35755345e+148]
 [  7.50120348e+147  -5.03423346e+148]
 [  4.63113240e+147   7.40601091e+148]
 [  8.39056831e+148  -1.38647628e+148]
 [  3.17221998e+148   6.44928799e+148]
 [ -1.43123258e+149   6.50151275e+148]
 [ -8.26479071e+147   2.13644082e+148]
 [ -1.63453115e+149  -1.32268757e+149]
 [ -6.07409283e+148  -1.19610730e+148]
 [ -1.27894335e+149  -9.01673940e+147]
 [  2.71816327e+149  -1.84455912e+149]
 [  2.89064731e+149  -4.13501330e+148]
 [ -1.61978194e+148  -1.28774728e+148]
 [ -3.12937360e+149   5.48357124e+148]
 [ -6.45540749e+148   5.38259237e+148]
 [  3.69100449e+148   7.87806404e+148]
 [  3.84901008e+148  -6.21001495e+148]
 [ -6.05599191e+148  -4.83404529e+148]
 [ -7.06821474e+148  -1.67750453e+148]
 [ -3.81205834e+148  -1.03574418e+148]
 [ -3.27826126e+148  -1.27710431e+147]
 [  9.61515538e+148   4.59074531e+148]]