[[ -5.97364274e+148   1.28882838e+149]
 [  8.78888334e+147  -2.79354908e+147]
 [  1.11806430e+149  -3.08385652e+148]
 [  2.34793626e+148   5.84398771e+147]
 [ -5.31410489e+148   2.56107252e+148]
 [  1.97578946e+148   1.43719952e+149]
 [  7.17211581e+148  -7.82519479e+148]
 [  1.47958494e+148   4.92654850e+148]
 [  1.09058173e+148   2.70541033e+147]
 [  4.03604616e+148   1.75891256e+149]
 [ -1.49334263e+149   4.16272078e+149]
 [ -4.22789045e+148  -1.48705006e+147]
 [  3.86922422e+148   8.12337126e+147]
 [  1.98759247e+148  -6.48734230e+148]
 [  9.86738402e+148  -7.17855479e+148]
 [ -4.08965898e+148   6.07774275e+148]
 [  6.44505652e+148   1.74318391e+149]
 [  4.12201433e+148   6.37752221e+148]
 [ -6.92274895e+148   7.82758245e+148]
 [ -5.98263744e+148   6.70169441e+148]
 [ -2.54224864e+148  -7.35150104e+148]
 [ -4.44601205e+147  -6.61477408e+148]
 [ -3.57116696e+148   9.99587419e+148]
 [ -1.19378452e+148   2.64267291e+148]]