[[  3.33714929e+148  -3.94720386e+148]
 [  1.68637590e+148  -3.88690460e+148]
 [  1.12760375e+148  -5.82045370e+148]
 [  1.26925684e+147  -5.58872721e+148]
 [  6.43659646e+148  -8.26921418e+148]
 [  1.69992284e+149   1.16281239e+149]
 [ -8.56309509e+148   2.95302784e+148]
 [  8.99307548e+148   4.77902699e+149]
 [  6.94757726e+147  -5.59259516e+148]
 [ -1.38169922e+148   6.29521192e+148]
 [  3.19386886e+148   2.33129969e+148]
 [  4.02117059e+148   3.98268265e+148]
 [ -4.03799475e+148   2.33448642e+148]
 [ -1.05355151e+149   6.07649342e+148]
 [ -2.84227926e+149   2.26419815e+149]
 [  8.84626250e+148  -7.88061953e+148]
 [ -3.23906953e+148  -7.52508919e+148]
 [  1.43808107e+149  -4.35913360e+148]
 [  6.20403768e+148  -1.70801552e+148]
 [  7.10966341e+148  -1.17195392e+149]
 [ -3.62335684e+148   5.79420756e+148]
 [  1.21772970e+149   1.35203735e+149]
 [  2.22457345e+148  -7.91662221e+148]
 [ -5.85339350e+148  -1.93352526e+148]]