[[ -3.20993659e+149  -9.66168674e+148]
 [  2.34007019e+149  -2.24759875e+149]
 [ -9.61134168e+148  -1.36929649e+148]
 [ -1.08436442e+149  -2.81510856e+148]
 [  7.70807354e+148   1.56779780e+148]
 [ -4.52648405e+149  -1.27190824e+148]
 [ -5.29803316e+148  -1.84301184e+148]
 [ -6.14332947e+148   4.70064487e+147]
 [ -2.22834269e+148   5.76899422e+147]
 [ -1.01893464e+149  -4.90236905e+148]
 [  5.95995282e+148  -4.18445527e+148]
 [  1.14183145e+149   9.47556388e+148]
 [ -1.05429273e+147  -1.94120366e+149]
 [ -1.05106838e+149  -8.53089840e+148]
 [ -5.52512289e+148  -1.45325433e+148]
 [  8.72165879e+148   3.88538149e+148]
 [  1.83602534e+149   7.09049847e+148]
 [  3.99314474e+148  -1.63741721e+148]
 [ -9.03235499e+148  -5.92781797e+148]
 [  3.08691118e+148   7.93100197e+147]
 [ -3.24536977e+149  -1.65752801e+149]
 [ -7.40354783e+148  -1.23284961e+149]
 [  6.04458786e+148   3.76520777e+148]
 [ -3.00870191e+148   5.35595454e+148]]