[[ -1.49037861e+148  -9.45075718e+148]
 [  1.00795211e+149  -1.62513849e+148]
 [ -2.66138723e+149   1.15246693e+149]
 [  1.26954510e+149  -1.23143745e+149]
 [  1.34055492e+148   4.17533195e+147]
 [ -7.60963219e+148  -7.32459393e+148]
 [ -7.53913868e+148   8.23514292e+148]
 [  3.02869394e+147   4.63029167e+147]
 [ -2.98521347e+148  -2.65756975e+145]
 [  1.64802495e+149   1.40004507e+149]
 [  5.40483751e+148  -4.33195754e+148]
 [  1.92612316e+148   8.79552530e+148]
 [  1.54964053e+147  -4.09068310e+148]
 [  4.56531100e+148   1.43528473e+149]
 [ -6.68961971e+147  -1.99598560e+148]
 [  3.95695770e+149  -8.24232969e+148]
 [  6.01159360e+148  -5.91823217e+148]
 [ -3.36876459e+147  -7.17132280e+148]
 [  1.68715413e+149  -2.66115929e+149]
 [  4.83514568e+148  -7.12109169e+148]
 [  1.09199793e+149   6.83287420e+148]
 [ -2.40296400e+148  -5.63789399e+148]
 [  6.35071454e+148  -1.27814210e+149]
 [  1.87583905e+148   5.79280282e+148]]