[[ -5.65181627e+148   5.47985237e+148]
 [ -2.27344447e+149   2.56943358e+149]
 [  4.74118060e+148  -4.03977187e+148]
 [  4.70009092e+147   2.55519475e+147]
 [ -1.80782737e+148   6.19327706e+148]
 [ -4.75809915e+147   5.12591761e+148]
 [ -4.27548187e+148  -4.39072180e+148]
 [  1.50218302e+149  -1.95237591e+149]
 [ -4.20309119e+148   1.15669256e+148]
 [ -2.05015578e+148  -3.25439883e+148]
 [ -1.28715222e+149   1.74795985e+149]
 [  8.69569702e+148  -6.95252028e+148]
 [  2.32066459e+148  -6.95102646e+148]
 [  5.47774489e+147  -5.12706319e+148]
 [  3.36709209e+148  -1.43437122e+149]
 [ -4.85343183e+148   1.59547869e+149]
 [ -3.44715513e+148   1.09758538e+149]
 [ -3.66377568e+148   5.68612553e+148]
 [  2.92320688e+148   4.87785766e+148]
 [  4.84579000e+147   1.21503221e+149]
 [  1.25805016e+149  -1.09206812e+149]
 [ -1.46941354e+148  -2.12038032e+147]
 [  5.70704286e+147   1.33345122e+149]
 [ -4.07180836e+148  -1.00203556e+149]]