[[  3.55153079e+148   9.94210764e+147]
 [  4.69356482e+147   1.79600168e+148]
 [  3.17094787e+148  -7.83344082e+147]
 [ -2.44990138e+148   3.89100628e+148]
 [ -3.53662275e+148   1.92260726e+148]
 [ -9.25805817e+147  -6.96942922e+148]
 [  5.30984696e+148   1.62624588e+148]
 [  4.99438846e+148   2.99709022e+148]
 [ -8.80020952e+147  -3.04837602e+148]
 [ -9.23869219e+148  -5.03161228e+148]
 [ -3.27826197e+148   1.76758249e+149]
 [ -2.76041120e+149   1.52486652e+149]
 [  1.00882575e+149   1.23157158e+147]
 [  1.02172515e+149  -4.81740494e+148]
 [  1.79381397e+148  -3.66501229e+148]
 [ -5.36768658e+147   1.76011071e+149]
 [ -4.56154762e+148   9.71521504e+148]
 [  5.87160301e+148   2.32521991e+148]
 [ -7.40066068e+148   3.54285713e+148]
 [ -1.46075644e+149   6.03406339e+148]
 [  2.54085433e+148  -7.39458603e+148]
 [  4.65060815e+148  -4.41797928e+147]
 [ -7.01030702e+148   3.69267779e+148]
 [ -4.49422356e+148  -7.63658926e+147]]