[[  3.27589102e+149  -2.31105282e+148]
 [  2.66755009e+148  -4.44508598e+148]
 [  1.17552222e+148   4.30223172e+148]
 [  8.54666509e+148   2.21666827e+148]
 [  2.85798275e+148   1.13809279e+149]
 [  2.04337148e+149   2.80743235e+148]
 [  2.32539740e+148  -1.30490946e+148]
 [ -5.77662099e+148   6.94589867e+148]
 [  3.02448233e+148  -5.46607133e+147]
 [ -1.49464632e+149  -2.24622980e+148]
 [  1.33646540e+149  -9.95382857e+148]
 [ -2.90650204e+148   7.71720325e+148]
 [  4.61312134e+148   5.61636737e+148]
 [ -1.11810638e+149  -1.85923398e+148]
 [  1.05956899e+149   1.58282212e+149]
 [  3.47353255e+148  -7.63702967e+148]
 [  8.47959850e+148  -7.50655523e+148]
 [  2.85577070e+148   3.90963875e+148]
 [  5.17938349e+148  -2.69026005e+148]
 [  1.81616898e+147  -6.95156228e+148]
 [ -6.09775285e+148   4.52159362e+148]
 [  4.90264598e+147   6.98814805e+148]
 [  3.54277347e+147  -2.87402871e+149]
 [ -9.79410444e+147   8.36026536e+148]]