[[  2.19184657e+149   1.19749440e+149]
 [ -3.58282224e+148  -2.02695812e+148]
 [ -3.59271423e+147  -1.29851343e+148]
 [ -8.52799991e+148   5.00690519e+148]
 [ -6.18201719e+148  -1.19992484e+149]
 [  2.54859412e+148  -5.27232592e+148]
 [  3.26109848e+148  -5.62170787e+148]
 [ -1.15449741e+149  -3.13984551e+148]
 [ -4.78682017e+148  -6.39691669e+148]
 [  3.42380269e+148   2.68820801e+148]
 [  1.16091852e+149  -6.77468491e+148]
 [  6.97422261e+148   1.01811838e+149]
 [  1.60755044e+149   3.33278507e+149]
 [ -1.76676066e+149   1.94813108e+149]
 [ -6.32600056e+148   1.31456632e+148]
 [ -9.31392071e+148  -7.97806505e+148]
 [  8.52643284e+148  -2.06011146e+148]
 [ -5.72378172e+148  -2.12683562e+149]
 [  5.97907313e+148   7.28714046e+148]
 [ -2.05550471e+149   9.93837354e+148]
 [  2.87854459e+148   8.19188751e+148]
 [  6.83444736e+148   2.75961121e+148]
 [ -5.35918288e+148  -2.35179874e+148]
 [  1.75928793e+148   1.39474880e+148]]