[[ -1.61785018e+148   5.81661639e+148]
 [  1.17798029e+149   1.15940216e+149]
 [ -4.26639886e+148   4.50584582e+145]
 [ -1.11172094e+149   2.65363167e+148]
 [  1.80000626e+148   4.81561999e+147]
 [  5.19279070e+148   3.27425724e+145]
 [ -7.25125691e+148   1.03239975e+148]
 [ -6.20049075e+147  -9.50367615e+147]
 [ -2.93476909e+148  -2.85782925e+147]
 [  1.37290477e+148   7.85431164e+148]
 [ -1.49219334e+149  -2.85800652e+148]
 [ -5.74082874e+148  -2.02289774e+148]
 [ -1.27236617e+149   9.01749275e+148]
 [ -5.60200982e+148   6.92188659e+147]
 [  3.90689565e+148   6.77854304e+148]
 [  1.18910272e+148  -1.13443916e+148]
 [  9.44261277e+148  -1.02231530e+148]
 [  2.36752457e+149   8.05096529e+147]
 [ -1.58970722e+148  -3.58922826e+148]
 [  1.00964283e+149   2.97945547e+148]
 [ -6.30412906e+148  -5.25265445e+148]
 [ -1.30982008e+149   1.68754451e+148]
 [ -1.22851480e+148  -1.44016731e+148]
 [  3.76717176e+148   4.26270906e+148]]