[[ -1.11923109e+149  -3.85437331e+147]
 [ -2.63527322e+148   1.49144142e+149]
 [ -3.86620548e+148   2.49960949e+148]
 [  8.89769254e+148  -3.62540254e+148]
 [ -3.07628706e+147  -2.12281653e+149]
 [ -4.55168078e+148  -8.60184449e+148]
 [ -6.25361741e+148  -9.47485375e+147]
 [ -8.51887258e+148   2.33125142e+148]
 [ -5.24462733e+147  -8.68204646e+148]
 [ -1.06129236e+149   1.26641659e+149]
 [  6.89412316e+148   5.22165587e+148]
 [  5.19642465e+148   4.66774398e+148]
 [ -1.63284383e+148   5.87332798e+148]
 [ -1.02870912e+149   1.29675643e+149]
 [ -6.74952584e+148   3.03849887e+148]
 [ -3.78375656e+148  -6.50744971e+148]
 [  1.21380673e+148  -1.58192732e+149]
 [ -2.40248806e+149   1.44409721e+149]
 [  6.44266537e+148  -2.44107422e+148]
 [  7.86261245e+148   4.43416296e+148]
 [ -1.09321990e+149   6.17325778e+148]
 [ -1.11943783e+149   6.08598784e+148]
 [  1.43980510e+148  -1.36472438e+149]
 [ -2.13774333e+149   1.96726614e+149]]