[[ -5.41555885e+148  -1.29733811e+149]
 [ -2.45893770e+149   5.30512261e+148]
 [  7.91294983e+148   5.38036958e+148]
 [ -5.91249248e+148   8.53028014e+148]
 [  2.14725804e+148   5.95745522e+148]
 [ -5.77160753e+148  -3.07948237e+149]
 [  6.52762944e+148   5.73440665e+148]
 [  1.67985314e+149   3.25747316e+149]
 [  1.87074649e+148  -4.01170183e+148]
 [  1.24384769e+149   6.31376340e+147]
 [ -1.37429718e+149  -1.19004750e+148]
 [  9.71124498e+148   2.10890395e+149]
 [ -1.07481906e+148   6.48007379e+148]
 [ -1.35883423e+148  -2.80586145e+148]
 [ -1.06900389e+149   9.41944662e+148]
 [ -4.98606018e+148   2.50494117e+148]
 [  3.22000633e+148  -1.44132864e+149]
 [  1.12856253e+149   7.73059241e+148]
 [  4.29997230e+148   4.84888977e+148]
 [ -5.61743728e+148  -4.50689219e+148]
 [ -1.43290218e+148  -1.53996602e+149]
 [  5.83280739e+148   2.17872945e+148]
 [ -5.02485750e+148  -6.56153534e+148]
 [  2.98707771e+147   2.79844806e+148]]