[[ -1.01031933e+149  -1.45307516e+149]
 [  1.20465380e+149   9.27219967e+148]
 [  1.01219769e+149   7.37831691e+148]
 [  6.47286670e+148  -3.36348647e+148]
 [ -2.40922529e+148  -1.86219227e+148]
 [ -7.00481899e+148  -9.58943561e+148]
 [  6.39247942e+148   3.37632587e+148]
 [ -5.39630598e+146  -1.81357785e+148]
 [ -7.37739366e+147  -1.65435703e+148]
 [ -1.15038233e+148  -7.15854871e+147]
 [ -7.55216349e+148  -2.50811003e+148]
 [ -4.61809245e+148   7.94695380e+147]
 [  1.13595165e+149   1.20012532e+149]
 [  1.30395809e+149  -1.21650690e+148]
 [  1.18658234e+149  -1.22536297e+149]
 [ -2.42526274e+148  -8.79310307e+148]
 [ -1.22063692e+149   6.07891398e+148]
 [ -2.54714898e+148   6.85743049e+148]
 [ -1.47020249e+149   6.65660011e+148]
 [ -6.42136116e+148  -5.78115341e+148]
 [ -1.81966680e+148  -4.68012427e+148]
 [  2.58390330e+148   6.19194520e+147]
 [ -2.17359818e+149  -1.42298124e+149]
 [ -1.46101117e+148   4.12676518e+148]]