[[  1.18919006e+149  -1.56536013e+149]
 [ -1.63281164e+149   1.03408919e+149]
 [ -6.23473207e+147  -4.59608014e+148]
 [  7.79051586e+147  -3.51020838e+148]
 [ -1.26498273e+149   1.63654154e+149]
 [  1.17409733e+149  -5.04831100e+148]
 [  1.00957527e+146   3.04110522e+147]
 [ -1.77370224e+149  -1.42560390e+149]
 [  4.97513854e+147   7.42337998e+148]
 [ -8.20802829e+148  -1.13941324e+149]
 [  9.97754364e+148  -2.23772021e+149]
 [ -1.60951820e+148  -9.28838287e+148]
 [  5.75327042e+148  -1.23580731e+149]
 [  2.00729240e+148   3.61765620e+148]
 [  1.91142496e+149   2.61206689e+149]
 [  2.33705014e+148   4.61095786e+148]
 [  9.24654921e+148  -4.93807423e+148]
 [  2.04103012e+149  -9.75982060e+148]
 [  2.83577257e+149  -1.74175360e+149]
 [  6.64165618e+147  -1.25152983e+149]
 [  2.33741802e+149   1.46900122e+149]
 [ -7.90895587e+148  -2.27234919e+149]
 [  6.92525766e+148  -5.98815265e+147]
 [  2.46874546e+148  -1.93590208e+148]]