[[  8.29916269e+148   8.76008414e+148]
 [  5.11273788e+148   9.81270345e+148]
 [ -5.00354895e+148  -1.30448432e+149]
 [ -6.27300179e+148  -1.04202325e+149]
 [ -2.92864877e+148   6.94236665e+148]
 [ -1.14094437e+149  -4.91601861e+147]
 [  3.59704394e+148  -8.74000010e+148]
 [  3.53823659e+148  -5.11113993e+148]
 [ -6.44014713e+148   2.18592979e+147]
 [  3.37871999e+148  -6.19810457e+148]
 [  1.64188314e+149   7.69353835e+148]
 [  3.01275402e+148   3.69680194e+148]
 [ -2.56863135e+147  -1.36893384e+149]
 [ -4.67115755e+148  -6.99144099e+148]
 [ -5.00596178e+148  -7.54301895e+148]
 [  7.32352983e+148   8.86341437e+148]
 [ -8.67781968e+147   1.93593475e+149]
 [ -2.55429860e+149  -1.78209531e+148]
 [ -5.57735460e+148   1.25912066e+149]
 [  1.54823251e+148   7.08853143e+148]
 [  6.74379344e+148  -9.94788417e+148]
 [  9.56343483e+148   2.20344755e+147]
 [  2.64456611e+148   1.02331796e+149]
 [ -7.78154011e+148  -1.97902355e+148]]