[[ -8.51181150e+148  -3.35335223e+148]
 [  9.99388990e+148  -7.26362006e+148]
 [  2.24072734e+148  -4.55146951e+148]
 [  1.31009978e+149   5.87160890e+148]
 [ -9.40013316e+148  -4.90750403e+148]
 [ -6.72944876e+148   3.81293941e+148]
 [  4.70990905e+148  -7.68274416e+148]
 [  1.89966056e+149   3.71535837e+147]
 [  2.78635851e+148  -7.80359428e+147]
 [  6.35250576e+148  -1.11774915e+149]
 [ -5.71404957e+148   3.57680567e+148]
 [ -2.75756434e+148   7.64469220e+148]
 [  1.31092814e+148  -6.34431314e+148]
 [  6.36986359e+148  -1.06367254e+149]
 [  3.97756295e+148  -9.04924824e+148]
 [ -3.14692718e+148   8.75578340e+148]
 [ -3.11566046e+148   8.24543998e+148]
 [  4.38801368e+148  -6.07329876e+148]
 [ -2.77897606e+147   2.69237928e+149]
 [ -5.70337656e+148   1.34382280e+149]
 [  1.31702521e+149  -2.00101195e+149]
 [  1.61711050e+149  -3.02870061e+148]
 [ -4.96884626e+148   6.06029218e+148]
 [ -5.82157222e+148   2.09104047e+148]]