[[ -2.60236656e+149   1.64452841e+149]
 [  5.48738369e+148   7.92554537e+149]
 [ -1.15731605e+149   1.95614654e+148]
 [  3.46779406e+148  -1.04739901e+149]
 [ -1.80814498e+148   8.83316939e+148]
 [ -6.23885732e+148   6.75616244e+148]
 [  4.99255724e+147  -2.04045404e+148]
 [ -8.30218210e+148  -5.63478573e+148]
 [ -3.03997985e+148   1.67778830e+148]
 [ -1.69292752e+148   5.09623789e+148]
 [  9.82869933e+147  -1.13459603e+149]
 [  1.67647873e+149  -1.67544584e+149]
 [  2.40897986e+148   2.88314655e+149]
 [ -1.33780989e+148   1.87104759e+149]
 [  2.09944856e+149  -2.77287941e+149]
 [ -3.83647657e+148   6.50839281e+148]
 [ -2.98558074e+148   7.27352508e+148]
 [ -1.65507426e+149   1.85222206e+149]
 [ -1.54590638e+149  -4.60809551e+147]
 [  2.78499051e+148   4.89504212e+147]
 [  9.08295592e+147  -5.71702923e+148]
 [  6.42693712e+148  -1.30286780e+148]
 [ -4.31558521e+148   6.42889710e+148]
 [ -6.14458544e+148  -4.70228126e+148]]