# iteration | simulation time (ps) | potential_energy (kT) | kinetic_energy (kT) | ns per day
         0      1.0 -4218.748 3281.798 432.841
         1      2.0 -4555.993 3275.920 502.609
         2      3.0 -4898.510 3256.085 531.988
         3      4.0 -4914.992 3232.468 547.926
         4      5.0 -4994.688 3115.312 557.803
         5      6.0 -5134.115 3272.781 564.644
         6      7.0 -5138.656 3218.123 569.651
         7      8.0 -5116.267 3168.071 573.226
         8      9.0 -5274.541 3177.120 576.087
         9     10.0 -5309.855 3198.752 578.455
        10     11.0 -5379.947 3166.292 580.434
        11     12.0 -5410.115 3222.537 582.088
        12     13.0 -5402.514 3185.441 583.405
        13     14.0 -5473.625 3171.068 584.645
        14     15.0 -5482.354 3380.378 585.734
        15     16.0 -5393.596 3256.545 586.729
        16     17.0 -5512.754 3263.306 587.559
        17     18.0 -5513.753 3223.122 588.340
        18     19.0 -5536.552 3159.738 589.031
        19     20.0 -5596.471 3263.271 589.640
        20     21.0 -5612.886 3245.340 590.157
        21     22.0 -5668.904 3178.565 590.680
        22     23.0 -5631.527 3260.372 591.174
        23     24.0 -5692.171 3243.077 591.579
        24     25.0 -5580.554 3219.315 591.921
        25     26.0 -5600.826 3144.935 592.300
        26     27.0 -5644.848 3205.297 592.646
        27     28.0 -5711.221 3244.032 592.958
        28     29.0 -5563.556 3095.171 593.222
        29     30.0 -5724.033 3286.129 593.504
        30     31.0 -5645.085 3269.576 593.756
        31     32.0 -5555.658 3202.607 594.006
        32     33.0 -5619.981 3219.507 594.209
        33     34.0 -5643.366 3215.700 594.417
        34     35.0 -5617.019 3275.985 594.618
        35     36.0 -5713.611 3193.756 594.808
        36     37.0 -5694.762 3246.607 594.963
        37     38.0 -5602.533 3331.619 595.147
        38     39.0 -5719.490 3174.991 595.315
        39     40.0 -5753.161 3242.399 595.462
        40     41.0 -5801.160 3263.165 595.585
        41     42.0 -5623.385 3223.576 595.732
        42     43.0 -5639.140 3297.685 595.867
        43     44.0 -5916.954 3213.969 595.993
        44     45.0 -5740.193 3234.871 596.105
        45     46.0 -5687.045 3262.072 596.236
        46     47.0 -5814.367 3231.081 596.359
        47     48.0 -5693.512 3240.347 596.463
        48     49.0 -5675.356 3139.976 591.877
        49     50.0 -5732.563 3288.936 592.044
        50     51.0 -5624.985 3252.487 592.230
        51     52.0 -5669.108 3155.517 592.417
        52     53.0 -5741.725 3150.711 592.575
        53     54.0 -5732.990 3267.934 592.741
        54     55.0 -5748.313 3288.994 592.899
        55     56.0 -5668.300 3324.095 593.057
        56     57.0 -5787.011 3237.012 593.166
        57     58.0 -5772.328 3230.767 593.295
        58     59.0 -5776.009 3265.376 593.428
        59     60.0 -5796.636 3204.889 593.556
        60     61.0 -5747.257 3262.361 593.647
        61     62.0 -5800.148 3277.517 593.757
        62     63.0 -5814.390 3275.687 593.870
        63     64.0 -5745.626 3215.556 593.991
        64     65.0 -5802.622 3197.980 594.085
        65     66.0 -5737.754 3166.107 594.201
        66     67.0 -5818.752 3207.252 594.313
        67     68.0 -5788.228 3297.324 594.418
        68     69.0 -5866.482 3248.648 594.497
        69     70.0 -5844.118 3326.670 594.582
        70     71.0 -5992.176 3388.956 594.686
        71     72.0 -5824.614 3197.110 594.781
        72     73.0 -5835.195 3206.641 594.857
        73     74.0 -5825.461 3213.116 594.952
        74     75.0 -5889.361 3278.729 595.041
        75     76.0 -5889.699 3255.351 595.126
        76     77.0 -5943.004 3226.279 595.189
        77     78.0 -5873.088 3272.854 595.269
        78     79.0 -5854.405 3165.108 595.350
        79     80.0 -5861.135 3213.873 595.433
        80     81.0 -5948.925 3180.883 595.491
        81     82.0 -5865.077 3266.363 595.567
        82     83.0 -5956.474 3086.314 595.641
        83     84.0 -5816.658 3157.258 595.707
        84     85.0 -5881.481 3148.878 595.755
        85     86.0 -5885.597 3278.500 595.823
        86     87.0 -5892.581 3109.174 595.895
        87     88.0 -5818.382 3237.631 595.964
        88     89.0 -5866.044 3172.105 596.008
        89     90.0 -5804.268 3266.490 596.072
        90     91.0 -5896.707 3264.824 596.143
        91     92.0 -5812.207 3212.285 596.201
        92     93.0 -5982.541 3161.588 593.745
        93     94.0 -5939.865 3235.654 593.811
        94     95.0 -5737.623 3307.970 593.893
        95     96.0 -5867.748 3337.910 593.969
        96     97.0 -5919.785 3293.434 594.025
        97     98.0 -5982.989 3150.243 594.092
        98     99.0 -5952.442 3173.485 594.158
        99    100.0 -5862.533 3252.960 594.228
