# iteration | simulation time (ps) | potential_energy (kT) | kinetic_energy (kT) | ns per day
         0      1.0 -3996.537 3203.835 604.204
         1      2.0 -4606.539 3205.270 602.607
         2      3.0 -4681.778 3162.669 601.751
         3      4.0 -4834.247 3220.102 601.761
         4      5.0 -4796.309 3380.246 601.800
         5      6.0 -4958.394 3228.062 601.836
         6      7.0 -4982.573 3346.775 601.542
         7      8.0 -5098.467 3218.270 601.445
         8      9.0 -5299.709 3166.050 601.491
         9     10.0 -5298.736 3249.936 601.538
        10     11.0 -5240.512 3305.615 601.427
        11     12.0 -5199.735 3201.069 601.426
        12     13.0 -5335.371 3225.591 601.456
        13     14.0 -5310.219 3185.008 601.478
        14     15.0 -5508.554 3141.983 601.370
        15     16.0 -5301.428 3197.686 601.438
        16     17.0 -5251.365 3233.626 601.468
        17     18.0 -5347.734 3205.875 601.483
        18     19.0 -5422.694 3261.178 589.022
        19     20.0 -5326.831 3238.704 589.598
        20     21.0 -5294.945 3130.120 590.180
        21     22.0 -5335.468 3176.724 590.697
        22     23.0 -5431.235 3193.099 591.070
        23     24.0 -5300.619 3175.264 591.450
        24     25.0 -5369.641 3184.341 591.823
        25     26.0 -5465.850 3238.365 592.168
        26     27.0 -5433.820 3275.779 592.439
        27     28.0 -5424.312 3142.678 592.732
        28     29.0 -5397.392 3166.921 593.025
        29     30.0 -5449.226 3173.665 593.314
        30     31.0 -5323.994 3268.712 593.521
        31     32.0 -5476.477 3159.911 593.772
        32     33.0 -5387.868 3324.706 594.003
        33     34.0 -5427.123 3190.262 594.226
        34     35.0 -5484.790 3261.932 594.388
        35     36.0 -5561.744 3296.632 594.594
        36     37.0 -5434.610 3194.774 594.772
        37     38.0 -5527.127 3265.514 594.959
        38     39.0 -5604.206 3260.113 595.077
        39     40.0 -5539.024 3237.556 595.248
        40     41.0 -5596.922 3125.737 595.388
        41     42.0 -5624.661 3130.702 595.542
        42     43.0 -5533.468 3190.193 595.636
        43     44.0 -5635.101 3283.720 595.770
        44     45.0 -5614.389 3170.142 595.902
        45     46.0 -5673.289 3192.095 596.028
        46     47.0 -5458.994 3211.344 596.118
        47     48.0 -5554.222 3232.302 596.228
        48     49.0 -5568.091 3232.510 596.336
        49     50.0 -5564.617 3152.315 596.439
        50     51.0 -5541.228 3222.936 596.512
        51     52.0 -5709.096 3167.440 596.608
        52     53.0 -5587.599 3134.528 596.703
        53     54.0 -5628.489 3229.161 596.808
        54     55.0 -5584.931 3175.448 596.859
        55     56.0 -5556.529 3347.501 596.939
        56     57.0 -5481.453 3241.877 597.019
        57     58.0 -5560.886 3149.931 597.099
        58     59.0 -5744.784 3170.606 597.146
        59     60.0 -5594.500 3193.602 597.232
        60     61.0 -5753.514 3187.158 597.310
        61     62.0 -5730.144 3218.459 597.385
        62     63.0 -5655.624 3236.625 597.416
        63     64.0 -5766.135 3190.904 593.893
        64     65.0 -5541.826 3173.106 593.990
        65     66.0 -5677.844 3259.718 594.107
        66     67.0 -5663.042 3143.926 594.210
        67     68.0 -5804.684 3177.493 594.313
        68     69.0 -5611.226 3202.229 594.417
        69     70.0 -5666.274 3253.891 594.516
        70     71.0 -5642.200 3306.532 594.614
        71     72.0 -5691.234 3222.679 594.687
        72     73.0 -5710.197 3228.578 594.766
        73     74.0 -5737.968 3221.153 594.857
        74     75.0 -5704.078 3249.485 594.936
        75     76.0 -5793.612 3303.120 595.003
        76     77.0 -5702.921 3273.416 595.079
        77     78.0 -5746.192 3301.282 595.149
        78     79.0 -5790.432 3247.520 595.232
        79     80.0 -5682.717 3200.912 595.301
        80     81.0 -5732.617 3250.262 595.382
        81     82.0 -5726.934 3071.771 595.460
        82     83.0 -5737.916 3169.436 595.537
        83     84.0 -5782.407 3042.209 595.597
        84     85.0 -5784.257 3377.427 595.668
        85     86.0 -5765.882 3145.902 595.733
        86     87.0 -5769.041 3200.249 595.799
        87     88.0 -5708.538 3233.256 595.856
        88     89.0 -5843.236 3235.059 595.925
        89     90.0 -5857.826 3227.757 595.988
        90     91.0 -5879.242 3273.705 596.050
        91     92.0 -5724.337 3224.635 596.098
        92     93.0 -5807.338 3178.439 596.156
        93     94.0 -5672.038 3205.320 596.211
        94     95.0 -5812.311 3288.363 596.277
        95     96.0 -5820.506 3324.145 596.326
        96     97.0 -5717.425 3186.615 596.382
        97     98.0 -5778.286 3208.680 596.435
        98     99.0 -5713.454 3269.029 596.486
        99    100.0 -5791.780 3197.868 596.523
