# iteration | simulation time (ps) | potential_energy (kT) | kinetic_energy (kT) | ns per day
         0      1.0 -4375.582 3153.337 585.672
         1      2.0 -4751.370 3199.110 584.604
         2      3.0 -4740.628 3191.629 586.885
         3      4.0 -4931.946 3179.338 588.023
         4      5.0 -4984.609 3194.970 588.447
         5      6.0 -5051.678 3067.344 588.926
         6      7.0 -5078.251 3176.246 589.320
         7      8.0 -5217.672 3224.790 589.345
         8      9.0 -5274.089 3265.429 589.370
         9     10.0 -5340.560 3208.183 589.547
        10     11.0 -5351.460 3256.819 589.648
        11     12.0 -5356.808 3142.948 589.810
        12     13.0 -5361.075 3213.967 574.169
        13     14.0 -5222.069 3233.411 575.345
        14     15.0 -5322.431 3216.244 576.319
        15     16.0 -5336.309 3307.334 577.176
        16     17.0 -5420.114 3265.993 577.796
        17     18.0 -5390.015 3303.531 578.494
        18     19.0 -5383.926 3112.476 579.104
        19     20.0 -5305.451 3132.652 579.655
        20     21.0 -5328.469 3194.381 580.076
        21     22.0 -5536.785 3155.973 580.522
        22     23.0 -5524.184 3266.381 580.958
        23     24.0 -5459.474 3254.052 581.356
        24     25.0 -5362.770 3180.629 581.669
        25     26.0 -5479.113 3185.724 582.021
        26     27.0 -5524.450 3211.277 582.341
        27     28.0 -5470.657 3259.045 582.646
        28     29.0 -5463.816 3168.494 582.862
        29     30.0 -5505.365 3191.658 583.131
        30     31.0 -5480.043 3291.162 583.371
        31     32.0 -5518.294 3252.627 583.606
        32     33.0 -5454.527 3215.184 583.765
        33     34.0 -5518.016 3283.895 583.974
        34     35.0 -5574.440 3241.636 584.166
        35     36.0 -5431.814 3240.184 584.358
        36     37.0 -5471.544 3159.319 584.481
        37     38.0 -5530.728 3129.337 584.664
        38     39.0 -5627.434 3163.588 584.829
        39     40.0 -5388.608 3278.739 584.979
        40     41.0 -5357.056 3137.456 585.083
        41     42.0 -5599.734 3287.853 585.230
        42     43.0 -5548.766 3333.098 585.376
        43     44.0 -5544.610 3245.954 585.535
        44     45.0 -5583.976 3101.968 585.659
        45     46.0 -5610.790 3279.507 585.807
        46     47.0 -5603.747 3260.823 585.953
        47     48.0 -5657.598 3278.847 586.082
        48     49.0 -5534.263 3213.468 586.179
        49     50.0 -5566.778 3169.692 586.306
        50     51.0 -5578.730 3323.367 586.423
        51     52.0 -5560.451 3274.003 586.535
        52     53.0 -5498.055 3310.767 586.599
        53     54.0 -5630.686 3123.417 586.687
        54     55.0 -5621.448 3151.074 586.774
        55     56.0 -5630.418 3217.391 586.856
        56     57.0 -5566.483 3140.869 583.344
        57     58.0 -5562.825 3272.254 583.483
        58     59.0 -5628.125 3236.426 583.606
        59     60.0 -5578.041 3176.767 583.736
        60     61.0 -5647.234 3239.855 583.816
        61     62.0 -5656.561 3252.687 583.925
        62     63.0 -5520.834 3260.877 584.031
        63     64.0 -5546.715 3340.792 584.129
        64     65.0 -5662.263 3236.598 584.192
        65     66.0 -5730.633 3252.579 584.286
        66     67.0 -5711.330 3173.779 584.380
        67     68.0 -5750.668 3191.252 584.480
        68     69.0 -5587.655 3231.920 584.549
        69     70.0 -5765.339 3292.551 584.653
        70     71.0 -5825.870 3235.707 584.750
        71     72.0 -5764.424 3284.626 584.838
        72     73.0 -5669.543 3278.559 584.910
        73     74.0 -5783.879 3268.345 585.002
        74     75.0 -5739.240 3229.550 585.090
        75     76.0 -5771.368 3176.566 585.172
        76     77.0 -5793.651 3284.446 585.232
        77     78.0 -5753.895 3231.274 585.313
        78     79.0 -5837.592 3178.483 585.390
        79     80.0 -5902.926 3229.612 585.471
        80     81.0 -5862.493 3239.573 585.521
        81     82.0 -5824.984 3232.480 585.594
        82     83.0 -5737.891 3157.340 585.663
        83     84.0 -5797.951 3217.343 585.733
        84     85.0 -5792.349 3213.120 585.776
        85     86.0 -5753.388 3111.172 585.845
        86     87.0 -5769.147 3252.609 585.908
        87     88.0 -5674.522 3401.233 585.974
        88     89.0 -5779.082 3208.207 586.011
        89     90.0 -5711.280 3263.473 586.070
        90     91.0 -5787.093 3255.135 586.123
        91     92.0 -5814.934 3233.914 586.182
        92     93.0 -5714.423 3243.013 586.220
        93     94.0 -5822.164 3254.774 586.273
        94     95.0 -5774.634 3340.916 586.322
        95     96.0 -5780.266 3278.352 586.371
        96     97.0 -5757.022 3189.897 586.402
        97     98.0 -5820.941 3292.919 586.445
        98     99.0 -5795.946 3191.136 586.488
        99    100.0 -5777.584 3196.534 586.535
