# iteration | simulation time (ps) | potential_energy (kT) | kinetic_energy (kT) | ns per day
         0      1.0 -3736.799 3287.592 438.949
         1      2.0 -4168.483 3242.645 414.669
         2      3.0 -4396.920 3204.395 415.937
         3      4.0 -4536.055 3247.301 416.208
         4      5.0 -4836.527 3156.442 415.925
         5      6.0 -4692.447 3248.160 417.060
         6      7.0 -4775.971 3286.329 418.925
         7      8.0 -5000.230 3237.806 420.480
         8      9.0 -5099.551 3265.823 418.710
         9     10.0 -5151.636 3189.086 420.506
        10     11.0 -5089.352 3236.638 419.937
        11     12.0 -5134.116 3307.999 419.125
        12     13.0 -5165.011 3211.035 420.126
        13     14.0 -5155.961 3177.587 419.203
        14     15.0 -5234.600 3266.937 418.099
        15     16.0 -5109.339 3275.860 417.533
        16     17.0 -5196.134 3238.147 418.160
        17     18.0 -5145.345 3153.949 418.973
        18     19.0 -5221.866 3292.910 418.063
        19     20.0 -5161.909 3195.387 418.318
        20     21.0 -5215.362 3292.004 418.439
        21     22.0 -5119.983 3232.729 419.098
        22     23.0 -5306.062 3308.807 418.729
        23     24.0 -5264.560 3196.282 418.688
        24     25.0 -5244.979 3198.090 419.272
        25     26.0 -5289.414 3281.123 418.838
        26     27.0 -5236.154 3212.420 418.882
        27     28.0 -5313.064 3209.483 419.269
        28     29.0 -5296.401 3176.491 419.633
        29     30.0 -5371.377 3170.550 419.311
        30     31.0 -5287.483 3290.869 419.517
        31     32.0 -5406.922 3219.442 419.383
        32     33.0 -5276.594 3232.249 419.773
        33     34.0 -5389.283 3262.703 419.964
        34     35.0 -5332.811 3196.213 419.590
        35     36.0 -5429.069 3223.245 418.859
        36     37.0 -5297.275 3244.360 419.459
        37     38.0 -5286.012 3216.951 419.066
        38     39.0 -5417.603 3366.542 410.660
        39     40.0 -5414.057 3214.450 410.552
        40     41.0 -5538.061 3162.368 411.452
        41     42.0 -5465.328 3195.251 411.710
        42     43.0 -5422.225 3205.862 411.922
        43     44.0 -5373.819 3244.842 411.578
        44     45.0 -5520.064 3225.286 412.137
        45     46.0 -5454.286 3157.619 412.381
        46     47.0 -5466.861 3245.431 412.271
        47     48.0 -5450.289 3263.248 412.550
        48     49.0 -5349.394 3247.389 412.908
        49     50.0 -5365.484 3281.211 413.218
        50     51.0 -5357.784 3119.960 412.907
        51     52.0 -5387.511 3083.664 412.742
        52     53.0 -5334.666 3124.264 412.729
        53     54.0 -5366.167 3180.739 413.053
        54     55.0 -5353.385 3133.328 413.281
        55     56.0 -5456.273 3269.576 413.042
        56     57.0 -5324.192 3309.198 413.381
        57     58.0 -5364.061 3193.210 413.341
        58     59.0 -5381.976 3195.175 413.285
        59     60.0 -5497.102 3306.252 413.370
        60     61.0 -5505.239 3233.316 413.572
        61     62.0 -5399.183 3135.513 413.965
        62     63.0 -5387.977 3203.629 413.824
        63     64.0 -5328.076 3258.718 414.075
        64     65.0 -5362.497 3221.104 414.249
        65     66.0 -5340.129 3229.820 414.405
        66     67.0 -5373.000 3132.148 414.356
        67     68.0 -5464.673 3132.993 414.501
        68     69.0 -5467.352 3236.402 414.418
        69     70.0 -5393.162 3177.071 414.590
        70     71.0 -5418.474 3243.197 414.296
        71     72.0 -5549.709 3130.511 414.676
        72     73.0 -5376.761 3220.071 414.488
        73     74.0 -5391.404 3237.995 414.831
        74     75.0 -5434.040 3269.221 414.792
        75     76.0 -5385.905 3176.041 414.757
        76     77.0 -5375.065 3236.284 415.023
        77     78.0 -5327.798 3184.562 415.000
        78     79.0 -5422.866 3144.796 415.006
        79     80.0 -5422.438 3349.621 415.207
        80     81.0 -5417.117 3239.034 415.270
        81     82.0 -5440.199 3118.358 415.372
        82     83.0 -5436.426 3144.182 415.241
        83     84.0 -5459.843 3182.175 411.263
        84     85.0 -5434.981 3224.787 411.319
        85     86.0 -5541.911 3223.212 411.206
        86     87.0 -5486.023 3169.303 411.468
        87     88.0 -5356.484 3241.068 411.550
        88     89.0 -5438.313 3249.829 411.529
        89     90.0 -5465.174 3241.601 411.466
        90     91.0 -5433.723 3233.426 411.560
        91     92.0 -5410.024 3149.568 411.749
        92     93.0 -5510.893 3219.064 411.814
        93     94.0 -5561.132 3164.389 411.970
        94     95.0 -5467.748 3198.107 411.792
        95     96.0 -5473.005 3195.351 411.794
        96     97.0 -5511.437 3191.555 412.092
        97     98.0 -5424.757 3186.415 411.999
        98     99.0 -5349.433 3208.622 412.182
        99    100.0 -5407.600 3264.467 412.281
