# iteration | simulation time (ps) | potential_energy (kT) | kinetic_energy (kT) | ns per day
         0      1.0 -3853.934 3225.938 409.857
         1      2.0 -4069.597 3184.988 404.874
         2      3.0 -4284.142 3213.731 406.432
         3      4.0 -4367.161 3266.420 407.471
         4      5.0 -4461.246 3144.863 412.617
         5      6.0 -4700.715 3252.430 411.767
         6      7.0 -4620.356 3242.090 412.247
         7      8.0 -4715.270 3234.038 412.198
         8      9.0 -4746.972 3237.702 411.385
         9     10.0 -4743.581 3199.148 411.626
        10     11.0 -4769.366 3230.075 410.265
        11     12.0 -4871.178 3147.795 409.966
        12     13.0 -4937.062 3255.079 409.459
        13     14.0 -4908.185 3165.628 408.375
        14     15.0 -4946.737 3138.580 408.883
        15     16.0 -4904.953 3250.762 409.813
        16     17.0 -5017.152 3205.049 409.936
        17     18.0 -4997.895 3232.976 409.428
        18     19.0 -5038.493 3124.973 410.331
        19     20.0 -5184.984 3293.350 409.455
        20     21.0 -5171.935 3252.769 410.004
        21     22.0 -5133.631 3171.701 409.935
        22     23.0 -5246.057 3136.771 409.838
        23     24.0 -5198.654 3250.029 410.808
        24     25.0 -5137.186 3204.236 411.433
        25     26.0 -5036.940 3239.378 410.522
        26     27.0 -5161.416 3123.302 410.443
        27     28.0 -5289.248 3197.304 409.946
        28     29.0 -5282.539 3212.965 409.316
        29     30.0 -5296.756 3295.576 409.523
        30     31.0 -5184.463 3173.727 409.037
        31     32.0 -5373.365 3295.109 408.887
        32     33.0 -5292.075 3124.526 408.779
        33     34.0 -5352.437 3198.383 408.358
        34     35.0 -5267.939 3272.999 408.066
        35     36.0 -5243.787 3201.053 408.314
        36     37.0 -5349.125 3093.552 408.309
        37     38.0 -5324.803 3237.451 408.471
        38     39.0 -5420.639 3148.206 398.936
        39     40.0 -5319.765 3182.369 399.164
        40     41.0 -5277.646 3232.635 399.665
        41     42.0 -5371.018 3280.542 399.966
        42     43.0 -5275.262 3260.997 399.941
        43     44.0 -5422.226 3109.905 400.203
        44     45.0 -5251.273 3197.174 400.853
        45     46.0 -5327.343 3238.472 400.762
        46     47.0 -5314.558 3295.250 401.010
        47     48.0 -5414.893 3179.664 401.395
        48     49.0 -5269.390 3207.776 401.467
        49     50.0 -5358.829 3224.555 401.776
        50     51.0 -5370.135 3253.641 401.946
        51     52.0 -5322.455 3119.343 402.083
        52     53.0 -5284.807 3223.097 402.545
        53     54.0 -5423.420 3119.984 402.842
        54     55.0 -5344.104 3252.455 402.930
        55     56.0 -5320.743 3302.865 403.226
        56     57.0 -5339.037 3217.291 403.101
        57     58.0 -5314.899 3242.397 403.158
        58     59.0 -5388.880 3234.334 403.243
        59     60.0 -5355.559 3259.228 403.575
        60     61.0 -5367.983 3247.125 403.559
        61     62.0 -5366.967 3264.046 403.609
        62     63.0 -5329.408 3212.484 403.333
        63     64.0 -5311.787 3180.564 403.385
        64     65.0 -5216.397 3255.709 403.753
        65     66.0 -5375.740 3169.115 403.981
        66     67.0 -5400.724 3206.513 403.818
        67     68.0 -5435.931 3330.733 403.944
        68     69.0 -5380.132 3186.513 404.220
        69     70.0 -5356.205 3165.826 404.319
        70     71.0 -5370.719 3305.459 404.353
        71     72.0 -5469.950 3133.410 404.782
        72     73.0 -5356.423 3111.061 404.926
        73     74.0 -5429.312 3125.104 404.941
        74     75.0 -5390.247 3181.907 404.936
        75     76.0 -5405.545 3299.314 405.233
        76     77.0 -5450.952 3272.666 405.182
        77     78.0 -5455.951 3207.343 405.275
        78     79.0 -5432.662 3194.475 405.076
        79     80.0 -5442.590 3145.825 405.345
        80     81.0 -5417.459 3136.815 405.462
        81     82.0 -5437.974 3299.729 405.688
        82     83.0 -5459.716 3253.493 405.511
        83     84.0 -5418.668 3311.072 401.123
        84     85.0 -5450.433 3184.942 401.296
        85     86.0 -5437.233 3226.739 401.457
        86     87.0 -5424.128 3182.172 401.741
        87     88.0 -5442.143 3212.181 401.788
        88     89.0 -5391.969 3223.510 401.955
        89     90.0 -5424.529 3158.014 402.023
        90     91.0 -5500.328 3205.318 402.181
        91     92.0 -5374.800 3372.606 402.358
        92     93.0 -5358.061 3281.993 402.294
        93     94.0 -5433.727 3284.456 402.663
        94     95.0 -5497.757 3312.031 402.729
        95     96.0 -5392.475 3159.131 402.805
        96     97.0 -5418.033 3205.521 402.910
        97     98.0 -5561.262 3346.264 403.028
        98     99.0 -5562.090 3116.725 403.171
        99    100.0 -5450.995 3203.504 403.156
