# iteration | simulation time (ps) | potential_energy (kT) | kinetic_energy (kT) | ns per day
         0      1.0 -4498.688 3306.697 546.725
         1      2.0 -4830.690 3179.239 563.651
         2      3.0 -4942.232 3135.046 573.566
         3      4.0 -4999.834 3167.184 579.113
         4      5.0 -5022.293 3277.244 582.806
         5      6.0 -5106.222 3155.999 584.950
         6      7.0 -5183.715 3166.930 586.529
         7      8.0 -5211.408 3136.938 587.607
         8      9.0 -5235.977 3158.815 588.766
         9     10.0 -5288.312 3273.148 589.690
        10     11.0 -5290.646 3339.055 590.322
        11     12.0 -5234.508 3304.421 590.929
        12     13.0 -5475.273 3327.978 591.398
        13     14.0 -5318.572 3118.570 591.848
        14     15.0 -5485.783 3348.023 592.143
        15     16.0 -5416.587 3210.895 592.460
        16     17.0 -5447.010 3264.532 592.768
        17     18.0 -5448.094 3253.298 593.035
        18     19.0 -5567.637 3217.979 593.236
        19     20.0 -5548.740 3166.825 593.435
        20     21.0 -5485.595 3149.391 593.619
        21     22.0 -5527.601 3225.404 593.802
        22     23.0 -5429.883 3218.794 593.931
        23     24.0 -5441.391 3203.752 594.103
        24     25.0 -5526.201 3260.471 594.177
        25     26.0 -5588.084 3220.082 594.347
        26     27.0 -5489.647 3297.861 594.458
        27     28.0 -5570.911 3297.647 594.603
        28     29.0 -5530.179 3109.022 594.706
        29     30.0 -5572.383 3346.286 594.833
        30     31.0 -5652.419 3228.876 588.101
        31     32.0 -5600.991 3146.778 588.379
        32     33.0 -5549.642 3111.677 588.598
        33     34.0 -5605.401 3199.428 588.814
        34     35.0 -5491.155 3259.851 588.972
        35     36.0 -5687.873 3195.238 589.161
        36     37.0 -5671.484 3174.356 589.345
        37     38.0 -5618.597 3190.281 589.527
        38     39.0 -5727.379 3156.127 589.678
        39     40.0 -5665.458 3163.476 589.875
        40     41.0 -5679.425 3181.243 590.067
        41     42.0 -5694.146 3263.669 590.265
        42     43.0 -5503.930 3259.699 590.384
        43     44.0 -5753.473 3203.923 590.540
        44     45.0 -5654.399 3349.497 590.705
        45     46.0 -5664.625 3289.298 590.871
        46     47.0 -5796.538 3301.892 590.995
        47     48.0 -5820.435 3319.178 591.137
        48     49.0 -5694.975 3215.899 591.273
        49     50.0 -5748.742 3244.710 591.408
        50     51.0 -5728.418 3195.369 591.511
        51     52.0 -5719.051 3161.129 591.627
        52     53.0 -5703.816 3175.431 591.724
        53     54.0 -5800.947 3210.007 591.834
        54     55.0 -5849.457 3192.302 591.883
        55     56.0 -5814.220 3117.597 591.978
        56     57.0 -5758.526 3260.623 592.075
        57     58.0 -5898.048 3320.237 592.173
        58     59.0 -5789.052 3229.666 592.240
        59     60.0 -5836.777 3157.617 592.332
        60     61.0 -5885.144 3213.471 592.413
        61     62.0 -5837.374 3204.545 592.507
        62     63.0 -5798.212 3245.552 592.562
        63     64.0 -5820.614 3164.738 592.639
        64     65.0 -5804.235 3196.217 592.714
        65     66.0 -5989.316 3187.074 592.788
        66     67.0 -5862.594 3197.494 592.845
        67     68.0 -5868.922 3235.005 592.917
        68     69.0 -5855.450 3114.984 592.975
        69     70.0 -5887.226 3241.016 593.042
        70     71.0 -5912.355 3271.045 593.082
        71     72.0 -5972.608 3113.854 593.139
        72     73.0 -5845.280 3223.044 593.184
        73     74.0 -5915.498 3134.310 593.246
        74     75.0 -5845.507 3267.274 590.419
        75     76.0 -5778.125 3249.562 590.513
        76     77.0 -5857.624 3135.205 590.595
        77     78.0 -5875.412 3184.073 590.686
        78     79.0 -5911.853 3269.614 590.747
        79     80.0 -5801.203 3278.539 590.818
        80     81.0 -5863.950 3257.848 590.881
        81     82.0 -5843.809 3228.596 590.941
        82     83.0 -5917.005 3233.947 590.986
        83     84.0 -5928.041 3209.158 591.051
        84     85.0 -6024.660 3267.573 591.113
        85     86.0 -5948.372 3232.670 591.170
        86     87.0 -5919.859 3279.123 591.215
        87     88.0 -5949.259 3114.994 591.290
        88     89.0 -5983.091 3255.357 591.354
        89     90.0 -5864.958 3263.789 591.428
        90     91.0 -5992.166 3277.559 591.468
        91     92.0 -6001.962 3246.031 591.522
        92     93.0 -5929.696 3186.160 591.578
        93     94.0 -5887.034 3309.315 591.642
        94     95.0 -5964.455 3231.127 591.687
        95     96.0 -5984.305 3187.419 591.740
        96     97.0 -5947.270 3212.333 591.793
        97     98.0 -5943.460 3215.732 591.849
        98     99.0 -6022.376 3281.176 591.887
        99    100.0 -6036.968 3257.878 591.929
