# iteration | simulation time (ps) | potential_energy (kT) | kinetic_energy (kT) | ns per day
         0      1.0 -4363.402 3240.297 545.861
         1      2.0 -4450.377 3228.660 551.638
         2      3.0 -4502.527 3295.212 560.778
         3      4.0 -4668.578 3207.218 566.856
         4      5.0 -4897.006 3155.314 570.448
         5      6.0 -5113.429 3255.201 572.792
         6      7.0 -5223.756 3202.132 574.241
         7      8.0 -5191.656 3156.012 575.546
         8      9.0 -5241.175 3091.355 576.673
         9     10.0 -5228.976 3211.387 577.526
        10     11.0 -5263.572 3293.789 578.161
        11     12.0 -5252.943 3237.588 578.747
        12     13.0 -5398.773 3237.846 579.249
        13     14.0 -5318.643 3291.551 579.678
        14     15.0 -5339.805 3097.167 579.947
        15     16.0 -5345.794 3220.794 580.271
        16     17.0 -5305.628 3255.468 580.531
        17     18.0 -5452.244 3179.864 580.788
        18     19.0 -5350.414 3150.207 580.924
        19     20.0 -5414.435 3103.405 581.144
        20     21.0 -5408.141 3309.662 581.314
        21     22.0 -5523.597 3214.478 581.442
        22     23.0 -5340.013 3217.256 581.455
        23     24.0 -5374.247 3159.005 581.592
        24     25.0 -5468.474 3282.081 581.704
        25     26.0 -5431.764 3198.156 581.804
        26     27.0 -5375.083 3203.616 581.866
        27     28.0 -5381.735 3181.308 574.809
        28     29.0 -5452.420 3304.331 575.108
        29     30.0 -5557.520 3177.487 575.365
        30     31.0 -5625.714 3271.521 575.614
        31     32.0 -5444.153 3217.668 575.812
        32     33.0 -5585.895 3257.526 576.022
        33     34.0 -5386.738 3197.723 576.230
        34     35.0 -5572.316 3216.678 576.409
        35     36.0 -5520.706 3053.321 576.585
        36     37.0 -5607.872 3309.259 576.786
        37     38.0 -5586.496 3173.227 576.990
        38     39.0 -5538.758 3268.631 577.177
        39     40.0 -5479.600 3269.119 577.335
        40     41.0 -5572.380 3278.713 577.518
        41     42.0 -5702.775 3237.456 577.703
        42     43.0 -5617.771 3182.590 577.871
        43     44.0 -5540.472 3270.883 578.013
        44     45.0 -5675.982 3273.348 578.176
        45     46.0 -5457.840 3264.657 578.326
        46     47.0 -5620.602 3318.147 578.460
        47     48.0 -5607.287 3147.656 578.574
        48     49.0 -5568.916 3272.941 578.685
        49     50.0 -5620.751 3223.954 578.814
        50     51.0 -5523.396 3235.494 578.944
        51     52.0 -5502.709 3203.058 579.047
        52     53.0 -5669.867 3276.326 579.149
        53     54.0 -5546.601 3165.907 579.260
        54     55.0 -5443.047 3240.995 579.367
        55     56.0 -5575.565 3176.763 579.450
        56     57.0 -5624.619 3267.633 579.554
        57     58.0 -5598.023 3255.603 579.653
        58     59.0 -5509.875 3293.981 579.738
        59     60.0 -5521.852 3096.538 579.805
        60     61.0 -5567.133 3243.149 579.811
        61     62.0 -5725.063 3168.203 579.906
        62     63.0 -5682.249 3174.038 579.985
        63     64.0 -5575.889 3316.421 580.052
        64     65.0 -5664.928 3209.727 580.133
        65     66.0 -5700.019 3162.079 580.214
        66     67.0 -5644.051 3291.462 580.286
        67     68.0 -5653.429 3272.263 580.344
        68     69.0 -5822.919 3177.150 580.378
        69     70.0 -5660.907 3245.488 580.436
        70     71.0 -5556.972 3229.606 580.501
        71     72.0 -5724.103 3273.793 577.773
        72     73.0 -5701.916 3253.342 577.872
        73     74.0 -5686.055 3167.813 577.958
        74     75.0 -5664.465 3220.468 578.042
        75     76.0 -5656.223 3249.420 578.087
        76     77.0 -5677.968 3160.088 578.155
        77     78.0 -5723.947 3211.419 578.224
        78     79.0 -5858.774 3209.650 578.294
        79     80.0 -5670.335 3201.749 578.339
        80     81.0 -5708.642 3220.591 578.402
        81     82.0 -5683.822 3212.811 578.467
        82     83.0 -5858.710 3128.392 578.532
        83     84.0 -5721.916 3145.660 578.589
        84     85.0 -5791.903 3225.008 578.664
        85     86.0 -5699.386 3282.455 578.740
        86     87.0 -5839.150 3250.682 578.814
        87     88.0 -5775.155 3288.080 578.869
        88     89.0 -5743.636 3193.574 578.936
        89     90.0 -5736.508 3197.106 579.003
        90     91.0 -5806.739 3270.895 579.069
        91     92.0 -5776.913 3243.049 579.110
        92     93.0 -5734.601 3187.890 579.165
        93     94.0 -5770.522 3321.612 579.229
        94     95.0 -5751.829 3223.415 579.293
        95     96.0 -5742.140 3330.544 579.332
        96     97.0 -5621.595 3251.686 579.383
        97     98.0 -5734.541 3172.982 579.443
        98     99.0 -5723.687 3311.354 579.328
        99    100.0 -5784.373 3169.836 579.353
