# iteration | simulation time (ps) | potential_energy (kT) | kinetic_energy (kT) | ns per day
         0      1.0 -4487.435 3222.316 554.988
         1      2.0 -4786.944 3201.369 565.075
         2      3.0 -4883.342 3150.953 573.379
         3      4.0 -5142.782 3249.151 577.670
         4      5.0 -5239.135 3237.220 536.267
         5      6.0 -5227.357 3103.333 544.536
         6      7.0 -5257.460 3291.226 550.726
         7      8.0 -5342.708 3330.044 555.323
         8      9.0 -5367.351 3228.264 558.881
         9     10.0 -5296.782 3253.771 561.953
        10     11.0 -5280.807 3233.316 564.489
        11     12.0 -5312.894 3314.607 566.635
        12     13.0 -5296.513 3231.056 568.370
        13     14.0 -5179.136 3182.561 569.939
        14     15.0 -5265.399 3123.076 571.308
        15     16.0 -5287.768 3209.055 572.535
        16     17.0 -5415.235 3153.860 573.532
        17     18.0 -5352.778 3236.738 574.502
        18     19.0 -5367.910 3241.430 575.349
        19     20.0 -5409.211 3300.565 576.103
        20     21.0 -5437.242 3270.573 576.701
        21     22.0 -5434.298 3173.479 577.324
        22     23.0 -5357.128 3254.217 577.869
        23     24.0 -5426.172 3200.069 578.411
        24     25.0 -5309.825 3240.408 578.840
        25     26.0 -5316.952 3214.870 579.312
        26     27.0 -5309.721 3286.800 579.724
        27     28.0 -5400.666 3246.048 580.128
        28     29.0 -5502.538 3200.945 580.450
        29     30.0 -5404.252 3234.646 580.798
        30     31.0 -5523.071 3163.700 581.114
        31     32.0 -5451.326 3158.251 581.426
        32     33.0 -5526.383 3245.874 581.653
        33     34.0 -5581.798 3218.028 581.918
        34     35.0 -5401.063 3236.818 582.163
        35     36.0 -5617.638 3271.578 582.407
        36     37.0 -5479.650 3265.693 582.579
        37     38.0 -5446.590 3279.981 582.785
        38     39.0 -5576.001 3136.334 582.977
        39     40.0 -5369.880 3271.452 583.163
        40     41.0 -5611.222 3162.159 583.288
        41     42.0 -5464.665 3247.210 583.458
        42     43.0 -5371.152 3119.669 583.623
        43     44.0 -5545.024 3186.415 583.770
        44     45.0 -5543.345 3190.494 583.879
        45     46.0 -5478.837 3211.793 584.024
        46     47.0 -5493.956 3169.886 584.147
        47     48.0 -5507.698 3216.350 584.285
        48     49.0 -5499.901 3160.479 580.203
        49     50.0 -5493.633 3260.246 580.398
        50     51.0 -5538.140 3125.852 580.591
        51     52.0 -5502.873 3185.378 580.776
        52     53.0 -5608.452 3187.427 580.927
        53     54.0 -5489.433 3267.830 581.084
        54     55.0 -5645.058 3357.094 581.224
        55     56.0 -5497.985 3152.177 581.360
        56     57.0 -5453.229 3170.546 581.464
        57     58.0 -5496.968 3258.442 581.622
        58     59.0 -5443.971 3237.832 581.772
        59     60.0 -5546.689 3200.295 581.918
        60     61.0 -5575.185 3188.944 582.049
        61     62.0 -5594.161 3210.701 582.204
        62     63.0 -5426.251 3349.587 582.340
        63     64.0 -5634.566 3184.789 582.481
        64     65.0 -5463.518 3295.836 582.580
        65     66.0 -5491.880 3299.930 582.709
        66     67.0 -5492.373 3157.956 582.835
        67     68.0 -5379.483 3218.583 582.959
        68     69.0 -5483.580 3162.373 583.039
        69     70.0 -5525.613 3241.840 583.151
        70     71.0 -5478.564 3111.043 583.257
        71     72.0 -5591.796 3194.101 583.366
        72     73.0 -5563.570 3248.279 583.455
        73     74.0 -5588.629 3218.670 583.566
        74     75.0 -5499.399 3224.873 583.673
        75     76.0 -5626.064 3267.166 583.781
        76     77.0 -5492.471 3195.939 583.860
        77     78.0 -5677.654 3292.455 583.959
        78     79.0 -5691.670 3193.616 584.054
        79     80.0 -5628.814 3108.516 584.149
        80     81.0 -5689.239 3221.971 584.229
        81     82.0 -5532.389 3215.365 584.328
        82     83.0 -5577.929 3228.010 584.417
        83     84.0 -5630.471 3159.948 584.510
        84     85.0 -5512.530 3241.054 584.580
        85     86.0 -5586.443 3295.404 584.671
        86     87.0 -5612.438 3184.205 584.760
        87     88.0 -5615.662 3243.686 584.848
        88     89.0 -5663.789 3162.155 584.913
        89     90.0 -5532.813 3181.873 584.995
        90     91.0 -5675.579 3171.917 585.074
        91     92.0 -5572.266 3319.442 585.137
        92     93.0 -5691.863 3173.029 585.178
        93     94.0 -5636.827 3248.537 583.089
        94     95.0 -5663.882 3199.844 583.169
        95     96.0 -5703.193 3232.879 583.249
        96     97.0 -5627.396 3121.839 583.326
        97     98.0 -5668.466 3267.134 583.389
        98     99.0 -5710.587 3269.968 583.332
        99    100.0 -5606.244 3260.325 583.404
