# iteration | simulation time (ps) | potential_energy (kT) | kinetic_energy (kT) | ns per day
         0      1.0 -4659.368 3130.819 543.495
         1      2.0 -4910.136 3281.138 551.809
         2      3.0 -5031.111 3311.124 561.700
         3      4.0 -5185.611 3205.352 567.480
         4      5.0 -5265.285 3338.217 570.984
         5      6.0 -5267.680 3139.175 573.415
         6      7.0 -5317.851 3124.673 574.886
         7      8.0 -5302.339 3307.691 576.093
         8      9.0 -5387.526 3273.375 577.142
         9     10.0 -5367.732 3199.462 577.980
        10     11.0 -5305.332 3184.026 579.077
        11     12.0 -5410.712 3257.921 580.160
        12     13.0 -5481.935 3279.867 581.009
        13     14.0 -5288.262 3168.358 581.745
        14     15.0 -5325.826 3278.395 582.265
        15     16.0 -5377.078 3253.851 582.806
        16     17.0 -5476.480 3206.129 583.287
        17     18.0 -5369.058 3331.866 583.737
        18     19.0 -5375.840 3211.908 584.058
        19     20.0 -5414.592 3272.813 584.429
        20     21.0 -5476.396 3216.865 584.752
        21     22.0 -5387.111 3172.113 585.047
        22     23.0 -5405.825 3270.024 585.227
        23     24.0 -5381.079 3193.709 585.480
        24     25.0 -5539.549 3209.270 585.709
        25     26.0 -5480.123 3140.344 585.923
        26     27.0 -5685.732 3210.149 586.056
        27     28.0 -5449.248 3231.743 579.026
        28     29.0 -5573.141 3203.843 579.432
        29     30.0 -5537.605 3284.478 579.793
        30     31.0 -5579.845 3170.642 580.112
        31     32.0 -5600.357 3099.069 580.399
        32     33.0 -5574.978 3247.629 580.702
        33     34.0 -5711.349 3288.913 580.959
        34     35.0 -5557.962 3303.749 581.214
        35     36.0 -5739.730 3241.588 581.444
        36     37.0 -5641.152 3269.256 581.686
        37     38.0 -5641.304 3187.555 581.944
        38     39.0 -5599.589 3117.844 582.185
        39     40.0 -5645.488 3197.909 582.392
        40     41.0 -5673.178 3277.415 582.610
        41     42.0 -5698.129 3224.450 582.820
        42     43.0 -5683.755 3300.896 583.023
        43     44.0 -5668.511 3197.504 583.194
        44     45.0 -5688.763 3260.335 583.380
        45     46.0 -5737.278 3316.877 583.564
        46     47.0 -5676.011 3203.359 583.732
        47     48.0 -5810.909 3111.125 583.875
        48     49.0 -5832.014 3233.210 584.029
        49     50.0 -5873.966 3266.356 584.177
        50     51.0 -5763.251 3152.074 584.319
        51     52.0 -5932.471 3216.822 584.442
        52     53.0 -5792.444 3229.946 584.574
        53     54.0 -5787.165 3263.463 584.703
        54     55.0 -5851.320 3232.842 584.828
        55     56.0 -5829.344 3148.337 584.931
        56     57.0 -5759.910 3207.194 585.046
        57     58.0 -5768.408 3288.116 585.159
        58     59.0 -5818.288 3300.104 585.266
        59     60.0 -5869.317 3210.621 585.354
        60     61.0 -5915.131 3161.537 585.458
        61     62.0 -5915.820 3314.807 585.555
        62     63.0 -5894.568 3228.668 585.655
        63     64.0 -5860.043 3239.787 585.745
        64     65.0 -5782.711 3308.926 585.832
        65     66.0 -5802.571 3217.386 585.918
        66     67.0 -5982.322 3193.716 586.003
        67     68.0 -5896.339 3289.263 586.070
        68     69.0 -5843.470 3262.703 586.147
        69     70.0 -5988.368 3184.068 586.222
        70     71.0 -5811.529 3287.280 586.290
        71     72.0 -5832.992 3225.062 583.529
        72     73.0 -5797.853 3288.018 583.624
        73     74.0 -5832.239 3143.485 583.720
        74     75.0 -5900.643 3179.395 583.811
        75     76.0 -5915.140 3234.182 583.888
        76     77.0 -5901.188 3208.951 583.984
        77     78.0 -6003.557 3167.044 584.072
        78     79.0 -5899.746 3242.833 584.152
        79     80.0 -5944.258 3294.545 584.213
        80     81.0 -5834.986 3135.531 584.289
        81     82.0 -5956.447 3256.966 584.362
        82     83.0 -5997.957 3295.999 584.439
        83     84.0 -5907.409 3378.233 584.496
        84     85.0 -5836.546 3200.155 584.578
        85     86.0 -5957.609 3197.261 584.656
        86     87.0 -5903.080 3199.695 584.736
        87     88.0 -5978.838 3151.263 584.795
        88     89.0 -5904.281 3206.514 584.870
        89     90.0 -5849.477 3240.307 584.944
        90     91.0 -5904.377 3125.525 585.012
        91     92.0 -6014.321 3269.944 585.069
        92     93.0 -5993.677 3092.014 585.136
        93     94.0 -5910.411 3292.178 585.197
        94     95.0 -5863.625 3317.487 585.256
        95     96.0 -5925.341 3144.973 585.301
        96     97.0 -5876.539 3348.305 585.359
        97     98.0 -5929.737 3203.497 585.418
        98     99.0 -5917.239 3254.556 585.474
        99    100.0 -5896.546 3182.978 585.519
