# iteration | simulation time (ps) | potential_energy (kT) | kinetic_energy (kT) | ns per day
         0      1.0 -4309.803 3315.392 600.208
         1      2.0 -4344.175 3160.288 598.850
         2      3.0 -4766.622 3145.903 598.472
         3      4.0 -4898.942 3170.102 598.267
         4      5.0 -5022.951 3316.221 597.888
         5      6.0 -5165.936 3208.307 597.820
         6      7.0 -5378.753 3175.940 597.771
         7      8.0 -5300.982 3224.475 597.606
         8      9.0 -5344.506 3271.493 597.566
         9     10.0 -5493.481 3176.623 597.596
        10     11.0 -5424.978 3252.088 597.581
        11     12.0 -5489.729 3249.627 597.578
        12     13.0 -5430.383 3169.981 580.941
        13     14.0 -5441.994 3176.151 582.132
        14     15.0 -5514.618 3158.550 583.113
        15     16.0 -5473.306 3241.400 584.005
        16     17.0 -5475.480 3281.337 584.646
        17     18.0 -5514.548 3227.966 585.300
        18     19.0 -5481.210 3202.192 585.898
        19     20.0 -5633.659 3210.739 586.456
        20     21.0 -5565.369 3222.628 586.881
        21     22.0 -5589.827 3232.305 587.349
        22     23.0 -5608.431 3136.116 587.762
        23     24.0 -5548.884 3229.506 588.191
        24     25.0 -5583.313 3214.127 588.492
        25     26.0 -5671.462 3220.909 588.841
        26     27.0 -5477.417 3186.919 589.169
        27     28.0 -5607.794 3121.828 589.472
        28     29.0 -5602.320 3283.810 589.688
        29     30.0 -5716.521 3197.719 589.958
        30     31.0 -5570.794 3211.618 590.210
        31     32.0 -5712.108 3250.517 590.450
        32     33.0 -5670.591 3220.185 590.608
        33     34.0 -5658.805 3297.496 590.793
        34     35.0 -5640.623 3139.015 590.964
        35     36.0 -5746.470 3224.639 591.137
        36     37.0 -5699.352 3134.020 591.261
        37     38.0 -5687.473 3236.036 591.432
        38     39.0 -5700.324 3200.167 591.592
        39     40.0 -5810.646 3215.429 591.744
        40     41.0 -5699.896 3260.048 591.852
        41     42.0 -5782.754 3188.341 591.993
        42     43.0 -5752.978 3226.087 592.116
        43     44.0 -5714.510 3271.278 592.238
        44     45.0 -5801.081 3172.883 592.349
        45     46.0 -5591.120 3151.406 592.494
        46     47.0 -5842.549 3295.032 592.640
        47     48.0 -5696.360 3271.393 592.781
        48     49.0 -5815.137 3319.553 592.877
        49     50.0 -5828.115 3165.471 593.004
        50     51.0 -5731.232 3320.671 593.125
        51     52.0 -5714.812 3327.399 593.235
        52     53.0 -5800.322 3159.105 593.317
        53     54.0 -5806.588 3257.962 593.427
        54     55.0 -5762.871 3297.522 593.508
        55     56.0 -5764.453 3201.631 593.584
        56     57.0 -5659.672 3229.940 590.037
        57     58.0 -5783.832 3335.913 590.159
        58     59.0 -5762.756 3226.466 590.276
        59     60.0 -5850.101 3202.445 590.393
        60     61.0 -5822.490 3268.764 590.479
        61     62.0 -5881.295 3298.040 590.598
        62     63.0 -5783.209 3122.995 590.710
        63     64.0 -5834.582 3187.252 590.827
        64     65.0 -5822.415 3213.179 590.888
        65     66.0 -5949.217 3276.246 590.969
        66     67.0 -5797.334 3153.503 591.061
        67     68.0 -5792.048 3177.051 591.146
        68     69.0 -5870.180 3106.272 591.207
        69     70.0 -5896.174 3182.327 591.293
        70     71.0 -5809.803 3243.787 591.372
        71     72.0 -5915.185 3361.933 591.469
        72     73.0 -5741.084 3199.470 591.536
        73     74.0 -5830.937 3261.138 591.615
        74     75.0 -5808.302 3232.404 591.707
        75     76.0 -5898.744 3157.762 591.786
        76     77.0 -5885.384 3185.616 591.838
        77     78.0 -5902.194 3273.090 591.900
        78     79.0 -5957.572 3163.370 591.972
        79     80.0 -6016.063 3265.109 592.041
        80     81.0 -5909.235 3171.426 592.082
        81     82.0 -5916.175 3131.817 592.145
        82     83.0 -5939.722 3216.885 592.206
        83     84.0 -5826.210 3106.039 592.263
        84     85.0 -5894.966 3200.957 592.299
        85     86.0 -6005.416 3222.777 592.357
        86     87.0 -5874.391 3284.360 592.412
        87     88.0 -5808.982 3321.622 592.466
        88     89.0 -5857.037 3144.876 592.502
        89     90.0 -5849.015 3214.509 592.559
        90     91.0 -5852.617 3141.605 592.613
        91     92.0 -5985.635 3120.022 592.664
        92     93.0 -6018.321 3211.469 592.697
        93     94.0 -6028.438 3244.148 592.747
        94     95.0 -5970.727 3191.502 592.794
        95     96.0 -5923.834 3240.303 592.843
        96     97.0 -5903.309 3163.867 592.870
        97     98.0 -6009.537 3278.546 592.922
        98     99.0 -5847.055 3185.864 592.968
        99    100.0 -5907.528 3326.739 593.012
