Run semi-empirical minimization
 &qmmm
    qm_theory='AM1', grms_tol=0.0005,
  scfconv=1.d-10,   qmcharge=0,
 /
   7     N        4.6080        4.5930       -7.3180 
   1   HN1        5.4580        4.6250       -8.0540 
   1   HN2        4.1430        5.6180       -7.4760 
   1   HN3        4.9660        4.7660       -6.2640 
   6    CA        3.6080        3.5690       -7.5910 
   1    HA        3.9800        2.5590       -7.8560 
   6     C        3.0180        3.7810       -8.9580 
   8     O        3.2710        4.8390       -9.6210 
   8   OXT        2.3150        2.8740       -9.4220 
   6    CB        2.5170        3.5600       -6.5160 
   1   HB1        1.5500        4.0960       -6.5150 
   1   HB2        1.5500        4.0970       -6.5180 
   6    CG        2.8670        2.6260       -5.3230 
   1   HG1        1.9470        2.2910       -4.7820 
   1   HG2        3.4680        3.1210       -4.5260 
  16    SD        3.1250        0.9990       -5.7660 
   6   C5'        4.7290        0.3770       -5.5880 
   1  H5'1        4.3950       -0.6150       -5.9800 
   1  H5'2        4.7580        0.2620       -4.4800 
   6   C4'        5.8620        0.9680       -6.4430 
   1   H4'        5.6290        0.7740       -7.5140 
   8   O4'        6.0930        2.3530       -6.0750 
   6   C3'        7.2280        0.3400       -6.2020 
   1   H3'        7.3490        0.0280       -5.1370 
   8   O3'        7.4800       -0.9480       -6.8010 
   1  HO3'        8.4100       -1.3900       -6.4090 
   6   C2'        8.1840        1.4450       -6.6220 
   1   H2'        9.1920        1.2390       -6.1940 
   8   O2'        8.3600        1.5910       -8.0560 
   1  HO2'        9.4310        1.6710       -8.3110 
   6   C1'        7.4750        2.6680       -6.0960 
   1   H1'        7.6730        3.5700       -6.7180 
   7    N9        7.8620        3.0710       -4.7280 
   6    C8        7.0940        2.9340       -3.6240 
   1    H8        6.1550        2.5580       -3.1750 
   7    N7        7.7020        3.4440       -2.5460 
   6    C5        8.8920        3.9230       -2.9840 
   6    C6       10.0080        4.5320       -2.3560 
   7    N6       10.0170        4.7950       -1.0150 
   1  HN61       11.0250        4.7680       -0.5550 
   1  HN62        9.2000        5.0930       -0.3260 
   7    N1       11.0550        4.8850       -3.1320 
   6    C2       11.0950        4.6480       -4.4430 
   1    H2       12.0000        4.9820       -4.9820 
   7    N3       10.0880        4.0360       -5.0850 
   6    C4        8.9740        3.6800       -4.3990 

