# iteration | simulation time (ps) | potential_energy (kT) | kinetic_energy (kT) | ns per day
         0      1.0 -4258.355 3231.419 545.299
         1      2.0 -4401.094 3224.858 549.038
         2      3.0 -4554.358 3165.063 556.295
         3      4.0 -4682.477 3208.348 559.969
         4      5.0 -4854.741 3141.100 519.339
         5      6.0 -4916.941 3250.298 527.182
         6      7.0 -4975.220 3139.191 532.999
         7      8.0 -5040.625 3316.189 537.378
         8      9.0 -4998.270 3250.382 540.733
         9     10.0 -4948.144 3260.356 543.639
        10     11.0 -5155.918 3221.235 546.054
        11     12.0 -5228.538 3130.182 548.022
        12     13.0 -5150.334 3212.995 549.615
        13     14.0 -5253.399 3222.693 551.135
        14     15.0 -5243.751 3184.754 552.442
        15     16.0 -5251.987 3257.028 553.611
        16     17.0 -5274.524 3261.930 554.556
        17     18.0 -5281.007 3221.030 555.490
        18     19.0 -5249.801 3204.980 556.314
        19     20.0 -5413.485 3150.670 557.071
        20     21.0 -5448.305 3248.521 557.667
        21     22.0 -5441.056 3196.291 558.849
        22     23.0 -5469.869 3256.741 559.936
        23     24.0 -5430.400 3223.557 560.954
        24     25.0 -5339.307 3206.493 561.817
        25     26.0 -5425.043 3248.702 562.692
        26     27.0 -5454.936 3148.517 563.508
        27     28.0 -5489.590 3144.518 564.258
        28     29.0 -5486.629 3231.860 564.884
        29     30.0 -5515.934 3290.820 565.519
        30     31.0 -5578.521 3208.324 566.104
        31     32.0 -5624.790 3206.097 566.634
        32     33.0 -5543.180 3169.644 567.082
        33     34.0 -5470.115 3173.534 567.557
        34     35.0 -5560.313 3251.757 568.003
        35     36.0 -5602.414 3243.000 568.450
        36     37.0 -5511.127 3290.292 568.845
        37     38.0 -5543.046 3304.304 569.229
        38     39.0 -5626.835 3242.500 569.636
        39     40.0 -5566.040 3078.187 570.029
        40     41.0 -5633.722 3124.391 570.364
        41     42.0 -5589.797 3253.532 570.708
        42     43.0 -5797.268 3327.357 571.031
        43     44.0 -5595.438 3162.949 571.356
        44     45.0 -5543.326 3166.605 571.618
        45     46.0 -5646.378 3141.900 571.902
        46     47.0 -5652.451 3275.129 572.178
        47     48.0 -5712.556 3247.355 572.432
        48     49.0 -5536.629 3160.654 568.592
        49     50.0 -5715.873 3196.631 568.908
        50     51.0 -5612.853 3239.790 569.215
        51     52.0 -5759.341 3244.108 569.514
        52     53.0 -5720.428 3194.868 569.769
        53     54.0 -5683.276 3432.585 570.045
        54     55.0 -5718.283 3070.963 570.295
        55     56.0 -5682.792 3255.427 570.529
        56     57.0 -5734.812 3227.811 570.726
        57     58.0 -5634.301 3261.098 570.955
        58     59.0 -5684.051 3312.388 571.177
        59     60.0 -5672.021 3279.488 571.386
        60     61.0 -5804.382 3217.113 571.571
        61     62.0 -5700.375 3149.218 571.776
        62     63.0 -5798.556 3114.851 571.981
        63     64.0 -5718.752 3206.977 572.182
        64     65.0 -5734.602 3241.753 572.348
        65     66.0 -5746.788 3171.911 572.536
        66     67.0 -5719.874 3302.314 572.719
        67     68.0 -5807.257 3206.969 572.896
        68     69.0 -5679.426 3240.137 573.045
        69     70.0 -5721.922 3264.794 573.214
        70     71.0 -5767.364 3199.284 573.377
        71     72.0 -5595.786 3250.440 573.527
        72     73.0 -5799.585 3185.613 573.672
        73     74.0 -5705.672 3155.231 573.842
        74     75.0 -5755.498 3239.779 574.004
        75     76.0 -5866.609 3170.878 574.161
        76     77.0 -5788.701 3209.021 574.291
        77     78.0 -5771.952 3143.472 574.437
        78     79.0 -5786.836 3245.852 574.576
        79     80.0 -5782.146 3196.445 574.711
        80     81.0 -5782.451 3154.154 574.820
        81     82.0 -5654.911 3263.469 574.949
        82     83.0 -5683.995 3126.176 575.068
        83     84.0 -5725.735 3260.589 575.191
        84     85.0 -5760.604 3244.896 575.292
        85     86.0 -5709.553 3248.771 575.417
        86     87.0 -5733.253 3125.284 575.540
        87     88.0 -5944.610 3151.484 575.659
        88     89.0 -5716.326 3345.833 575.760
        89     90.0 -5796.208 3239.533 575.874
        90     91.0 -5839.610 3206.223 575.985
        91     92.0 -5878.662 3206.026 576.077
        92     93.0 -5746.020 3292.025 576.146
        93     94.0 -5804.333 3345.228 574.090
        94     95.0 -5839.382 3145.726 574.191
        95     96.0 -5720.295 3161.646 574.289
        96     97.0 -5890.017 3336.803 574.388
        97     98.0 -5790.646 3231.703 574.471
        98     99.0 -5797.589 3256.859 574.557
        99    100.0 -5782.727 3096.378 574.646
